5716
1885
5971
2108
6901
8575
2412
7592
6030
1916
9297
8301
6858
1045
8613
4464
5181
7816
9084
7822
2408
8372
7395
6489
4789
9161
8883
4150
9659
6315
7985
8620
8769
8931
892
7670
3783
9196
4853
6000
7230
661
7748
8209
8712
970
6747
4439
3440
276
5969
2035
6520
5402
1624
909
1887
1760
1317
1658
1823
9570
2933
383
6623
1624
3735
5404
2581
8732
4340
7811
2982
3787
9320
8251
3060
3955
2403
1200
4527
9812
8835
9932
5107
5300
6423
8840
7495
1667
9160
6349
7115
5936
998
4347
6105
9049
4409
3149
5684
5755
8023
4492
7079
4814
9568
6036
1394
1406
9148
5340
8341
6469
7273
2022
7909
6008
8563
1945
5879
1779
8026
1371
8024
3565
4074
9827
6141
7576
5471
3360
2301
6835
2520
81
2187
3672
2365
2763
9325
2139
6379
2382
9159
4196
1221
6159
5250
8261
4692
2741
4305
5294
6752
5374
1642
4048
9279
9196
4160
6795
4955
6807
8426
3578
8276
4088
880
4090
3614
8695
3003
1253
1929
9812
3708
7776
3540
5704
1010
27
2566
6066
3919
8655
6132
7700
7202
5762
8359
7940
9726
9318
3662
3914
3090
3382
1126
9906
16
7317
1653
6733
2082
3135
2948
43
3704
7141
3989
9322
1397
2332
7796
1728
4224
4269
2997
9774
9502
1084
9033
100
56
5628
2886
736
817
8952
9448
5890
2737
9131
3121
4415
2233
2954
9691
730
4453
694
7314
6676
673
4684
5089
7148
762
5687
2593
8933
9708
4040
2138
3814
5226
3357
6413
589
2613
7887
399
4580
354
3429
7023
8174
8510
2480
3315
6718
5215
6091
5503
5618
2993
4276
8055
4409
7563
3675
1311
9215
7940
3528
4974
1516
1079
2030
4746
2468
3014
6198
4394
6654
8758
6206
915
8041
9854
1673
5285
3128
8805
4013
4266
8842
2191
2895
9828
4636
1306
2987
6554
4693
446
9504
846
8697
7272
1716
8029
6743
8751
3266
5066
1815
5821
8421
2552
7977
2287
1130
5012
4414
5994
3438
9564
9976
8870
3318
8982
9402
9724
1098
6257
5504
6970
8492
9119
1158
2342
3436
975
51
9674
2944
7872
6433
9400
9222
9906
3856
8855
8630
463
6229
3705
7999
5318
451
9320
9659
881
2697
8279
8458
9146
4842
1528
9302
4960
4316
5714
3236
5764
8529
8035
6414
7685
8712
8500
764
3264
8205
5767
8186
5379
8671
6317
9889
5373
5667
2812
5950
4710
6613
5691
8928
9197
3206
5179
216
1866
1448
7686
3245
5519
6090
1146
8609
2761
9646
7001
7075
525
1731
3037
1658
2476
8457
4387
6992
7219
2630
2529
2895
209
5661
6302
992
7115
6966
139
4348
3052
9781
4690
5581
1547
8976
4723
5263
9368
3653
4220
9436
9722
8360
2809
8153
7623
7943
2835
5404
6650
4804
2193
2440
8417
3549
548
3599
908
4678
5426
6619
3481
5373
3873
4591
7175
6591
9417
275
8788
8675
6766
2649
5569
3126
1066
58
7826
2592
1244
6768
591
282
6619
5150
7947
485
8964
7755
6076
6464
5580
3793
8261
1064
6762
1939
8103
4124
5768
9212
1733
3132
1519
3185
5433
5722
564
2377
637
4017
6021
7396
9530
5361
1007
7035
9488
8937
6914
6444
4120
7638
1796
9942
3970
9315
9051
5165
7613
5186
5284
9945
3556
512
82
9752
2311
9139
6195
2295
9697
9718
1248
8830
1673
6236
1576
2184
9029
9371
3351
4651
2640
4845
4343
5989
3767
9355
1439
1485
3358
9388
286
5662
9372
5205
8453
5883
6985
6698
6971
720
9201
984
2048
5462
854
6117
6186
3772
1083
5893
1445
4140
811
3904
4663
2007
1445
3113
6130
588
3259
4425
5691
1731
1059
7968
2483
282
8117
950
8215
1118
7867
6581
7011
9749
1117
9362
1021
9292
3580
9649
9959
6378
5258
9226
3359
2501
851
914
5080
308
2434
7705
8988
5025
6150
5509
5530
2309
1406
1197
9911
3320
3502
5599
3303
7880
2297
7846
1705
2242
8537
2516
838
4435
537
2692
8685
1123
5506
289
3510
2503
7261
7818
1182
6730
611
8271
9598
9997
1150
8382
2321
2616
649
6311
5469
2584
5586
1695
3287
9327
9214
3747
9010
2832
5344
7612
9332
5849
5918
4198
826
288
2495
5000
2718
1601
4239
5164
1616
6511
1481
7352
4907
5007
881
9388
2338
1847
3365
4050
777
3144
1543
8127
2325
429
3953
7698
7861
9761
7762
7538
9839
8733
4557
9172
6392
5789
6254
2056
6244
4468
4619
4746
8441
2231
9229
3862
1479
5622
9884
8472
919
5894
3633
9469
263
7075
8250
6303
5638
5203
6826
980
6011
3285
1049
9905
4105
1755
1817
1598
2643
6319
8777
9209
5875
7114
9286
2878
3195
4448
9384
191
1267
4867
291
1703
7116
1814
5034
7681
9223
3667
2090
9698
6138
5587
9312
5975
8582
1861
8665
8224
7232
8215
1249
1590
9474
5036
5729
7537
6098
4743
3165
4384
4308
2768
4751
716
7406
2789
9024
9653
723
3601
1644
8158
4606
1603
8317
7023
3096
2253
5559
8867
2789
7819
4397
3954
6325
4462
3841
7244
4546
9747
4647
3099
3825
3612
4956
3389
7218
6721
7202
9233
5907
9710
314
9579
2871
1881
2375
9128
5327
8839
4650
9251
5055
388
1119
2832
1264
8113
5531
5006
8864
7066
6042
5807
151
6136
1046
6792
5006
1654
442
4945
6175
8964
4808
8054
1351
4087
5187
6751
299
8353
5510
3616
1703
3585
749
114
7579
920
2993
9661
4479
3938
4391
9220
5641
7492
8085
4585
6255
7361
5339
1426
4210
5902
104
120
1895
183
3660
9259
9896
5471
1057
5732
7436
303
8131
4814
568
5088
9173
9745
4577
6812
532
9006
2556
3140
7094
9449
1011
3804
33
7955
1579
1274
9001
4308
7048
3384
5242
8550
9710
2515
8182
9518
7089
1341
2683
4687
3611
99
3646
8790
9216
3867
1250
9790
9666
7247
9962
7530
9584
4647
2503
6355
5094
2563
7619
9562
7121
8661
5064
2534
3363
6144
9519
4155
9735
8644
8102
6726
4706
7687
1058
4443
1206
5812
9081
7566
8008
2455
5646
9665
1600
5291
9277
3276
1728
2715
1542
5330
3608
2255
7132
8931
6773
15
3972
3931
1739
3690
3563
3144
4751
9706
7487
7356
3678
7894
8770
1697
8040
2189
277
6292
1668
8188
8628
5643
8807
3614
8595
9362
6811
1023
3175
3683
6874
9009
1210
668
4847
8547
9541
7412
6995
3485
7115
6680
7504
4330
5659
7530
9247
1672
6730
1926
3085
7903
5101
962
5906
7067
8461
1656
6869
3833
2401
3183
1960
320
8134
6163
8225
8170
4865
4476
2689
427
8816
8030
7402
7423
6474
9281
183
5864
458
8808
9479
5591
4126
1412
6832
1660
8425
6641
5825
7574
159
7088
7484
9922
9227
3739
2750
9648
8214
7602
7033
2926
6067
9542
1337
5921
8515
7685
2540
8893
6602
1954
1157
704
5016
3709
9649
3346
6615
34
3555
4039
6065
1831
6840
7298
4732
7094
4024
7988
740
5777
7907
847
9685
6576
9710
5395
6518
7148
1819
219
9747
3819
6100
6830
9176
3897
2165
2657
4332
4291
9037
7722
8861
317
4620
6396
7723
514
7455
9437
6574
9009
4363
9323
422
5643
4859
1969
6850
6514
4562
8785
4777
966
6924
167
2616
9957
8124
7790
9160
430
3627
824
7670
8742
3069
3334
9605
9554
4725
919
624
4418
4553
7686
4748
8
8370
8905
1339
6868
9478
8173
9927
5253
115
3974
3212
5103
9324
9336
9633
1368
2569
8814
4022
8423
6531
1790
5773
459
5667
5584
7641
9001
3533
6420
2189
1820
6001
2755
7940
1062
4587
5633
1467
5581
7515
9519
1749
5290
3842
5924
6875
1609
7580
2082
8571
7540
9293
7492
8841
5439
8570
809
7908
9804
5440
7367
3210
3158
2198
7935
5831
8625
3073
5779
2947
4428
8739
7297
2175
8444
9700
9382
5238
6550
1791
323
4505
5326
4816
8600
122
5863
2974
3165
8965
5806
4156
4810
9003
2450
6536
9924
3983
7315
5939
1529
986
1279
4499
8123
9856
5898
3965
8780
7085
883
5675
2335
1954
8102
9263
535
8221
8378
3939
3417
500
916
2994
6431
4466
3272
5804
387
7789
7119
4811
1469
672
3628
5481
2710
6241
2131
1610
2463
9787
3780
8644
3609
8622
2539
6622
6797
1770
2378
2697
364
4107
4104
1530
1786
1615
6592
8096
6987
9052
1734
9072
5264
7148
1119
6171
1235
3434
5036
6968
7537
3943
3592
2097
7765
326
6014
5339
1613
6442
1476
7942
8639
6777
2201
1766
3723
4745
6527
2331
7480
6253
203
6676
3586
194
3546
133
3044
6128
619
8468
5407
191
2124
7259
6520
9839
5929
2600
6988
3741
624
7371
2237
2526
3779
508
5405
6512
7444
6033
3223
8939
5187
9305
8056
6067
6573
7698
5500
4258
3672
647
8909
6135
1922
8311
613
4585
6012
7605
8434
5794
3702
9663
5309
310
6438
4390
5067
9498
3031
7143
2047
5373
1812
9373
9426
599
7702
5321
5403
5733
8790
8242
9716
4783
5346
7018
6599
1015
218
5680
2138
6992
4027
5901
2396
9276
1610
2753
9803
7416
5241
144
3185
2324
9165
473
6832
5339
32
612
4680
9993
2425
8438
415
2794
4369
3068
1428
8611
8946
7583
6780
8469
7737
2060
9061
5009
5990
2149
2035
4841
3470
52
1820
8515
1474
9739
5363
9917
2874
9212
325
1228
5822
960
4548
5648
5227
8817
405
7265
1723
8556
7303
3181
304
4616
7290
9374
914
5977
7673
7142
3017
5894
9239
2710
9472
6950
2833
8005
1026
36
9135
8672
6095
4960
5194
93
3696
3181
2200
6425
1621
1560
3227
3561
8929
9116
7613
3692
4617
3695
3046
4003
45
6643
3695
2908
7276
3276
3370
7651
5628
3909
7975
1848
4902
5642
1097
4129
8277
9691
7602
375
7947
9589
1972
7117
66
4274
838
6479
6869
2799
3177
4686
5653
4325
4703
1993
9309
9726
6721
7319
441
6360
8959
9635
4756
9368
43
1539
271
2455
5459
9462
4555
8895
3525
1008
8975
8905
101
479
6912
5045
1912
1217
9213
40
1523
4446
6009
1122
10
3642
1715
6174
565
4477
807
6157
1305
7953
7028
2068
7928
2372
7373
74
9546
4333
7199
7065
4516
1260
3951
4993
4662
9479
1438
1867
8700
7116
5658
3793
5411
104
3507
8802
2067
7632
2736
3285
2426
8692
1707
1429
8319
1336
546
7286
2150
9502
6979
829
4973
709
3447
7877
6277
1942
8134
1660
4409
694
1337
1955
4756
4574
8573
144
475
9493
5792
9319
4137
6158
5493
4704
2520
9584
790
1139
8655
8149
6417
199
8372
8532
5094
7027
3669
3815
7882
136
694
8219
3194
7661
8923
1998
5393
653
3883
9378
2073
6069
8053
7082
1466
894
8724
4866
3636
2252
2307
7679
505
345
2989
5723
2809
386
1107
8271
9787
133
4600
2347
3851
8145
1491
9564
9899
5030
134
1901
9386
6842
7217
5318
9281
7711
830
8726
8746
9316
3071
1424
7039
2709
3906
8740
237
9110
4736
6107
7149
6884
6648
7063
6388
1378
5776
4614
7112
7937
7196
2424
1237
9302
9649
3215
7631
3288
2919
3590
1128
2629
5552
4967
6542
5931
5362
7079
7208
1793
1000
8608
8933
2871
6521
4589
4017
3023
9237
879
8021
522
4791
6347
3774
8592
4483
410
3960
8412
3017
9124
1381
1353
6080
6940
426
2188
1307
1555
9731
1491
9033
904
8750
3055
913
7076
8993
1061
160
8605
3037
7096
3435
2243
2527
3257
8460
836
5047
4535
5183
6676
7839
109
8949
8283
1578
7968
4872
8996
8473
8660
7530
8896
6043
1585
6823
8448
2579
7802
9521
7566
8449
4524
7019
9857
572
1518
3363
7349
4591
2490
6008
9788
4946
582
1731
1993
1228
6983
9475
9641
5398
9536
6048
8322
4838
5020
5191
228
6523
9977
5652
1480
2463
302
287
2319
489
6281
2575
8324
123
9307
307
1843
4715
5427
7624
6657
1009
6902
5241
1897
3649
2954
3072
1085
3705
2932
2882
7345
6018
3191
648
4022
2553
9484
8284
2146
6042
5432
3915
6317
2049
6024
4579
5966
8684
9488
4679
6196
3396
8184
1147
1191
4242
1517
2409
6081
8495
1514
3256
775
6730
9384
664
2555
6095
887
3770
9924
7810
9504
7162
6974
9654
4786
7651
5212
2660
2592
1815
4632
8168
3104
2364
8919
1034
4597
3825
9447
193
9501
7669
8544
1591
682
9962
3780
3113
721
9347
4493
3301
3442
2215
9800
3752
9226
1998
6092
2994
6532
2052
220
9226
6143
9855
9171
3031
6921
3102
2030
3140
1682
3243
3295
7473
8147
308
9966
6606
1686
5007
1718
8813
912
4726
2069
5149
658
9913
9501
8471
8275
637
8802
2392
9050
4657
9018
3063
4632
3656
37
8834
5236
4769
7585
3916
8607
3175
3969
158
5400
2530
4442
2088
9313
526
771
3191
484
928
259
5150
8816
9253
9345
487
711
1188
8474
8607
9497
5938
7723
7994
5233
5591
3407
4387
5018
2267
9630
5282
6409
4818
5809
6705
4634
495
3117
4239
1626
7979
7114
127
9141
9088
3202
2338
2879
2377
1285
190
6315
5725
9765
9569
4559
7755
8045
4085
4311
1682
5954
5365
9620
3821
8328
9838
6582
4067
4318
8282
352
3670
7867
705
7350
836
8554
2575
822
2799
6248
6136
568
3388
8278
4832
3701
19
4893
3498
817
6741
2897
2243
9840
6477
1006
8847
6307
5379
6988
5365
6786
5611
3320
9740
5237
9452
5551
6441
269
394
9563
8396
2347
1276
848
3680
6233
7786
9605
5664
2176
3240
3772
5850
6077
9303
6458
5732
684
7100
3344
6411
1469
617
9103
471
765
4985
9668
4442
1050
6573
8976
4644
9964
6312
3983
6725
7777
8322
5743
188
4391
177
9631
927
6901
11
4598
2590
2491
3143
1992
6084
5094
6711
879
3648
8055
4598
4944
829
6559
767
2739
1862
4238
4853
6207
5280
1219
7305
5443
3729
321
7673
5067
3787
1990
5839
7066
2001
1552
1711
1739
4616
1466
8979
1011
9504
4875
6897
4573
1196
1484
4802
7373
9924
8231
6184
3155
1444
2774
7990
2631
7211
8824
3685
8768
9159
2214
2759
844
7057
219
9319
170
3075
3698
3268
7769
628
1605
3734
8629
8004
3130
1449
8169
8662
2233
5450
8568
3736
5745
9784
177
1060
6124
7217
467
1178
3558
5192
3969
6082
9384
3472
6176
4557
1019
9995
7916
1245
7751
144
7500
2220
8835
2884
28
1720
3691
9667
435
2746
56
8051
1576
9467
2706
5187
9413
2897
1719
6693
8849
6778
4334
3743
901
7134
112
7426
7438
1767
1655
6148
8398
7427
6204
5503
3342
2224
2411
8067
7030
6371
1054
7741
7497
7406
7519
7943
3227
5839
7777
7539
1978
4394
1442
2327
7444
6354
4881
8842
5937
4368
461
3898
6052
9154
3321
9457
2231
1011
521
8018
3188
9367
5269
3673
8292
4007
8460
7437
8973
8210
8750
3916
6873
8199
7143
2857
2463
912
2307
5980
6565
610
5510
8550
2299
2247
810
5911
9006
7986
3432
4011
377
2042
3355
3994
4962
6191
4910
5247
5465
9298
4622
8237
5604
7132
3723
3071
5770
3401
4905
7155
7199
2292
2830
5357
1168
5467
6486
3546
7172
485
6314
2789
6178
3008
6865
5988
6043
4318
7028
2399
3034
7208
8528
8529
5943
5835
758
2058
2548
4514
7534
6601
9325
4832
1997
9608
7559
6934
4553
8176
9858
7189
9014
945
6043
8320
8023
3811
7545
7597
5066
2475
6829
9236
4578
8434
972
1918
8183
8048
2465
2415
7178
457
9974
2784
9805
2243
7397
3360
9223
5430
6269
3554
9921
3369
9085
8081
2519
6524
9221
1565
2766
8
5987
7132
8703
9216
2585
5722
5657
4343
6072
7836
8281
6118
4248
8395
6623
26
254
8456
3662
7874
1717
4315
7477
9611
3838
4561
2302
5700
7627
4343
7706
9812
5875
2956
3768
36
5417
715
4577
6473
6918
9945
1643
8925
3361
783
3159
7172
3168
2699
8175
5143
4399
7671
1372
9968
7993
5373
2647
6163
795
1176
682
2030
1547
8458
6753
2148
7919
163
1490
6790
9381
7682
2974
6632
9857
3037
9339
4651
4486
7673
9034
4402
9555
1326
9674
7272
5732
2815
1095
1015
5109
3146
86
4258
1015
4401
8009
1463
19
3252
1100
5076
312
674
8771
7825
849
6081
7646
8539
3391
9903
3561
5755
7718
525
4907
1631
9529
5875
4773
4105
4616
7234
4950
9174
2277
2232
6714
2565
2727
8830
4376
1361
668
403
481
9229
3422
2282
907
8380
3099
6948
4776
2873
8130
235
3768
1600
6489
8570
149
1496
3152
2222
5841
4423
7215
1947
2339
9026
2095
8943
1534
6489
4191
4144
6054
5287
7859
4889
102
2101
8034
9407
647
119
2479
3681
5768
6726
1815
7815
683
254
7437
1793
1710
7859
5805
1100
8015
6744
5415
4884
3203
1150
151
264
5667
9119
744
7041
5893
9440
5756
1009
2025
442
906
9841
4785
6751
93
6920
1272
2619
2673
1885
9473
8831
4671
5694
7039
9773
4749
9117
2583
3089
6718
6042
7241
2596
9986
8620
5729
7161
1561
7463
4274
1531
2928
8975
6030
8025
3596
9309
6806
6355
1173
4641
8145
5358
6181
5698
792
688
2529
2063
4208
9334
8873
3028
7540
1910
9428
1816
3253
3362
258
6282
9951
5945
6346
7317
864
1024
4014
9833
2531
3593
4319
2697
7010
3278
5940
3163
4428
5545
5696
6444
6830
151
9181
2818
1827
2444
6728
2072
6196
4056
7348
435
1853
2757
7013
6436
5630
7716
3706
2121
7796
2831
2350
9334
8308
3612
1803
8457
3709
6696
1951
6839
9985
8962
6185
1185
3677
7678
4222
336
8732
6188
2933
3887
9710
6641
4392
5946
6148
2509
3614
6643
2871
5161
4942
7419
7488
1112
5918
9762
9637
6511
873
7284
5080
5115
9738
8270
1846
5333
2973
574
3757
9563
8028
2414
909
2181
8665
7753
7703
8492
1075
9228
344
8712
8643
115
196
3704
4654
4628
8565
5055
2098
3871
6582
1875
5064
7738
7561
3916
1809
9211
213
4698
8261
1083
4747
8609
4237
8040
5513
6617
9445
9664
9990
9768
996
1786
4147
688
134
743
8915
7937
9665
7810
6670
907
2451
6022
2690
8697
1581
6120
5094
6107
7822
2920
6230
9983
631
1608
6416
6495
5766
5747
9966
2256
9999
1524
8652
6820
2479
3376
9453
8463
2085
1814
9296
4933
843
1914
4772
1343
5015
931
6579
9170
8048
7724
8290
7686
7573
5696
2260
8400
7403
409
1056
1829
8784
981
2805
3040
3885
7335
2335
1344
3820
4765
606
8198
2161
5672
9515
8947
3810
6362
5503
8853
4112
8491
7501
5454
6837
9931
2288
4331
1105
3201
7635
947
5668
3287
5685
6318
5521
7519
4883
6875
1054
1029
4654
3297
1153
7119
6254
4148
9547
5777
1251
2965
3183
1843
5555
3592
4626
1516
8556
4073
4214
4732
9472
8906
1257
6180
7825
973
6490
1373
1659
728
9402
325
3897
4336
4144
6701
1803
4676
6294
6256
288
4299
6889
1635
1074
3608
5596
4322
384
7099
1590
2970
6745
4293
4019
3833
4973
7365
4392
2512
851
4138
4598
3936
4085
1783
5160
9043
2344
9704
5459
9842
3152
3003
4462
5523
3432
5527
3614
4108
587
6094
924
5514
1105
5936
4544
2382
427
6518
6469
5288
6898
4986
8100
9802
3967
4815
9858
8608
9608
3305
8802
922
9867
3594
242
4307
3610
520
1725
8777
4781
8730
3450
1985
3741
9952
2231
4051
5601
4470
7058
4520
1845
2368
600
4832
4110
3085
7170
8337
7143
7745
6494
8337
6579
9654
2127
1861
8922
7438
3442
6393
746
6033
4857
4146
9344
7924
4594
7977
6199
8788
7565
1772
9809
7827
4682
8203
740
8045
3458
1533
7955
4706
2191
214
3375
6021
5277
9237
2843
2120
7058
5934
7879
2731
3311
4447
1626
6517
5210
291
6593
2032
7503
596
2383
809
1347
2090
1362
8204
5577
9166
5717
1282
1887
7671
1939
5107
8728
8857
3973
6875
2885
835
175
6407
5068
5325
7393
8817
8460
6314
1057
8217
109
5687
7081
6120
9512
8342
9330
9134
1713
1374
9680
5631
9786
3333
6816
7444
4360
2438
8080
4982
7973
2011
6919
7698
2845
9148
3771
8062
1462
1670
908
3882
7010
3205
8208
2497
916
335
1046
4259
1820
1409
7464
3921
7639
1861
6880
4589
3991
6129
2378
5631
5886
1370
9626
1937
1596
1981
8557
616
1744
7128
571
4830
8731
9525
1581
5411
6176
8743
1450
42
9149
9598
4675
1505
2545
8830
351
9354
3393
2974
140
9722
9581
6561
5894
6899
4156
5971
9843
662
4034
2862
9151
5329
4939
5350
8059
864
4915
4472
9137
7310
9971
4675
1523
1624
1966
9003
4410
8936
1970
8718
3650
1058
4326
9146
9007
8651
6010
3522
6940
968
3863
7094
9334
5553
1840
924
5546
248
9400
4899
6310
3772
9130
956
3173
6311
8889
8057
1239
6119
1880
1660
1747
2878
626
6363
8674
8103
3474
1046
7333
8550
6082
5058
1837
6206
3991
8728
5480
11
4003
2833
8896
6386
508
3113
1519
3419
1321
7721
2335
1350
8785
504
7253
9316
8635
764
384
9348
3372
4916
6124
7435
4172
8350
1088
8811
3819
7346
2556
5773
923
1776
8563
8482
901
9076
6510
9797
6210
9350
946
572
4982
4017
5380
3240
2997
9866
877
4590
9746
5138
6624
4759
2517
2855
3922
4959
4709
7744
9751
5681
8519
7605
5869
3981
6988
2853
952
822
9444
1558
1612
7770
2273
7142
5761
3389
4623
982
8578
2970
7112
2187
2727
7257
9495
3173
78
3737
6923
2751
7274
7634
1320
6363
8393
4917
3742
4079
9651
711
5572
2778
5899
3777
4705
8226
5828
3139
6160
3419
5547
8082
7699
3492
2658
6204
227
8388
3926
1018
3646
8784
5584
3161
3227
8703
9912
8449
6863
3674
3578
5832
6941
551
9064
1526
4904
1450
7517
221
1108
3549
6921
7055
8902
3829
6291
6143
2456
7369
2069
7104
6969
6197
9366
6985
5922
5595
6702
2734
8315
8998
8658
7663
3001
130
9682
8854
7124
9642
1052
5193
1085
205
9695
1099
6587
1502
7540
8010
816
8339
5911
1188
3550
7944
4970
597
8595
4757
6912
1827
5138
5840
3140
5217
8184
8753
8201
5865
983
3631
4799
8979
1522
8889
588
6792
1906
171
6292
6219
201
4526
3317
770
7476
3724
86
6601
7134
699
6091
5781
127
2188
3548
6037
7674
3931
5592
7863
8713
1558
6273
4526
8903
4373
1529
4686
307
774
4615
5766
5734
5295
1807
8322
5882
5205
8494
7282
1620
6340
7006
4318
6222
4366
5355
8300
9448
7901
7362
7984
6457
4646
6116
1416
6817
5048
4080
2623
6064
5684
7499
8623
9225
420
4100
4475
4577
8137
3373
7773
8952
8865
3864
7132
7757
6447
8569
1628
7468
801
9194
5124
2727
4275
1074
4125
2135
9598
2063
7026
4177
248
2132
1312
3078
4849
839
7970
8395
8081
6492
6896
2070
2496
4368
4380
9945
8747
9864
9693
494
2082
212
3009
267
6813
1956
1769
2947
2712
274
2040
702
327
4085
1048
1599
1805
473
283
3015
8907
4719
622
4766
87
208
7040
1015
4339
8246
8653
6468
2649
2406
2215
1243
1205
106
3463
2716
2971
1538
4832
9074
1831
2480
3527
7188
94
3647
8456
6023
3447
5241
1530
8916
5156
2589
9351
225
8902
283
1655
6715
3551
8188
2487
9575
9
2069
9662
9651
5805
4914
124
4377
6390
1267
9485
9889
9145
5711
3643
4259
6554
8755
9357
5725
2745
6567
8512
7785
7321
1739
1286
3371
2528
7061
159
95
202
2231
6028
8551
6370
6326
5597
4846
7664
5514
1482
3774
8596
2664
8469
5691
5738
7154
6024
6361
6137
2426
7973
239
478
3038
9976
6790
2715
2537
9352
5096
5184
5899
8541
3395
7692
2829
4551
723
122
3698
3938
3152
9836
431
3775
8103
594
4090
6166
1752
8780
4769
8942
7448
3525
977
6003
8841
9678
4126
7256
3902
6982
4202
9802
2150
1096
3583
1951
6642
160
9575
7067
7800
5220
2700
2284
8975
5511
4076
7180
6379
8898
4395
3164
62
5566
9670
657
4874
654
789
5952
385
621
9410
8204
7156
9008
9683
3111
2432
2382
4311
8019
414
8385
3733
570
966
4674
674
1606
2627
8704
9156
7628
1149
5620
3299
1836
7107
7083
4843
6080
5387
4980
3436
6453
691
5963
3140
2015
3827
6573
1149
9625
6413
7105
1344
9590
8621
895
4184
7573
890
403
8286
1173
5744
8500
8105
6738
19
6806
4141
8072
8055
5347
5964
2004
2312
4585
9651
4167
5044
3273
8702
4364
5655
1011
4308
9184
4043
9768
4564
3693
7922
730
7393
6462
5586
6833
3243
4557
3196
4650
537
6341
5102
5912
56
4378
302
7292
6209
3161
1151
174
1153
2658
82
273
875
2966
5889
3070
6089
3732
1445
1404
4342
7214
4257
2639
4462
4609
5205
9906
164
2791
7939
7916
706
6350
7828
3020
2721
106
6989
4114
5868
8434
2296
1278
9689
7122
3333
7568
7596
9817
5927
5551
185
2426
2681
1058
1587
855
6032
55
7856
1383
7885
8882
2860
3543
9533
8244
7725
7452
3058
1459
6125
5254
6577
1743
3440
9777
6848
5519
4898
5200
5997
4586
4104
2841
6580
8198
7700
4576
8623
3588
1905
3216
6484
5338
9271
9985
1234
547
6921
9790
3631
7189
4149
3035
3087
2143
4232
202
4745
3591
8023
7604
4715
9090
4940
7345
6466
6870
3071
9388
4458
419
3613
4927
2811
2739
3504
7383
6185
6676
5076
5712
4510
9832
9379
2450
4435
5162
9588
5732
372
450
4331
8322
5025
1895
634
6774
1394
7343
2073
6095
401
9294
6372
8929
7191
2707
1942
8926
6587
4845
5571
7127
5717
9516
1347
8813
5548
3387
7156
6284
8771
2400
8110
7257
5802
331
4405
546
9679
4479
5691
7717
9016
3267
8237
7715
155
8318
9478
6693
4832
1538
1701
7891
3391
3961
7298
688
4217
6491
4050
1748
3634
6057
3424
8844
7677
6611
7960
7830
8463
6968
6659
7189
8131
2936
6050
3815
7701
9106
1495
8269
9814
7559
8688
9530
7727
2584
5623
268
279
8669
8996
6047
747
8942
4029
9297
524
8997
2951
3074
1673
2316
1765
1537
615
7661
4279
5297
553
4459
6418
6771
1628
1139
416
5862
3268
2863
2578
7792
3536
7305
7113
3281
6081
8648
4379
7328
8911
776
1324
4405
2797
989
3319
6328
8821
9972
8122
131
4482
4568
5650
2289
4797
8072
4931
6682
3667
4130
6177
5798
4286
2378
6045
2901
7661
7530
6802
1439
4803
7264
7005
2216
3674
9971
5565
3056
3520
1367
3797
1270
152
8606
7454
3177
8365
9913
2372
9853
6919
7185
7649
4773
6332
2312
2352
2053
8067
765
2155
68
1331
2857
1270
6769
9973
1470
1362
1042
4996
8687
1514
3943
5759
700
3403
4805
5113
951
6127
7461
5936
6371
4595
6650
9553
9334
4639
6554
2449
300
97
5929
1061
5129
7283
2542
2083
172
4008
7632
8654
5271
8260
7902
6322
4347
1632
4419
306
9045
2762
8501
1925
543
216
4716
2314
5914
6067
668
2634
6207
1934
8237
4849
2764
8269
3897
4134
4595
726
8975
9810
8409
156
2322
7077
1365
7466
1430
932
7880
7579
9599
8332
8934
5786
4066
4026
7284
5405
5901
4555
3737
3231
7341
6731
9807
8818
7684
3665
8932
1227
813
1601
9413
4238
5223
4370
2767
6497
273
1984
9907
8996
2152
9663
5798
2424
4911
909
86
2699
7182
4481
2953
