9236
7512
3631
1826
6070
9736
6331
4801
5849
4126
4407
4162
3251
2889
139
9855
8174
3903
4331
7324
3339
8756
7579
8040
8802
9357
8807
4610
4154
6180
6741
3946
4043
5136
7785
2508
3215
8148
9538
5904
1804
8106
429
4379
4469
7027
8750
5030
8521
8437
2294
2740
6249
9408
9911
6249
3948
6444
6968
2469
6549
4059
2590
1838
7083
7449
2446
9766
4473
5865
5034
5150
9601
7003
1188
7268
4324
4137
9846
1609
3908
7177
602
2149
94
2394
7520
6746
8802
5651
5600
73
6530
6930
2945
9184
3906
7461
8268
4123
7371
7538
3937
8418
8868
6759
6130
137
6203
5786
3337
169
2343
7157
8375
3443
1770
5615
7272
4812
158
1906
2200
514
9196
9891
3715
7906
1921
9319
3747
7746
1477
7166
3839
2998
1046
5017
220
9807
1073
1561
3831
8223
604
8024
6292
5505
4814
6448
4891
9462
9263
5092
5950
9445
1098
4938
5786
3413
4544
382
3834
4440
2216
297
6956
5525
874
1475
1080
2767
6984
600
5630
5335
9000
311
9445
4594
271
4786
5116
3484
7171
5270
1803
8647
7428
1101
7140
9151
8318
8661
9267
183
3472
8874
2592
3753
957
4081
8476
2934
3358
6441
758
254
7271
2532
5295
3680
9235
3624
5293
1851
8687
804
5443
3688
6323
1440
8840
5733
8614
6535
307
5098
7020
477
172
5243
5694
1448
8756
3189
562
6850
497
9514
7786
5311
115
4958
2050
3634
4951
5215
9167
2559
8170
6307
9220
3904
5333
7964
506
2146
8793
6470
1761
330
9498
4006
4310
492
6405
4454
6140
1544
2664
1612
6463
2965
2006
3150
4241
8970
8042
8119
832
2614
4512
1388
4644
1603
8429
5372
536
2996
3040
3012
5602
1401
397
7126
42
479
9194
5954
6528
8994
9094
4403
3963
3248
5446
420
1137
6837
1481
1168
4206
2963
6319
6654
1598
4581
8300
6205
5037
5576
5138
3397
905
810
8342
2369
4612
1010
2068
1944
4082
3568
6603
7674
1188
6187
429
522
3587
5090
9495
9603
2375
707
1029
2922
5876
3451
6978
7301
3769
964
5307
3460
750
4901
5254
2195
5520
2600
2654
396
7367
9815
5831
7231
5404
777
5421
5405
7035
9190
2400
6631
8849
3840
3707
2780
6416
1291
6130
8677
6851
4174
4717
1482
2159
3557
6286
4095
9864
3577
5640
1697
9606
437
7258
602
7704
1052
219
4386
6251
8973
4370
181
1847
5657
9637
1808
4306
6240
6593
6808
6000
8709
3408
7638
4324
6781
8152
8416
9669
1367
2633
2340
6192
2081
9326
5214
4068
7540
9832
9920
3440
9100
9132
3027
8565
6663
9426
5168
4929
8339
334
5820
3191
3902
2640
9345
4036
3408
2268
8522
6336
8826
4758
8692
1617
4765
6950
6904
8418
7608
5216
869
2891
1539
5653
6371
9259
6408
7755
342
988
4265
7082
9170
9254
8778
9346
5239
9981
3186
8444
3221
5563
9367
3632
2326
7352
1002
8359
1748
8500
8808
8381
8366
8699
576
6164
1903
9682
4476
8631
9404
8445
9767
3553
5499
466
6070
5327
2863
5940
108
6455
7554
472
1390
2103
2632
4370
4856
4124
5726
6865
6189
1566
4668
131
5419
148
592
8766
2978
5935
8838
331
2667
2372
6718
305
8312
9028
15
4038
7963
8177
4338
6696
3617
8681
9073
6641
8855
5931
8060
8360
9616
2894
507
2374
7591
3986
2452
4186
4952
9367
5446
202
9102
6230
3778
1929
3926
6511
3337
3006
5293
9565
3170
9720
6165
634
3246
8324
1918
4815
3778
9045
4199
9889
2366
44
7684
5937
7829
6783
5653
8230
2162
4914
5280
5312
1722
7703
4160
5763
2036
6604
8261
9866
3960
5689
8494
8300
7120
1239
1515
2790
1573
8036
1076
6185
9041
8792
2870
4374
2126
2277
9576
890
8219
9862
1506
4439
4583
8406
5886
1086
8300
4142
7598
2928
6915
7977
6799
2074
6281
1284
11
7481
1164
9597
6675
8487
2894
6952
4455
5926
5113
4682
989
9401
9965
9656
5878
9576
6672
1950
2030
5873
4043
8524
8331
6322
5251
3414
8239
6575
2711
4978
7856
8879
7076
5275
7675
7982
6210
4284
8893
5569
1106
1242
2428
4824
9151
3624
6019
1099
8248
2949
7421
3418
3718
6931
9434
8363
2070
787
2628
5810
2228
3760
4361
8247
3313
4945
998
5479
5198
5669
6000
8457
1158
931
8259
9248
2127
8369
4026
2512
9461
9163
8084
878
7118
1483
272
1567
7759
8268
7198
7258
4818
7816
9200
4306
9778
3868
1982
1508
2470
7760
6029
1906
2403
3390
5526
8468
9342
3062
3602
2000
4114
1035
6080
2730
1701
9197
4237
6311
6662
2806
9822
9588
1456
749
2086
4631
1190
7396
6527
3696
9282
24
4483
1422
8610
8095
1112
9142
3470
9055
1495
4781
5961
1267
151
5533
4577
8803
3589
1861
2874
3380
8686
5836
8730
5734
9914
5635
7283
7687
6474
5451
7239
5131
4600
6957
3857
7619
5892
204
319
2317
1386
1987
2886
2929
5909
7211
9513
2757
8389
3054
2411
1920
1477
2697
7577
113
2373
5473
3513
9897
6462
1354
9711
1360
5349
6753
5289
6393
8686
9466
80
5170
3986
5984
7926
5740
7120
8144
8132
2215
3648
3505
5101
1973
162
8486
5263
8239
4277
2332
3526
2493
7742
9396
2584
9672
6150
9565
1875
7792
2977
2201
7494
310
9189
2142
8195
5203
6410
7259
5538
951
4158
8724
4698
3348
169
7123
9025
4495
652
7806
2987
7061
5051
2142
442
8669
1365
9680
166
6388
1207
7384
5863
6766
2789
2124
2536
7958
3114
2352
8674
5087
6644
9108
3508
2937
4542
4836
4962
994
8593
8852
2610
9077
3801
8605
8600
4292
1205
722
7710
9888
1536
2075
7286
3984
2034
7694
1278
1768
5282
9092
2862
3656
8491
6077
3997
3542
3754
8956
4589
757
8985
891
5673
7696
4529
1176
1140
1433
4479
3648
6471
303
9045
236
2782
8623
5597
425
2420
7351
2101
8360
8869
9726
6844
7557
3912
2617
150
7812
1273
9552
7982
7704
4776
5817
2187
7673
3406
5641
3559
5071
9085
8517
540
2156
1597
9905
3985
3311
678
3265
2637
2659
4558
9577
3847
4716
916
9389
6515
4362
1513
9363
4971
4226
879
268
6211
7377
3540
213
474
4211
8848
8674
6539
652
6013
5362
864
4808
5696
9658
2848
1978
6295
7165
8458
6223
2925
3580
2844
4225
7777
7493
2510
5049
6613
127
4400
8869
1680
7759
6903
1376
851
8936
4794
6368
5856
3084
6084
6560
1241
8222
1252
8347
2703
6544
194
389
9926
2856
9288
7025
4918
8235
1302
837
688
6158
3644
8562
9161
2850
6901
4631
1822
2684
4377
8129
4941
2232
4169
1437
2289
7187
173
3696
9504
5968
2638
337
1396
7654
5593
8333
2820
9617
8279
7229
917
3602
802
9394
4153
8601
5008
3775
3
9750
9396
8285
5774
3177
9205
9775
4094
4829
6073
2173
3912
9674
3612
4971
1417
6406
6040
9588
5925
4207
6076
75
7525
5769
5004
2373
3713
1312
4978
4190
7867
1918
7861
4329
9985
8932
309
1271
906
2079
8091
8207
9284
1646
5322
6145
7544
6917
9057
3027
9179
6940
7409
5924
1746
6356
7068
17
945
2264
7891
9931
9673
1
1420
4692
2280
1216
6678
4304
3572
6298
2051
1500
4046
3352
4356
3757
9010
8298
1527
2165
1467
8522
3648
8055
2676
8552
7626
9423
7393
2151
2627
5009
9260
1889
8667
1341
9600
6765
5801
6835
7446
9288
4067
907
3098
5952
2416
724
2905
1540
4564
9293
8677
5400
9450
1073
17
1546
7940
9369
4600
8813
3718
4889
7486
5721
3086
9564
9868
5315
4428
2121
1982
8852
6911
3197
5765
7259
5208
5982
6260
6613
7116
7567
9731
171
7454
4952
1642
7223
5331
9545
9025
5245
6240
9103
1991
9398
3228
9070
3875
7681
4285
2662
5211
4212
8702
7634
9126
4138
9770
7288
2722
5174
9352
8654
8138
7724
9693
3603
9452
2922
2591
1422
1127
4857
9226
1641
5812
4731
3132
8364
487
463
7626
8947
9324
9848
2493
1102
606
4248
7458
2531
8249
3906
3571
8852
5109
7684
2821
9123
4415
739
1105
1197
9427
6302
1683
3039
4456
6273
8784
3982
5733
4884
5140
9986
6040
5227
5633
5030
4072
7597
7212
6124
4513
7247
3419
9999
5401
131
9872
8115
5093
5837
8207
2085
4606
8136
185
3767
5699
9920
5979
7256
1048
8173
1290
1402
4555
1839
3856
6399
9514
5954
428
9172
1106
6913
2025
6808
7994
842
3925
7088
1099
6261
2434
1790
5809
8132
1873
1029
5699
1198
7703
6387
8740
8067
6937
6374
285
8818
9126
5521
8145
3910
9084
7646
9109
2747
900
8263
1616
312
5630
1367
9217
9724
2086
4083
504
4709
871
4381
7224
3742
9870
141
3764
1559
9756
1686
384
3907
9467
9134
2225
8177
3880
823
4102
6169
1908
103
2367
2380
983
943
1796
9523
1365
7863
8995
8489
6643
7741
3287
9207
5616
874
3016
2359
9357
7094
8767
9923
8022
928
8262
9774
4454
4310
9172
8313
8008
4740
5915
7056
1226
7099
648
8647
1496
2867
4975
4264
1608
6125
3728
2100
7440
7420
3775
9837
4905
2406
1289
5825
2772
2617
9821
4668
9461
2408
726
4242
3895
9605
2858
4113
3069
2784
5484
4104
1756
9492
4174
9719
1020
3228
5217
7591
4986
4183
2903
2838
8395
6158
9840
1848
6110
9425
8302
3419
6439
2525
8642
4312
4847
4297
5892
1124
7485
5946
9909
7456
2791
1610
8926
351
1256
487
9964
8349
7530
1094
6210
8604
5994
1360
1850
5395
1096
8679
1412
7831
3968
1447
5998
4493
3835
5571
8118
8947
9930
957
138
7874
2280
8273
4234
1202
7893
2101
5387
4885
4724
3646
2752
7930
3831
4249
6740
2453
7985
3365
7188
7449
5172
1053
7774
8819
3651
1832
6279
6613
2844
1977
1866
8985
7125
2575
4377
2598
8187
7235
7533
1888
3552
9791
4281
2219
2474
5004
9629
511
6719
9034
7727
4134
8791
5941
7570
9234
5772
4141
9772
5272
422
7444
3392
5859
4418
7614
8040
4712
483
1807
533
8235
5181
2608
1403
4670
8358
8505
5737
8696
8084
7096
5459
2823
2437
4570
5198
7048
2147
1648
6512
3660
6226
6180
9692
4072
2242
6328
5958
8661
3532
7473
1904
9840
1410
4427
1175
4824
2133
3068
5321
8648
6577
6490
4032
9027
4076
6006
7501
2046
632
1697
5951
3776
8495
2663
7344
1365
2145
3294
8592
1265
3561
8792
6580
8668
2433
64
8277
6797
6074
2763
9487
3288
9864
7231
2805
732
6827
8496
2004
1258
5675
1558
8914
5024
445
4749
9544
4345
3073
8156
8356
3771
7565
3307
1060
4575
9677
360
5688
6252
7682
4081
7314
8529
6804
4592
6934
6869
2591
5952
6853
2981
3339
9675
6798
4854
2799
206
2578
3306
9660
2704
7445
3725
4168
2291
6795
4747
2835
9042
804
8798
8105
7017
125
9362
1000
7765
4152
5753
8393
567
9149
6318
7871
6765
8212
6256
4949
1068
13
4383
4687
7043
9825
5315
9210
7485
6611
8270
9959
7527
4046
5754
8530
4782
3567
8198
9254
5265
7996
3852
5291
3307
6993
996
3508
7079
408
5073
4292
5637
6230
1677
9910
2266
9671
539
2473
5612
530
3425
1008
7858
7672
6418
7848
3551
9318
3636
8636
2412
7993
5436
71
5443
264
3473
7493
7307
516
5625
8935
7743
4870
7560
5656
6253
4502
3114
7167
7058
5215
2974
6826
5065
8168
1703
6791
7448
7868
4955
4953
912
3226
6616
9346
3193
6435
5723
9958
7894
5294
4369
9358
7257
3076
5503
34
8747
4312
409
4917
6525
8538
8199
1973
7691
6102
1806
1522
1635
6179
3363
4995
1178
8027
6961
3792
9397
8457
9041
5125
7330
2744
3235
8208
8830
7621
7459
9111
2928
3649
7906
8723
7108
3791
467
9314
4975
2299
7964
8898
5612
8059
7686
5753
3116
7909
7422
9443
7409
5853
2012
1809
3785
5235
724
1357
9534
9068
9180
1693
9354
610
2554
4261
8778
2440
6177
3382
6811
9984
9648
8752
7246
9778
9956
2707
3546
8723
7722
204
9701
4263
1361
167
4967
3151
6478
6256
3167
8335
8418
686
2907
9518
323
8325
748
9600
160
3330
38
5878
5882
8851
5161
210
7314
5363
8588
6174
7737
7199
8305
947
9139
6291
9909
6825
7881
1337
5040
9521
1628
7670
352
1938
9423
6009
9803
2112
5499
4977
4004
3043
6842
8553
5977
5006
6038
2426
5214
3948
9447
2534
2612
2398
8520
2541
6528
2768
6393
5123
2566
858
4935
4481
9034
9061
1551
5724
8869
8451
4491
6625
7381
5037
1338
8570
5220
7992
9712
6626
7457
748
8712
4534
4196
300
2758
2464
1235
440
3982
2749
2937
5535
7514
2106
9884
2825
8043
9269
6196
2000
3470
8448
7393
6212
7512
5288
7888
6207
4344
355
6296
4584
6821
1962
5854
3773
7687
8085
1236
340
4009
7579
9352
2242
7277
9201
6564
8893
7753
2325
2483
6061
5577
6391
9381
9171
9188
5673
4516
5801
9576
5162
327
9993
7831
1729
6293
7002
2819
8676
2824
1014
4536
6158
7358
8269
4730
3147
278
9274
7133
9611
1601
732
1992
2806
8690
1750
776
2383
9294
2891
740
6225
4328
2763
3637
4437
6544
5128
7569
3504
6842
3826
9464
4570
5363
242
4971
4023
2844
9271
9553
4357
7394
3963
9040
4749
7450
7181
9328
795
8545
8184
5657
541
9703
4360
6291
5562
7054
5249
3818
4724
318
5763
5964
1519
3681
6680
1829
3959
9934
3378
1064
1741
1699
3662
4010
6932
7210
6599
7333
2890
8397
961
5901
8408
5645
8992
335
1340
1996
6596
3186
244
2345
8767
1305
347
4772
3141
2612
7140
78
735
1199
5340
4551
746
4355
1075
9469
8690
7774
9619
7773
9446
7882
2695
7004
3587
2448
8266
8572
4642
1832
4331
5436
6335
2646
6246
1040
5611
4287
6704
6838
3508
3161
4300
2926
7023
9427
9845
2839
1830
8823
2042
1667
6793
5942
2577
7198
5222
8267
6426
2890
9648
6096
1257
3886
6311
8979
8316
4026
1258
1972
5601
265
8927
6195
4242
5494
1877
2685
9389
9986
3036
646
147
9881
3624
6077
7672
2966
844
2243
5433
7272
8829
8505
5947
7924
1190
7053
1579
9598
3177
8544
1784
5842
4710
2401
6600
272
435
2198
701
9521
5102
2189
72
5958
3020
324
7575
9367
6463
9561
1866
545
478
367
9337
1757
4394
7329
385
2725
7075
7556
5270
129
7860
7685
6091
2893
8255
6218
5641
4228
2961
4792
8862
8275
3427
5511
5169
6282
3929
1894
4109
8581
8663
8504
800
3884
8793
1998
3953
3801
3910
4053
4363
3453
9270
519
879
3174
2931
3253
3690
727
4480
679
6134
2247
6868
3018
750
6551
3730
3262
5090
9150
8068
7992
3
6744
1703
4389
892
4740
7591
4775
8742
5259
6809
4671
4641
1066
1063
6005
5770
507
8823
435
1069
1753
1201
8357
6824
6582
2893
6387
6559
9200
8164
7200
9142
70
4894
9475
5160
7870
8657
1532
4516
4229
6506
8957
4074
4321
2920
1248
5440
7746
2489
2263
6937
6885
2179
7967
4096
387
8353
7795
4399
1058
4527
223
5601
1325
3017
8299
304
2847
9324
8888
793
7859
7081
7088
973
4957
299
1931
2724
3705
6159
172
6553
9724
9611
8202
3588
635
4054
8027
289
1283
5354
2956
5419
5057
8142
6732
3158
6887
4722
5326
2779
1812
3538
4851
1527
6362
6667
4579
8740
5170
1970
9638
9902
207
2802
5782
6666
3437
1755
4154
121
4055
4886
2521
6913
37
5846
3358
1681
4484
8541
4177
795
6489
3517
4731
1137
2035
1313
9861
2252
1978
3639
1503
3690
3862
9401
4731
8801
8604
44
5719
7907
2880
661
9632
8489
9222
7557
8545
1614
9128
5813
5051
9847
9925
5858
8209
8104
9508
8726
247
4689
1015
5445
6697
206
5869
6189
7338
4486
240
4863
1260
782
8049
1053
8765
9804
828
3494
5196
9648
231
5629
4287
6354
8485
7753
8704
7644
9834
9846
8915
1524
5818
886
2866
701
3421
8494
8875
9118
6170
5799
4658
2925
6618
5245
7220
8960
2112
4465
3544
5089
6483
2678
7229
5510
764
9744
4292
4822
3763
8633
7026
9913
9098
7780
6194
2672
8822
2731
1609
6928
775
7002
1377
5718
5327
4711
1439
3983
7824
2422
1314
5745
7591
601
7780
1965
3674
1271
389
9157
712
4080
2608
6369
1347
5088
2270
8742
3439
9710
7985
7593
2156
4751
7912
8920
7804
5643
3583
9573
9140
1116
3305
9382
6695
1381
774
1819
3255
7821
7678
7365
6995
6605
2217
2183
6904
1293
3138
3671
3413
4026
8681
9151
4326
9242
2988
4340
5361
9446
2828
4642
8613
9944
5371
4107
2156
8314
4604
4558
1078
1769
9164
3753
6132
6732
5410
8269
354
5168
7014
9463
8513
1003
5806
4458
1199
2693
9619
3221
7604
1254
2041
4891
7610
1210
8072
9096
4380
4741
9007
7603
1342
9864
9677
8094
7033
8248
2497
5575
2330
4964
8721
4007
1723
8935
722
4854
5072
916
8283
6440
764
1539
8365
332
6276
3490
2099
3612
9464
2556
6751
3082
1490
8125
9895
2707
1881
8597
6995
8152
2506
3821
9170
8358
6674
5791
5709
1251
4872
1850
1693
698
9134
4725
9840
4749
6260
0
4687
8695
1604
3386
9153
1020
4909
2968
9338
685
117
1972
6598
5106
5106
8089
4150
8064
1899
1812
5034
8362
1408
2863
459
7813
5202
1914
1595
4158
3845
230
2399
521
5336
2580
5672
7882
3883
3908
7278
7440
604
9909
7920
136
6150
324
3196
3253
537
6918
1779
1144
3044
1246
1268
8830
5283
4953
3065
873
6186
3558
4410
7752
3307
8159
2915
7151
4323
2744
5651
9374
8621
1944
1369
320
6257
5812
6231
3654
2438
6792
2559
2941
5713
5717
3824
595
8044
118
4959
4782
2509
7775
1759
9160
8805
5135
1510
9727
2472
9688
2527
8994
2265
2409
3497
3849
7448
6697
4941
2171
4960
3126
7499
8931
7602
4190
4896
4628
4379
7819
65
4442
5346
2015
7179
1586
6706
162
8205
2670
1057
3976
6281
2495
9270
2807
3232
997
8217
7910
3470
6421
8208
1028
9173
6579
5976
5484
4993
6102
2885
9874
6673
5780
529
8302
1023
3346
430
4518
3692
8459
9235
6061
3221
8485
6289
3668
9633
3212
5121
3300
4909
8309
4657
4178
5128
7560
9357
9659
5520
9510
3449
9699
7341
571
7456
3855
323
9615
518
316
4447
296
4847
7099
3847
7451
8135
571
9447
8370
1713
5376
47
7013
6174
6880
1290
3393
6970
701
6244
8411
1241
7302
6388
2507
1398
8514
4292
8409
1539
9028
9306
1556
3456
9682
447
1176
9741
1999
3046
6751
2365
2335
2446
5522
1337
7326
902
7287
2714
3354
2478
8938
762
6940
690
9964
1987
6171
8257
6003
8005
8538
4276
4338
4476
7106
1112
8749
8064
1025
2682
6635
734
6975
4655
6082
433
7359
8313
9878
6097
2795
2859
6734
5029
3185
9989
6740
5242
4143
907
6418
1760
2901
9956
506
4340
3199
8200
9145
4050
1090
9862
2924
2690
9031
1259
2557
3918
7770
6157
3349
4984
247
6502
5507
2176
3911
8450
9783
1699
2694
5071
5480
3622
8709
4063
839
9314
1869
5182
1925
3172
6478
8913
771
9124
2631
5213
3547
2709
1347
258
3148
7555
2725
6067
9132
6934
3970
1469
5911
3474
9349
4775
2419
2116
7562
267
9608
6640
2959
5472
5080
1255
1291
1408
5098
3241
8544
4176
1893
1281
9633
4728
5647
2375
2578
9611
5012
8750
9672
6269
1104
1138
824
6128
8246
132
3535
2341
4183
53
516
7897
2592
4986
3724
3921
7455
2463
7312
2342
5933
7069
4395
8182
1573
1082
7999
422
397
523
2426
2614
8769
4075
9912
2402
3397
9203
6451
4655
59
8948
3173
7781
2503
5630
3717
2680
9775
2856
9258
8164
8480
2823
6513
631
847
4978
7829
3141
7071
9406
3720
3405
1055
9168
4648
8880
8151
8197
1617
912
5669
9586
3637
154
4828
6423
7973
9999
5963
8931
8761
6214
2229
7709
9685
7029
4418
45
3735
454
5048
1458
9906
1370
8849
8601
4949
6888
4813
7441
1103
124
4771
1644
5731
982
3130
6165
9233
9767
1406
4747
6285
7866
3218
3119
7075
7926
4817
3342
6104
2836
7876
519
89
7434
4409
452
478
5143
1560
6417
2471
8783
3895
9316
9151
9492
7455
3635
3335
1795
2784
4023
6318
7306
3263
564
6490
9869
135
9863
1583
7005
868
903
4141
3442
2930
3864
1936
2570
5685
9284
9742
5845
7853
2030
8454
4621
47
3787
6926
2014
2586
3070
3732
4378
3894
3413
1640
7480
907
7322
8011
4145
3532
8183
5502
7417
7164
9666
1348
294
4602
3986
1964
8937
9043
514
9906
218
3754
8448
2908
3659
1554
5527
2418
2799
779
3358
6728
9991
8136
6511
5727
3065
9076
6632
1672
6454
1272
2869
8233
9212
2821
6135
5189
6873
1603
6994
5758
7551
3086
1162
1406
717
6834
3937
8166
7871
2223
383
9739
114
2551
8167
4977
4622
7233
2857
1413
9191
1756
2846
5350
9161
5656
7655
9870
6713
6391
4775
1484
8018
9153
8704
7503
8486
3021
9385
3808
4853
3844
3057
9038
5168
3934
5123
5329
3871
1297
6028
306
9469
3761
5583
5597
5751
5846
4037
705
6030
7392
7424
4698
786
7773
2890
4933
3211
9308
4030
2071
8309
6210
4962
9700
2690
8318
9480
4545
3296
9774
5118
8813
7961
2225
4752
4775
1747
5068
7780
4476
1275
3266
2402
1778
2315
7368
4536
9539
8596
6229
5406
2683
6358
9798
706
5939
7876
4918
5109
6898
3861
2767
3696
6148
8713
7536
2541
3874
1566
7213
3986
1824
7816
9319
854
1011
3623
6031
5970
8390
3615
802
9037
8848
4210
1828
2697
8464
2022
3325
3910
5838
5932
4048
2357
5811
5042
8376
1311
7700
2234
5074
1455
1959
7487
9681
7018
9751
7859
6662
9244
6758
3218
2069
430
5807
4068
2658
8651
5744
2509
3857
7009
6798
6549
8236
1118
6369
5513
2431
5944
9224
4226
3468
8228
8612
7496
3487
9518
6444
7197
6810
11
830
2567
3931
3472
2248
1919
9321
8085
5001
4864
9836
3306
832
6454
2893
441
2180
9797
2381
9760
5369
3324
5434
3342
5113
6801
9335
7927
6785
929
4230
8091
1982
5112
5141
8721
3501
5713
6031
1192
8449
6775
3026
8284
8945
8937
4391
7800
1153
2276
6937
6959
4737
9693
462
8272
3348
3265
4293
4092
2502
4602
2182
8778
1648
4099
2637
8788
6381
9951
9370
2688
4073
6899
7215
7056
5874
7868
952
3690
1576
6515
877
593
9990
7731
7788
8374
7825
7717
8689
9437
7130
9020
506
9341
9506
3550
6943
9608
8749
8263
3550
8335
7786
864
1761
9184
264
8107
7089
1792
4828
5099
9231
7904
6358
9748
1199
7296
9845
6408
2733
9180
2885
9473
6690
4692
1303
8381
485
7037
5240
6859
5084
8044
5686
4276
9400
9275
2260
7494
2878
1774
2250
8541
9393
2643
4668
7850
6966
6237
9329
6619
78
9294
3135
7241
7783
2318
7981
2792
7483
3425
9742
2024
3819
7798
1250
8979
7812
6251
5789
9268
622
4743
4260
9437
4881
7879
3556
9757
7170
2277
8083
6417
2544
2386
5752
6741
5616
3422
6876
8585
1498
9964
9521
1235
6912
3734
9785
8384
1934
2410
7290
4021
7623
6023
7375
1226
4212
4686
8472
3364
3086
9983
3710
6238
8706
4390
2450
2617
7422
6319
4452
5654
1160
4663
1454
6796
9353
6093
2602
8630
3950
2270
6963
4105
25
6406
5353
3537
6773
8477
5989
8142
9096
7810
3636
2102
4506
3637
7638
3517
2028
1446
6603
9022
9124
8192
9203
8050
493
7905
5835
6309
601
5961
9336
3071
9142
8450
5901
5204
3754
4037
4886
6551
7115
3186
3156
813
5288
1619
9260
5239
6009
1940
6629
4454
9160
2822
6634
6140
8636
5739
3597
992
6572
7431
3465
6671
5247
5567
4198
8423
9240
8486
218
3664
6750
6349
2956
6322
2244
4382
8973
5262
9747
3379
9494
9836
1536
9460
8350
5169
8181
5164
3326
3161
9144
4055
4694
2764
396
939
2171
1713
2416
6637
4078
8953
7074
3793
6663
2542
1611
8381
8409
1749
2505
9079
8566
1462
8991
521
3531
1396
2574
7851
7939
7400
5956
7639
609
7416
8245
1198
632
4472
1884
1602
5064
4144
7876
4195
9603
9896
6509
7643
4791
5106
3009
2953
1354
1152
4792
2065
9946
6696
2031
4101
4
9801
5121
2285
19
9639
9655
9238
8986
7853
3270
8515
842
2459
5164
1853
7585
4656
8395
246
6859
3164
6440
5600
239
9494
7182
3429
7533
6563
1657
837
9508
265
3666
4432
716
1512
5720
5499
1978
5785
5563
9456
3675
1370
1662
6805
1466
9898
3748
7291
8235
698
7498
9672
9738
6676
4573
9942
5568
6660
3103
2874
3076
9192
9329
5966
1171
6314
7326
3786
3471
2454
2282
3923
9443
8166
9451
9411
6229
3913
5361
9096
1225
1925
2232
207
7865
3387
7343
9325
3848
5209
3201
2471
4935
6520
4688
5333
4838
1048
9258
7604
3197
7392
8941
7246
131
3333
3695
5911
9219
4984
5727
7756
9263
1884
1082
2764
9247
6014
2421
7402
8644
4786
6157
142
6010
2117
2823
1443
659
6679
8950
7125
8828
4564
6103
4325
8139
4504
6274
5467
1168
4383
3433
4551
7456
224
7482
6485
2372
3980
1766
7142
4036
7805
5503
1954
9904
6081
2053
4768
1696
7384
4650
7060
2957
5968
6171
5034
5420
9000
2109
8710
7842
1602
9188
6490
3262
7108
8522
5901
4854
8587
8721
3630
4471
8216
1316
639
5050
9154
8422
761
1396
405
9431
2900
3060
925
2342
30
6843
4865
9304
137
1592
7961
9596
6956
9705
2295
9904
4931
871
6648
523
1578
7328
194
1688
3994
2689
1112
7847
1650
7244
2061
6087
9983
9408
3218
9763
2958
2744
7435
6651
4316
8576
6741
3531
4988
8668
140
9956
6361
9136
8200
3366
5726
2075
7024
4839
1133
175
2018
3505
6956
4578
4629
1687
3314
3731
5947
9712
4101
7967
2228
1006
75
9248
5757
9318
5461
8585
4072
1904
3220
520
3611
1204
4374
1037
1063
2736
5895
8723
8166
6504
7401
528
8451
1789
4520
3005
5931
9572
2492
7544
9522
4127
2780
2697
8445
4754
2734
7672
6400
5561
859
7658
1706
579
2268
9009
9162
1099
7689
1528
8459
3940
2186
2481
901
7922
7077
995
3213
2311
7120
2056
575
5142
688
1511
6551
4582
8962
9190
9632
2470
6297
2499
1009
5476
3814
3492
7803
1604
5195
5817
5052
1880
8630
328
1462
1766
5647
4476
896
5270
9731
3009
4743
9597
1699
1452
5087
3775
1162
7287
7461
4102
367
3039
3130
9506
8532
6896
7689
3286
8811
1556
5844
5149
5123
3537
2886
8707
984
1983
733
3416
8493
6976
5222
7836
1858
1914
6417
8918
9614
5727
3057
2497
9000
2511
8987
4804
4718
8176
2666
8042
9921
6343
2974
5595
4949
3893
6866
6581
2513
6708
4565
2316
1640
2980
7038
7161
9259
3811
2188
728
1095
7113
5518
7732
9199
1844
2063
7701
7019
3846
8365
3734
1022
186
6566
8350
6221
5178
7989
3564
4797
9250
7982
9304
7953
1339
9938
4160
9820
6472
3272
3582
756
8092
8926
9002
3816
9648
612
9760
7119
6649
3578
3115
2359
2984
3829
3809
1855
6246
8941
3160
3942
3698
1159
5546
1601
604
7184
8919
8718
9454
6953
9995
3857
2833
9273
7127
6829
2973
2148
8579
8998
3186
4702
8233
7978
3185
9778
3029
7731
8139
9739
3948
6189
9208
5456
14
9831
3585
8250
6269
9091
4090
2145
5938
9636
5133
6345
4588
6683
2525
4797
9707
9285
3688
6596
6063
7232
195
2197
208
5297
6414
4741
1710
4036
33
5386
3596
1369
7315
4118
6649
3736
745
3737
6224
4804
7255
8782
1271
2416
1864
9958
2898
9037
9927
532
301
5207
1049
8562
1111
6764
5485
844
4545
1238
6133
8081
9077
8427
6247
2810
8594
9508
7487
8893
2012
4258
6094
5297
6406
8670
1577
3028
8726
4591
3260
8843
9455
1713
5332
1634
3160
9288
3190
4653
9827
1130
5631
2553
7275
9758
6125
4322
9419
5208
1864
478
4412
7519
8756
1423
848
229
3069
1356
1227
9925
7058
4103
5391
8228
5702
7016
6806
3011
2276
7802
2386
9957
5516
5999
4131
6307
8446
614
8432
2973
2159
5346
1167
3053
9259
7267
5011
353
9050
3788
6473
4650
9609
7265
5574
5707
2070
4043
6603
2064
1084
278
9225
1678
5616
7552
2740
3120
7768
5994
3168
8050
5022
7534
9574
7189
2330
9078
5523
7467
2223
9219
1417
6112
7453
3200
4938
5014
7051
4419
360
3630
4561
5976
659
4107
7473
2937
3656
7831
9651
8447
2582
6897
1939
5625
9633
8498
3227
4346
5588
2732
1837
1481
9765
1653
1224
4849
3610
5992
4899
8243
9906
8488
1139
125
3147
3920
7407
6533
31
6400
7989
8537
1541
5678
9837
750
5847
7119
2041
6632
8658
4483
5808
3549
1274
8930
817
401
4096
1184
3681
9461
6435
131
952
8079
9336
3266
7193
8148
8255
8690
9665
1076
9029
804
8285
3964
8093
8876
4585
5989
2042
4021
9083
7367
5392
4844
9695
6356
1267
1775
3712
6058
1950
5942
5253
2849
4575
7620
179
8259
7246
5782
759
8743
883
2267
1503
2223
6663
7060
5577
1093
4700
2868
9721
7275
9404
1831
916
7599
3356
9042
3747
1561
7857
7263
3982
8249
4344
1597
9684
8642
3250
3879
5589
2767
4189
6514
1500
6559
4216
6768
2427
8176
9773
8149
6631
1409
7391
3111
9326
5943
9018
6105
7129
5009
7584
7835
5842
7656
6721
7283
7923
8888
4218
4783
5370
131
1635
445
8003
1156
1130
4798
5261
8081
9566
1955
9423
6199
8124
3200
4180
4570
1672
6227
8528
4346
4117
5775
3327
6273
5787
1071
4502
521
3283
7142
4446
8094
5867
9340
8693
8826
8586
2535
2575
1642
8182
9134
6629
3360
8801
9069
2361
8392
6943
2273
2831
24
8445
929
974
6870
7007
1493
1098
4809
8055
9269
5623
1915
8454
4756
6454
994
6538
8953
3000
9888
8677
2943
2196
7852
5493
7369
7177
196
6893
4270
6309
3147
3827
1197
6040
1888
2453
5864
4581
8593
7631
3591
5434
3822
4173
8387
4897
9107
1577
8034
9358
9270
7322
2137
1572
5142
3538
448
7477
3061
8588
714
7780
2468
5895
6708
907
5926
7
4554
8450
4330
3068
2976
3861
7248
8796
6224
6702
5794
8731
9717
4831
6241
2755
6819
4338
5647
3887
7563
3615
9399
6296
411
4113
449
6377
4098
9322
1609
2173
6798
3850
2539
1698
9422
7342
9705
7897
3475
6149
4163
284
3947
7054
8028
4817
848
3435
744
731
9894
4890
5622
2054
1914
6016
2461
9078
4605
2592
1367
1582
8186
4138
9608
6320
3200
5737
8181
6421
7248
7826
9023
2782
3370
9035
8116
5681
6484
1868
4496
5970
1699
9165
1826
9322
7684
6804
1821
7436
7623
1864
3357
2031
6061
6828
9492
3743
3828
1912
8594
1193
4418
3435
9971
257
8475
7510
6961
8999
9410
7973
6416
2609
9266
9959
7268
7441
4841
7361
7445
7662
8820
36
7251
8934
2792
1026
4023
8455
6146
7843
3082
1990
303
5482
2741
8541
7251
970
207
1864
6419
757
453
4160
8128
3744
8547
6226
7916
7283
4421
6396
5085
8980
3590
1416
4855
6396
1965
8912
9952
6070
8247
1794
5688
6911
3773
5151
8053
1675
2145
232
5718
1447
7711
5584
1941
7549
2976
723
1917
7819
3620
4363
5821
2039
8138
6938
1998
5435
2706
4185
3225
7699
1736
6624
2092
8313
6914
3137
7634
2094
8588
8971
8625
3059
8236
6322
5813
2457
8381
3403
1056
159
5235
2337
7485
8272
4695
4024
6003
4459
4533
9114
3357
2289
4340
7645
1887
4257
7945
7830
9403
902
7972
9989
3581
426
3864
856
3726
7296
4113
6598
3046
484
288
379
942
7932
1283
6171
3148
8307
6973
4378
7691
8839
1785
1550
7439
3882
5900
8139
7387
4687
126
8382
1662
2278
6356
3201
9961
1863
1643
2237
1265
7484
5373
8656
3282
7054
7435
6445
8826
4608
2423
1533
8247
9061
888
7276
2064
3404
9774
1404
2937
5445
928
4866
3129
1269
3787
9064
1342
8312
3533
2069
6724
316
8972
8324
6388
8105
2313
7165
8599
1125
6270
9971
2491
6080
8765
3957
734
8476
3560
5343
4136
7951
6225
8925
1268
9045
1419
2340
3326
4210
1007
2605
5995
5459
8699
8585
6442
8923
3283
1958
5201
6413
1539
7048
6591
3629
3464
4148
7658
9410
8803
8491
3844
8590
1354
3450
9763
9982
2219
2175
4094
2636
3987
9473
4064
8406
7575
8443
5830
4668
4454
5057
5384
2434
902
6655
8586
2315
2305
3668
1949
1216
5503
6436
1738
7113
1593
9159
1368
2217
969
49
2867
5509
34
663
4526
9547
5790
9291
3527
8282
8834
6772
3050
7345
5284
6994
9702
7688
9571
8368
8090
6194
5910
1453
2744
5606
8357
5339
2461
3016
5803
9956
8742
4276
2955
3739
1474
5908
3871
1654
4246
7121
686
3240
779
7064
165
4439
4300
2924
5472
6008
5623
9643
9365
7170
9321
2033
851
2478
7236
8384
7202
2893
1345
1493
2483
1105
7840
472
5884
5597
5876
1188
3304
7826
5538
3299
7851
5710
608
8681
2172
4306
5231
46
4980
4521
6826
6699
7994
1313
7717
7213
4740
8883
4386
8294
7811
7217
9766
9294
6828
1249
4221
8844
2568
5320
1292
3439
6447
6941
1499
8050
633
4826
8459
8596
7190
7764
3911
1981
4184
4139
5705
753
6172
3496
3017
2216
9733
71
7891
4644
2174
9117
3222
5573
7152
3196
5278
2613
2545
5575
1613
8543
2035
4022
5861
5824
6761
1281
8314
7139
5937
9005
7962
3335
6425
786
2366
1673
9374
2552
684
6936
1633
4021
442
913
6147
4315
1492
9183
3987
3581
7873
8961
9793
7439
6409
55
4903
4231
1829
6335
1395
5125
47
5754
8534
5603
5356
6002
6597
4262
5824
6881
2691
7074
622
1826
2813
5373
5576
8494
6857
7427
5898
3471
4345
6764
2632
3413
648
2881
1555
773
5993
6303
3763
7083
4898
3541
7083
6538
1006
5117
1407
3563
7507
6238
3225
9048
8308
9699
4026
480
1575
472
6493
7839
715
1855
2105
3816
5750
3161
1988
3278
2610
9228
2183
276
6126
1466
3580
1272
1074
578
6985
5256
5875
4279
5114
3058
733
5224
4244
9245
5782
2625
5596
4091
1949
3721
8384
6329
535
5430
5815
7745
1601
8761
5408
813
3609
1650
7221
288
5535
6483
7864
9720
8024
2504
7795
2191
3105
9539
1400
8087
796
1319
9908
7588
4316
3484
1323
5831
8001
7525
3448
4135
358
2260
7625
4216
1262
5893
504
2214
4113
9319
7870
5149
1364
3081
773
9752
2239
9403
1048
6879
1812
6283
1150
6682
5003
9915
2031
4273
2515
1825
9817
8578
2032
9862
9741
6229
7356
189
4949
4837
8373
6532
150
7068
6875
6873
8478
8362
3987
9288
3936
630
6209
7570
1695
6477
4311
4305
36
4524
1641
134
5986
1237
5440
6661
5169
21
9399
8749
8212
5739
9584
6292
1523
3845
9879
2194
4641
5786
1249
1041
1383
6192
3428
2311
5238
3172
6714
126
3625
7625
8589
2454
493
8743
9989
1886
6186
1527
8204
5986
8614
3572
1645
8860
5632
6833
4828
4041
9532
2620
7913
3684
4840
707
1512
1644
8977
7973
4347
1250
7863
2755
9556
6202
1195
9054
2566
4155
3925
4087
5311
3386
771
2483
6934
114
9520
3702
3771
3670
2823
5668
6264
6137
4093
5958
9584
5659
5322
2658
7263
9526
8662
9469
3554
910
29
363
9363
6250
8184
1483
4578
8657
841
4464
5207
1621
720
5913
5304
5309
5444
4788
2857
6638
3024
9374
5483
3005
2807
6112
5672
5173
5145
5780
2460
7153
8476
1637
5201
877
85
8521
5498
9997
5762
8705
7882
6509
3509
7154
8929
4434
4113
7165
5064
8930
232
4027
1256
3058
9840
7915
2506
7336
2060
4870
2322
2948
8304
8186
247
2035
141
6986
7851
4586
7306
4186
5370
1425
1719
1934
2318
4235
6792
6447
3404
1027
2606
9701
6004
6741
4020
4458
5618
1398
7352
6860
9037
5317
5737
7270
2264
9404
125
2740
1303
9789
4796
9896
9040
8268
1133
2547
3270
7229
4523
7523
6242
8529
3472
7032
249
4220
6807
2824
7016
8751
2966
5227
4222
5994
7624
5746
5384
428
3075
1035
2672
1161
993
7304
2119
8313
5172
5375
6056
2096
855
2070
8819
4131
2679
1459
2196
8156
2345
1325
6210
5032
9983
6718
2917
9211
576
7896
4282
8863
2913
50
6688
1699
3825
801
2662
4004
2519
7380
2203
4661
6259
2418
5762
8132
4631
2703
6862
7413
7067
5611
1923
9137
3851
911
3717
3399
6785
3747
5644
3660
5982
8881
6357
137
8730
3169
4091
9359
3316
4070
7202
2972
4521
5470
5017
4429
3446
2125
1519
6956
7548
7543
6483
7659
6034
3836
1117
5621
5128
8245
7208
4641
9336
2270
1947
1022
2591
2038
1717
3980
6571
5812
664
7057
4616
8024
6711
9849
903
7784
4903
8205
3873
7312
4785
1913
7656
5316
6601
7029
8139
8397
8764
4658
8095
6254
9934
9650
6982
2066
403
8230
8344
7945
9832
2213
8508
4035
2621
3686
3146
8124
7004
1784
5455
8765
3418
6943
9939
8066
7780
8574
6557
1053
3926
9086
5359
4326
6389
3337
122
3318
7429
2669
3667
5070
5951
2917
7863
7577
7420
6615
5326
6888
8584
6534
4522
622
9501
388
627
55
495
9983
5236
3630
8833
6437
2640
8241
3902
7625
3080
7731
8339
3128
9591
9104
3830
1702
6778
8694
8655
6907
4920
2338
2084
6497
4616
6799
333
4816
5154
5174
4700
8656
3544
3303
3689
2250
6570
251
6948
5191
1851
7545
8482
4174
9411
7059
4307
6119
1567
7806
8199
5665
2528
1389
964
7709
7650
5253
9249
4929
4629
1631
8616
4307
5255
7305
1462
2054
5664
2025
7723
8696
4636
8952
2234
2348
4257
134
4271
2206
4740
148
2543
1345
2935
3389
9969
9961
9312
5672
4024
9912
1462
9707
6080
6934
7610
890
6836
2549
2862
7863
8047
7526
356
9281
5395
349
6350
3448
3209
6013
8918
3632
60
7195
1444
4150
6060
1375
9254
6308
2409
8585
9088
9546
6481
1918
5519
9459
1667
8756
4146
7427
5144
8808
6524
3466
1695
6620
2078
2548
3070
5658
3326
9159
5296
7969
7902
2482
8124
2720
462
2090
689
9226
3130
6387
9932
2107
9133
992
1371
1169
9878
1689
7748
2480
1002
4710
4719
5852
5047
1152
5962
8511
7596
8774
8018
7290
1559
7887
6397
2752
6273
3923
2286
8538
3227
8206
743
1696
2399
8058
6675
9792
3643
5926
5980
1330
9249
3791
4973
4785
1831
1316
3147
7864
2870
3866
8248
8312
7134
1886
6345
2251
1322
2106
7128
4365
6764
356
7496
5038
3271
967
4988
9470
1223
8681
4956
3866
1508
1399
6008
803
9097
8813
2544
2377
6671
2387
418
6659
8218
7573
5456
3176
3479
7271
3722
7900
4594
4961
9300
9392
7178
1635
5976
5631
2608
8359
4782
7861
8486
6231
6076
5303
3364
2480
9276
2870
8172
2269
8817
7903
6154
1500
4385
9561
113
2577
8404
8730
6755
535
2308
5980
6193
354
9430
4650
4512
1500
8391
5147
1234
8475
8344
3041
5185
4269
42
6533
9897
6634
5590
3627
8275
387
2059
4502
4721
4168
9929
1297
8976
7692
5101
8533
3184
9217
697
4028
3653
3824
3500
6810
2284
6041
6329
7886
1042
1153
264
3720
8222
8047
3765
1572
5333
5651
8677
8182
7474
7516
9362
822
9969
152
4793
663
9580
8970
3282
6827
5757
8305
8781
4066
5078
8135
8890
9968
5318
9442
6054
8682
9179
545
4017
3106
6177
9776
348
5677
4009
2947
1943
228
2101
3835
7045
459
6000
1504
6762
4877
5752
9954
9410
9600
6677
9748
5584
8889
2812
8460
1265
6302
6522
6307
7347
6860
9240
3012
8489
5871
2321
5662
1555
5449
5381
6145
8951
950
3515
5852
3069
5962
2907
8938
7819
8602
8758
6839
3073
4801
7698
8819
5582
5560
8088
148
5416
4333
1423
630
3308
5450
4058
5495
4308
4841
6331
9519
2356
1030
8994
5598
2778
9137
9342
8790
2255
2467
7357
928
7865
6744
3058
9089
9888
3227
197
5384
8230
5783
2531
8540
7053
2438
7810
3582
9119
1673
22
9605
5295
7294
4164
414
2373
5048
6398
7625
5884
4658
3104
6258
9226
7949
5620
5692
3358
4022
3284
3791
7563
9495
8911
2312
9593
276
9745
1280
2702
4112
5004
9324
3017
2267
6935
5600
4033
4288
3516
3502
8347
4747
8472
1930
458
5175
5954
3094
7739
5968
8654
9077
8505
811
7059
4827
5281
8484
3108
2895
1021
6469
3042
6240
6550
1995
5136
8761
1050
9485
8567
8998
8537
7238
2609
7367
5021
788
219
3601
1148
2929
2027
8860
5871
4096
2120
3067
6655
5334
7480
3669
4421
8461
1469
4703
7655
9029
7316
814
9348
6137
2520
7917
4764
3193
5680
5788
6636
2742
4187
2643
1822
1299
760
9779
4882
7245
175
7062
5354
774
9552
9353
2130
4571
2353
8227
5189
7675
7504
2057
8730
4608
8316
8040
2564
3817
3661
6579
1302
1717
778
2650
9826
7260
6983
436
6224
9835
3445
7010
5053
3302
3503
4236
4185
5278
5450
9923
452
2649
9172
2844
9831
3909
1000
2252
1398
9506
575
9789
7230
9305
356
1270
7842
6060
6023
6961
5604
6375
6843
4741
7244
5370
4607
5167
3616
7541
4412
2092
7096
482
3963
6044
4798
6165
5169
2414
9288
2654
6555
7026
2645
373
9091
4509
9975
5739
8964
3803
1291
2864
447
1909
2461
5945
3595
7161
364
1642
8026
4917
8331
3777
4869
2775
8171
3828
9695
8538
4897
2813
7423
509
7217
4193
5535
4761
6044
7014
4606
5639
4901
3672
8177
5551
3823
5249
7811
9636
430
1816
6975
1162
7580
1782
4673
5816
4888
7043
9303
4061
6179
1470
9516
6058
6249
1222
6575
8615
3242
1977
5505
7914
3121
8091
9814
2374
9951
2197
4429
9283
6004
834
7920
1614
2050
7105
2997
6894
1530
4728
3877
7807
2263
2899
4083
910
6091
5532
3698
6302
1625
9336
7626
3096
412
1109
803
6346
4217
2007
1433
9388
1173
285
1542
4438
9520
8700
6758
2442
7315
4508
8686
21
5814
5648
7824
3181
3045
4899
6510
9167
9344
6431
3676
6390
1183
8727
3222
5062
6898
5131
5823
2136
9109
9890
9934
6612
1038
7107
3737
3444
5466
641
7122
1857
5606
9020
25
4989
3577
6143
3410
5568
4587
2410
2704
1171
1941
3305
3426
2779
1106
9777
2014
4897
6006
7457
9587
9506
8229
6419
8215
4072
2776
8069
1299
7986
4642
8123
817
8234
310
4362
7848
670
2286
3623
382
3120
4546
3412
996
4580
6793
4983
5798
4043
2910
3136
958
4597
8701
3674
8115
863
3815
5263
6213
2060
3907
4867
3911
4227
8115
7305
408
6306
