4594
3243
8098
1
7192
3869
2717
334
8353
9984
3139
4957
735
1452
2232
1560
3517
7612
5128
3554
1826
5474
9676
6570
5756
8908
3316
7507
2603
4786
1451
9825
346
8132
3332
4309
6
7783
1506
8779
8716
5432
2002
1183
704
5223
1325
7425
5558
1604
877
1343
8119
1321
8556
4314
1162
4694
154
3524
6908
138
9108
1003
4820
3114
8866
4878
5638
6552
9336
5336
8750
743
1409
4987
5398
5028
8130
4456
7607
9782
1615
1122
6187
5257
1048
3943
2884
4682
4633
4605
9030
1701
2109
7304
602
4709
1395
8017
2541
5785
2003
6026
9731
8920
1908
1643
8992
6971
616
2253
7299
6962
6945
6449
6649
7276
6872
4114
474
6791
224
2810
4452
6250
6729
159
7806
4420
1181
6456
5377
1747
8966
9288
6422
2967
1660
372
4757
776
1955
7893
539
437
2944
4243
5690
1573
7386
1777
3957
5281
4329
7655
9196
3966
8702
3630
6244
9185
8288
6532
8125
4939
7260
5847
9191
2304
4046
145
4463
2122
7791
31
9185
8925
5369
7858
5086
1819
4784
8728
3359
7500
6991
8357
438
6318
5148
1735
7932
1091
2355
3689
6686
9249
8763
4239
7811
8583
4125
6230
4963
4425
3299
8633
4494
2232
7333
2271
6172
3634
671
8427
2109
4052
2218
4596
125
551
7816
3014
3893
8214
9272
3002
985
1885
5780
7020
227
4415
962
5032
7156
205
8538
5709
3719
525
3066
6207
6277
6580
5820
9622
624
4194
7312
5031
5842
4451
8531
9225
1522
5788
5566
7008
7116
7114
2819
3431
6503
9007
1690
2814
9885
6004
6565
2249
8476
1235
7130
677
2200
2079
5666
8296
6524
6926
6586
4999
1422
8604
4943
9880
9290
117
6219
4967
6554
7653
112
5832
5287
8585
8901
6618
3003
6484
1940
8480
1604
5850
5924
5743
4116
9618
5619
2185
9566
7462
2351
5584
9263
8963
3323
8310
4065
7590
1965
7182
4231
3773
688
3336
411
9801
9703
9308
5673
5575
1075
7381
4062
6800
8540
8798
489
3983
9252
3197
9552
1114
1383
978
7633
31
1580
8080
4705
5216
4890
8261
7160
3909
2631
5339
2203
5446
395
946
2823
1713
2779
6975
1179
4317
5146
7630
3794
5472
1003
954
7531
42
3041
4308
8374
6618
9346
4425
8290
679
4122
7450
9676
1269
9960
4168
5256
5131
5334
9652
1994
8626
7836
4763
6769
239
7861
5199
4926
7009
9635
3221
6201
6452
7067
8326
7081
4792
9248
6972
6848
7798
4272
5742
1041
673
1070
2705
4050
2512
941
4873
6305
2037
9852
3875
1324
3527
1402
3453
6164
4617
9182
8021
460
421
4326
1427
9739
3368
1437
6625
1057
1436
4161
2654
3719
6528
3148
7866
4545
8536
1544
9933
2560
8879
7780
7879
8661
7781
8712
8094
3558
8628
2093
8782
8090
5010
1580
2121
2963
1247
3638
8779
8860
6699
2881
6722
9004
883
5532
3643
5489
9532
9691
9974
9592
7796
1082
4755
4977
9694
1919
2714
1900
9621
6146
8117
4994
200
2138
328
4811
1634
4050
1858
9019
9549
19
191
3967
9314
8876
5519
3964
8449
2310
3319
7056
8043
5201
2373
6953
8569
2459
8907
487
7930
5588
4440
3217
1771
2154
2492
8105
7549
8706
7868
7169
7861
2747
693
8398
7026
5808
2598
1986
1684
9887
2635
6532
7735
3884
2307
1846
6012
5951
7876
2614
9173
4293
9951
4846
2633
9563
45
7818
1177
9976
9429
5186
8724
7546
1378
6243
8047
5411
1600
1380
3743
2651
8901
2976
591
9862
3293
8645
384
7208
9725
2903
7419
3261
6374
7224
9257
8427
3421
7079
8296
5795
6333
2868
3465
347
237
1295
3344
9351
7454
4662
8723
3186
1222
5936
5944
5937
8580
4944
5662
2114
7429
9617
6738
8191
9453
6026
8720
1712
6914
8726
1939
6066
7512
8591
6844
6906
3127
840
9063
9754
5134
1962
2955
5030
2570
4706
8877
7057
3695
6793
7476
3169
8550
7169
1288
700
3870
1309
413
6767
4297
5882
2392
9512
1426
9870
7344
3677
700
2962
1184
6951
1556
3238
5813
3056
5941
7296
7878
2182
7377
3344
9395
4580
5791
622
4498
48
1232
2539
125
4126
5917
8146
6697
2385
9830
1678
1189
880
5469
6702
1282
982
7034
1820
7673
1023
1969
3476
5405
672
8219
3448
1027
4343
2006
5112
9928
3241
9293
237
7877
3934
4059
9989
755
8563
3955
36
6775
7719
102
9961
9571
749
4012
4392
5291
937
388
1155
7694
8602
1083
8976
8182
2540
7811
3832
6353
2031
5971
1610
1173
1161
8246
9647
5079
1624
6282
5221
9214
3439
9235
9918
9869
5200
7545
5566
8801
9652
7433
1777
881
4481
2323
5128
5001
9511
2913
8410
9364
8836
5644
5150
2667
3608
2161
3974
2789
8526
5638
6291
7113
8530
9248
6814
8446
7030
5697
1745
748
6657
3673
6807
2281
3665
673
7782
4144
1426
7143
7044
352
5577
3450
5813
3366
6053
4888
4875
6366
1415
8962
642
5105
6393
6170
5339
2647
2275
9296
8266
6646
1376
3539
9444
1076
4564
217
6715
6619
4946
6089
4768
5332
5671
7354
9881
3150
6413
8293
5929
2245
5112
9734
6260
3054
418
7658
3220
5388
9236
1205
7674
5530
4552
6818
7365
2676
6277
7194
6231
2590
8975
8029
1030
1400
8454
2427
261
607
4606
9437
4833
5040
2181
6429
6264
6080
9367
7176
4891
5833
3928
9378
2783
7725
8059
3009
4925
1112
1143
9048
1962
1049
4807
8193
5184
346
6525
656
845
8357
5711
6234
7216
8264
2547
1999
2530
2417
4481
6171
1272
6390
9059
368
2915
4481
9817
2999
6454
4760
5746
4219
2660
7019
2908
8854
1286
3464
1523
3359
1433
5325
5134
5560
9956
3414
3240
3043
3542
6267
2627
7509
2525
966
3013
599
4289
4831
4451
2594
3310
3967
1646
5681
8084
8741
7474
2550
9939
1218
9428
7698
5169
5083
9560
8160
1258
4692
1788
9585
7611
937
6341
7624
6550
8921
9946
3676
7310
5786
6893
9783
1738
8390
4413
8017
9106
3377
2421
5792
2611
5192
8559
7967
5247
7726
2799
4138
6083
9426
5462
7972
3552
3418
6654
6001
4225
9376
4561
0
6908
2382
3974
7887
7812
3790
8288
1762
9760
887
3890
4662
8411
2747
8373
1550
4692
6374
1208
3204
2268
8664
0
2757
7133
2507
8155
3756
6146
4736
3754
8027
8771
5806
6637
1584
7627
9883
2216
7790
8580
6621
5771
4323
4593
5134
3928
6962
4297
1101
6547
8713
9553
1025
1231
9476
3071
6201
5091
7625
5269
447
6810
1916
5881
412
6816
2390
4406
7202
6093
4086
6291
4798
2416
4695
1419
23
8475
3759
4924
3651
4296
1682
5513
2777
6673
9826
500
10000
4502
9840
4714
5550
4634
3008
1668
4331
374
3118
7471
2106
207
3852
1733
2944
9569
8827
7009
6730
9947
1213
2262
4546
3732
5666
4816
2071
3343
2170
7618
2632
3860
4841
1654
7302
1303
3199
9441
2282
3830
2917
7389
4618
7676
7008
5518
2364
3037
6721
6499
7610
4129
8215
216
1155
2338
1568
8262
7564
1037
4416
6264
2292
1424
6883
7021
1387
676
7598
9017
7343
7067
1453
6970
4058
5884
1084
7380
3242
7628
3449
6410
6517
8156
7623
4501
4025
5708
1308
1990
1007
3824
2037
257
2307
7746
6090
8857
4474
1628
5602
8748
4619
1626
952
8293
8195
1724
3326
9092
8914
6138
8430
9216
402
4888
8050
1751
9636
4396
6494
7522
6085
8970
6581
5362
3177
6699
1935
4679
1009
4996
2118
7024
9591
8505
4119
6370
9661
4315
6241
2629
9701
2122
6603
975
5871
218
47
8741
1081
7688
5170
7540
7424
6935
1266
2967
1242
425
9072
8578
3119
9636
5746
7336
8395
6011
9486
971
7198
5757
3503
274
7919
8585
7355
3309
4375
9122
4590
467
5998
7540
4357
3720
8920
6453
6227
1165
3065
8064
7638
1837
7690
6237
7148
3628
8931
9265
2974
5929
3636
237
940
9341
7166
1087
7934
5601
3596
1703
3559
1412
2502
2595
647
9498
5287
4852
2897
5170
6311
2244
2454
8790
8850
2786
7992
1400
1204
5802
7414
5752
5603
1962
6819
8931
9311
855
2096
7305
2537
5774
1773
1875
828
5003
8376
926
9583
1839
7967
2789
917
5698
7156
1204
9345
7320
4767
6096
3321
2213
9415
2419
4448
1886
8478
6188
43
6728
5168
4160
7275
3350
6676
6148
9899
779
7150
1990
9114
3469
5897
1717
4181
5506
3650
3713
5270
9600
5212
8756
9709
4513
5834
981
1707
9958
5679
6578
352
7969
9313
988
4597
6106
8280
5192
1031
5319
9959
7367
3663
677
8192
6437
3798
8132
15
8245
47
2784
2572
8970
5537
3973
6876
9283
934
3775
6080
984
4981
6768
9349
7065
6382
6039
9094
2825
5630
1036
1693
3450
1629
4391
885
6293
5856
1862
9274
8080
62
7254
6446
8901
7114
4104
1286
871
1544
8812
6861
6570
6216
8610
7330
883
5288
7435
9924
1476
4261
4447
1390
2889
8680
1835
7482
4108
9505
3389
753
3632
6447
9968
9998
3794
7276
5280
4669
5556
9530
4147
7290
131
2973
9898
4183
767
8370
2443
1482
8785
555
4822
1197
999
644
1091
8641
418
2832
1113
8976
4195
9140
5951
4343
189
6602
741
2558
3798
1587
927
8404
9162
6878
8093
6476
2089
237
7676
1458
1603
8265
7053
5787
927
1223
1028
1743
3223
9344
7445
7455
9023
9029
2589
3214
5224
4186
8070
9412
2657
1604
6653
9249
6752
8059
4448
8651
9807
1596
9912
3014
6487
79
4213
6608
2986
5355
3265
3658
3413
6525
9519
7525
8140
7370
7388
3189
7665
3177
7178
7542
8981
4643
3952
6353
7756
351
900
4820
4091
3336
9023
3971
9932
4540
1449
4456
4196
3380
1126
7511
5480
4994
6470
8516
5179
8230
6939
5869
3233
2891
3722
3250
1413
1067
3990
5019
3254
4387
8312
3552
6117
6760
4792
2106
4964
3770
6594
6131
2069
6833
2901
6683
8385
9464
7953
3765
1159
4677
9795
7602
8060
3693
3645
6397
2799
1963
4164
6037
2580
1723
9338
8317
2430
7364
8642
4709
2128
3110
597
9597
1234
3392
2944
727
6639
7421
8764
3124
254
3489
8279
7170
1642
585
3466
2815
5368
1420
2055
7940
543
6868
464
5066
9488
6952
7724
5824
33
9466
5759
3620
4257
5098
3702
3209
9897
3847
1492
109
5544
72
4139
7472
3919
189
4533
373
6716
9123
2624
9305
8659
8660
3340
1961
5274
7287
2323
3082
1482
1219
5615
5351
7811
2241
844
2030
1454
9436
1586
9942
8018
5152
701
8214
7148
6481
6954
4547
7434
4990
9685
9942
9514
8763
4660
8886
7413
6110
4218
6164
3835
4472
8574
6311
5798
14
9303
6391
5483
9096
6698
5092
7101
6973
922
7999
5364
8951
9590
2238
7088
5021
4196
9238
4817
190
8614
6351
8296
5631
68
7041
4307
6223
1022
9464
5123
4132
623
9016
941
9643
5492
1031
4500
1455
2771
6365
800
9087
3339
3886
1257
9205
9457
102
6139
556
8075
4441
4377
9421
4385
298
4865
8603
5084
5255
6747
8694
7495
781
1173
2046
4744
5271
4420
4754
3995
6216
1612
8470
8548
3309
8713
7571
8829
2234
199
8004
5242
2141
8829
9342
2736
4944
1757
3651
5109
8258
4164
1129
6400
5203
2357
3446
6037
8784
9497
8651
1024
6546
1766
9141
3955
6141
7335
5193
6488
6434
6854
8180
3012
8785
8789
3966
7270
1025
7506
530
8609
9269
4635
5489
1912
5904
5039
9291
5056
3812
9937
5944
8108
9874
3853
3315
6841
9264
400
6393
6642
4482
1710
3086
4308
4734
9760
7236
3189
9633
5175
776
9648
2198
2049
9517
6673
7120
4664
8981
3441
456
963
1982
3147
2448
5921
3419
4479
6660
3983
8123
9880
4049
3225
4522
6552
8290
9914
684
9275
7023
7461
5470
8094
5491
8902
7526
8250
9917
9051
3712
9857
9648
2276
4991
92
9608
5382
6510
3712
7642
7190
2853
7411
9957
482
5648
3873
6333
3227
5469
4637
33
9678
3921
7839
8713
258
5342
350
7667
146
3162
7673
6113
2007
3423
8081
3859
3249
7159
401
7837
8667
6176
2694
7014
5104
7207
1153
7777
6960
3548
9355
6184
7572
910
935
4380
5248
6874
849
684
1965
7076
6859
1961
2174
5592
2925
5570
9763
2247
6863
5276
4506
7634
2497
9183
3191
508
4358
8081
6688
4983
2782
2428
6098
9249
3841
8903
5179
5272
6283
1102
63
4394
4038
2378
6627
148
1931
3474
2820
2088
6393
1709
4017
9412
4366
1671
3875
1173
9145
230
2321
8795
9017
5929
5339
6629
7485
4841
4117
5860
5691
4809
3796
1
8669
5914
8522
5895
9419
8439
9996
5836
3003
522
5017
502
196
9841
3750
1504
8300
5751
9491
2273
1317
6249
6401
2462
3632
1130
8754
7754
7377
4031
1658
5348
7237
8819
4546
6008
8782
3546
6854
2811
7428
5919
2252
7024
7102
3674
7361
9569
2992
2633
6002
7342
8781
5657
4806
731
9258
8485
3948
5168
2979
3157
2220
1198
6709
2501
6379
703
6853
8583
2519
8814
5341
7494
1540
6830
727
2521
1385
2107
4650
7903
4067
1424
471
5343
1099
2074
4966
962
8757
6688
2495
4069
6529
9083
485
4910
4706
7618
1311
9089
5549
927
4625
1848
9703
1361
4833
2294
8791
3466
4827
4125
3436
9413
8470
8379
2205
6009
2447
6899
3462
3562
2037
7641
3018
4162
9833
2329
2726
1066
468
4086
4393
6018
6950
5733
8060
9000
4745
5910
4167
9810
3374
7931
2448
8511
8835
2224
4461
8386
2143
8407
1255
8473
4436
95
7202
1765
1780
2196
8560
5236
4120
4993
4313
3638
2392
8080
2869
4322
9618
2845
5694
3813
5885
1572
6619
9667
4976
7989
233
8321
5629
204
205
7871
9127
7579
2521
8266
9846
5383
9331
2757
2848
8736
4571
7986
6428
7872
4002
3961
1567
60
8022
2436
3754
5328
5305
5279
8751
8880
5325
7898
6555
1025
6
2884
8663
3888
264
1878
4689
4595
9467
1190
7222
7295
8377
5811
1418
8979
2680
5297
5630
8775
3029
8065
8469
2704
2453
3120
3055
535
902
7817
5429
6252
3676
1360
6532
5882
1487
6889
753
9709
4722
9916
1590
7544
5423
2915
9478
6060
5018
3165
5674
8517
8763
7982
9488
6037
3890
363
2888
3888
8541
905
7540
4418
8110
2687
7344
6471
2448
8133
2520
2600
27
8010
9383
2614
128
7853
9682
9838
6479
3775
9150
2470
2420
7241
1645
3866
306
6819
7248
3309
74
5788
831
280
5936
3802
3066
2744
1545
6292
6173
6430
6806
4106
4077
9443
3293
3723
6314
363
2708
1545
6679
8296
7210
5465
2625
5277
6261
1943
2918
5503
9684
3279
7663
3955
6805
4848
6974
3647
5742
9127
2828
6930
1193
2350
1381
5838
1200
4172
1170
9750
4007
5205
4448
2240
7994
5429
6346
7619
9127
283
605
1851
7915
3250
1934
6797
7137
4694
14
7439
7146
4468
6484
7642
7635
58
3677
6990
3326
2534
1848
6667
2784
3904
3495
3939
7696
6735
3070
8733
9568
785
900
7828
5137
7120
3753
4955
2327
6375
6250
5231
7784
1934
1538
9699
6209
4970
4165
2333
8038
5029
1310
4157
5356
877
923
6674
5456
6835
2150
2995
2517
7558
4633
1927
2
2252
9484
5493
9428
2680
317
1538
9483
4075
1751
4426
8792
1553
5120
5906
1475
4750
2752
958
4185
9986
2435
8677
573
4470
2005
4856
5261
1235
6267
6693
7742
32
7794
2744
7448
882
2432
5874
5799
6468
8270
137
9493
9271
3257
3461
2367
5047
2339
3069
6293
6048
9307
6098
8367
9715
3066
8155
4374
8001
265
3072
7008
747
9229
9745
8452
2282
6440
5413
3757
1723
9384
602
2043
9890
5894
6160
5313
6902
7520
3644
2763
264
939
9680
8379
9900
2994
4401
5264
8259
715
2456
9301
4916
1555
1982
5527
9655
3260
6498
5516
9483
7233
3851
1067
9708
9888
6544
3309
6746
7103
1945
2912
26
4034
8065
6525
1979
6057
3587
7306
2004
1384
6565
3411
9537
3041
8000
9180
8457
8775
6478
2608
1116
7147
2265
6885
9070
7021
485
1343
9610
1802
7983
7097
6014
5050
1754
1450
9814
8040
7688
4498
8792
8649
3628
1834
1760
6164
6288
815
3599
4421
9099
6587
1573
6957
9113
6623
6386
6536
3546
3231
7332
7878
4101
850
271
2403
7185
62
456
7283
7583
301
1651
1968
6365
8191
5082
7236
7011
4022
4413
3982
1045
7726
8072
8805
8272
6343
1318
9061
1517
6859
1338
1705
7707
6548
8354
6865
1666
4331
858
1207
3258
335
7835
2844
2823
5393
7635
8042
307
7101
1074
3793
1753
4857
839
1290
2711
5641
7114
8028
5479
7680
8425
6305
8349
8554
750
6814
5145
3314
8263
6861
2968
607
8484
8690
5176
3709
5180
7565
3424
8828
2389
2330
8749
4989
803
1996
4682
6964
7664
6095
5286
9491
1254
3975
1480
3447
4945
6207
4369
8334
4206
2897
1865
8754
596
2356
5503
1093
3269
1111
9802
8131
6006
5659
1555
6204
9041
4877
9302
109
4409
6934
5971
6465
7369
2984
6527
912
9445
5300
8745
9250
494
8915
19
4959
436
424
3186
4012
9562
1071
4515
7614
454
8475
2864
2546
4270
2008
7549
4056
2853
5954
4643
1413
3798
2946
1708
7016
5747
8886
6116
1941
1411
3803
997
1035
5824
6541
4343
9074
6721
3333
1621
2629
6331
4707
6104
9922
5489
5208
7077
5329
4019
4846
9285
2374
2231
4661
1853
711
4333
4708
219
174
7538
8877
5645
4369
4560
8515
2921
7570
5728
2905
8639
5769
6132
908
1707
7824
254
3178
8099
8304
4676
3619
1411
1231
8970
3728
7947
6967
5113
1969
8764
4171
8016
1107
7632
2988
6535
638
7895
8277
6890
7928
2633
3577
2951
5673
7374
5271
2260
6689
5472
1131
5327
3925
5647
9275
1345
6676
5038
9942
8981
9036
1327
3144
8945
4245
6286
4461
38
4456
9015
4676
5591
6582
6214
261
8589
541
2759
9033
1194
8986
8703
5632
9299
5305
742
49
1791
7347
4205
4992
418
7680
7301
9360
27
8740
9209
4137
6983
9589
8289
8433
2321
2348
9635
2567
5145
7016
4581
5330
2600
7335
2820
4067
9611
4884
9010
1593
9205
7933
1896
8886
2194
7110
3966
6423
4348
8795
4082
3096
4615
3344
9589
4400
4483
6625
4659
4721
5894
7224
2328
5382
23
9666
2650
6004
2433
2504
2447
1536
4145
5534
1456
2308
3219
7262
2431
7155
1403
689
5544
5560
9246
4885
10
7690
5701
1962
2362
7788
1915
1859
3152
4040
2009
1812
6484
5949
4882
2082
9601
8544
5895
6249
3506
3506
8092
6183
4852
8595
9200
405
5363
1331
5394
6846
4673
5553
2149
6727
4995
394
9567
6146
1636
2274
9421
23
3569
6440
7081
3323
8225
954
895
1962
7613
8996
3682
1460
7763
1930
697
4511
892
9682
2462
356
495
6711
9797
9551
9693
6077
9377
7843
1735
1779
3578
2863
5873
6623
1588
4018
5341
9946
67
4677
7632
1218
7064
7434
1466
3266
8118
9357
2780
3399
7192
8711
2582
8011
6520
7525
9765
3867
6821
3642
1161
3183
6521
4519
1032
3990
6168
8148
7348
5469
1356
8729
5799
6238
9174
9348
3676
6005
9289
5571
8560
3463
8512
3021
2170
337
1537
6254
6285
9392
3370
1509
5701
6829
8799
8248
197
584
9668
3086
3201
6019
9596
2635
1797
6809
2741
3525
8637
5969
3218
2943
4312
4910
7962
5106
8428
4297
4937
4721
9676
8673
6976
7370
4202
7209
3423
2782
8808
5335
3412
7192
2449
7024
877
942
7991
2119
5722
5593
1902
576
279
2705
8714
1920
879
1778
4110
9130
1309
6392
8087
5156
6092
9192
1378
5489
5585
8876
9783
1567
2960
4645
9515
7133
6206
8204
3060
3778
9304
7347
5616
5574
4579
2027
825
1442
4661
2060
5802
394
3046
4030
8093
8940
327
8203
3356
7289
7081
9436
1795
9366
800
6997
974
8474
3642
2464
5557
3905
6581
4380
1615
998
7023
4159
6151
9476
5244
8276
4105
2582
8192
1498
5632
8167
8345
4067
6015
9650
375
2400
2313
9071
8069
2590
1385
311
1006
2601
8166
1189
8999
4320
10000
8632
4545
230
6636
8380
6333
5813
5840
2038
9359
5646
7559
910
9485
5907
9814
7294
3078
5904
2997
2639
246
7370
395
379
9108
2015
7174
7318
7944
7322
7223
5377
9859
7597
1990
2767
5809
5550
8652
2176
5060
1445
181
5193
8775
3701
6405
50
2681
6755
2346
7436
7297
2278
3527
1327
7026
8425
3409
1245
4821
7297
4702
9942
516
3478
498
7228
411
4906
8078
3541
4544
800
5597
852
7374
6168
8712
202
5093
6355
7114
348
3593
5185
3376
8168
5262
7095
4726
6620
8792
9037
4686
4917
3729
4972
9513
6670
3655
1669
1249
9453
349
9486
1105
8558
6344
4663
214
945
1604
9910
1716
1110
2871
1073
1804
952
4205
6003
1722
1993
7672
9908
2865
6594
2462
6354
7273
4594
6042
1940
7524
5474
7870
1298
4768
954
6931
7101
3023
8066
201
8470
8650
9396
3427
4892
3039
407
8691
5451
6976
1549
1213
1345
5973
8325
3908
6150
3549
4771
7604
1277
1096
2683
7614
5162
8416
3158
8274
6532
3922
1736
4301
639
7363
3209
1717
4172
6569
8687
8082
6002
4082
3679
8027
1349
1604
6875
444
5897
443
1441
2126
9933
3991
641
4580
3221
2540
1171
5775
3611
1769
6466
9700
8218
9044
1456
7371
9390
889
8711
106
4087
7794
6759
4769
7263
8275
4955
9358
8396
3693
3283
9843
3975
5660
2931
4523
7097
56
7177
7809
4384
479
3080
1305
5102
5514
515
1163
3846
9803
4364
2821
8872
2563
5417
7056
7456
9706
1967
3732
3713
413
6677
127
94
4027
7622
3194
2247
9711
4973
3629
9483
447
6794
313
6947
3926
5738
6910
6036
1362
2516
9585
5936
7072
5534
6526
4928
6476
6692
4698
4491
450
473
9337
9316
9761
2816
88
1188
6037
7627
1023
1834
4962
1528
2201
2956
5652
4275
200
2563
2235
5075
6153
4569
7444
78
77
5982
3037
6386
7461
5970
3837
9071
8820
9938
1235
8398
3132
8263
3514
6185
3657
6793
700
1027
1380
8987
9154
5620
4472
9966
5437
1425
1588
6262
4028
6145
4893
227
6467
2516
5629
5897
9452
3216
4068
9035
2329
804
9228
8962
3489
8900
185
201
2581
9471
7686
1801
9162
4575
7137
3432
1706
4993
5229
7137
6004
1901
8218
9858
4976
6950
2713
225
1719
5137
1973
7336
2809
6895
3462
2770
3317
2905
8867
6295
4805
7970
6869
6469
9386
9004
6647
9082
6162
4164
8674
9605
8626
4371
7381
1651
6853
3797
5432
635
7443
3577
5461
2047
4975
7274
2555
8655
1377
4089
2233
7422
603
3513
7302
6645
2531
9741
4797
6215
7065
9682
8577
7977
5172
1355
1510
7006
6003
8755
9353
9489
1983
3330
2293
9387
7172
5718
638
5699
7671
2320
2784
5049
6214
9600
8271
8117
7736
8542
4818
4304
2160
4191
3783
8501
6960
3486
6355
2839
7787
4478
4987
4663
723
1678
8378
7035
1101
7120
5975
4819
4520
3944
9823
1290
2728
5139
9305
7185
8917
9351
4963
4468
7294
4145
7478
4929
6274
1400
8260
8286
8268
6267
7071
292
4877
2896
7862
8276
3385
7908
710
4040
7798
4122
6968
8195
3914
4917
5162
9502
5472
5056
3464
4208
8109
5412
3987
9976
7025
348
9971
2196
589
6230
2255
7535
1233
8233
137
3089
7711
2311
5422
2784
9267
8634
1773
3134
1582
84
1819
6872
5277
6541
2221
3047
5852
8980
3313
1177
2319
3128
2474
2735
1357
1806
4637
2708
4379
730
7000
5375
2930
9631
603
9576
6305
1232
6560
2819
9410
3178
7921
3253
5343
1623
1623
4682
3546
2409
8181
839
2838
4807
1306
7992
2967
5938
3167
7996
4208
6748
4703
7648
4281
5226
8036
5024
1320
539
5911
4144
6597
8565
6703
5972
9332
8602
5061
8264
4147
82
4216
5424
9120
3110
8504
582
8484
7164
727
9909
2749
5056
6097
9773
4167
5953
6550
3485
97
1415
8274
5076
6972
3373
1556
6464
5949
1798
2611
3186
5201
5305
4946
5514
1780
1066
3047
9589
5779
7500
952
1236
4577
8964
2826
2168
825
2331
8312
376
8093
8506
9982
8803
6815
8807
4743
9246
9882
4885
2371
45
1837
9727
1532
4746
3453
6825
9415
4734
7594
6405
4429
9200
7277
7694
7776
6650
6885
9658
9149
2074
2011
2440
293
4550
7344
8620
3018
8987
4207
4201
5873
6574
6142
8576
9520
3625
8215
1983
3960
2891
2909
6151
6110
6754
7545
553
1997
1355
475
5512
8892
4835
5246
7257
5673
8240
943
5966
2183
1748
7271
3308
3502
2538
5097
5842
9136
3203
2609
3898
77
6994
6650
3524
827
6986
5635
3991
22
5517
1692
9404
6442
5149
2904
1369
3245
6076
9380
8770
9465
4303
8441
8662
9183
9235
6869
7695
3563
2955
5752
6587
4869
7481
4018
5364
2209
7028
5616
4236
8991
9879
1551
3727
3329
6793
2220
6047
9157
3370
9354
1614
3574
240
3792
9321
9305
9160
3886
6917
560
3250
7718
5117
7503
5386
6393
7715
9887
7965
8149
3529
2827
1580
122
1825
1448
9370
9593
3632
5875
9282
2315
3037
4287
9584
4255
3920
7919
1088
3522
6629
6383
648
2714
6560
4391
2289
8431
7539
9403
9558
1071
6877
3849
6817
5947
1462
9195
3123
9591
1225
239
4630
6993
9569
2606
9740
2687
5558
3078
9292
496
2665
4448
5834
4967
3597
7396
5577
8991
8307
7655
2598
3418
3761
3835
3766
5804
8495
5938
7115
8071
5478
3987
1083
6422
2659
2813
4626
6101
6921
1696
4809
6874
642
2267
6525
1898
768
9813
2144
9089
7828
4155
8367
9502
3603
6235
7193
81
9124
6535
9697
5554
696
9717
8511
5539
8364
503
4085
2439
9053
8093
4830
4549
639
6042
2761
8957
4777
6909
261
397
4040
6345
4273
6673
1670
1317
6642
3624
6958
4465
5515
5242
9756
7036
6526
4780
5028
5348
9439
1431
4177
6472
5929
7201
1370
8813
4118
3370
9267
4373
7125
3425
2709
8383
7524
2140
2724
1295
5793
8549
9687
4874
4761
1254
2754
7028
2370
9596
1194
4392
2627
7994
2348
4832
5113
8375
3289
8564
5500
1390
9521
4427
3170
3209
5120
4147
1465
4824
9911
6016
6442
8508
6219
4262
2965
4020
8484
720
7053
6199
5799
482
4162
8683
2737
4642
9824
7871
1072
1873
6098
1427
7626
8058
3729
2554
31
4529
2193
8631
983
6742
3710
3200
2733
8454
9915
7860
221
4207
6635
6899
8922
8148
721
5505
4561
704
4333
4452
22
5822
2017
2766
3620
8222
3550
5730
6754
3520
9958
7610
8894
1563
3883
10000
881
1843
1012
3671
3253
1555
3761
3706
8204
4026
7589
2263
9520
656
7620
5194
5482
6700
8094
3663
5648
7
179
5798
2878
8405
321
7921
2734
2083
4421
625
4511
5641
5516
4489
4127
7439
3409
1109
7868
4541
9733
7259
2895
4523
5485
8909
2930
3311
2506
6339
1069
7955
5328
4366
3036
9156
8936
8121
9220
1409
8613
9876
7104
2421
1936
2549
9284
2441
5038
6950
3683
1082
4250
2285
4729
6123
4952
9333
6951
9801
2457
5557
8539
8730
9279
5017
9446
4338
1689
9812
6732
4704
6658
8020
9887
7603
2901
376
6405
5289
7361
607
2854
8355
7297
9300
7998
953
3315
6706
7553
288
5939
1835
8987
5879
3783
2107
9183
6403
6368
7060
6201
3156
5490
8908
1639
1174
1165
3213
2720
2919
8216
5498
9501
8956
4553
1251
8179
3928
3721
5227
8724
5713
9853
5796
5606
6774
3775
3763
9412
6864
3557
4875
9827
3853
7684
402
1463
4298
4500
8899
6459
3874
7433
6214
1246
347
1285
9942
9921
180
9080
4546
7374
2771
1156
1395
9764
5679
8138
9754
7121
5548
6515
4484
145
9611
4382
7272
8436
6358
8329
1503
3237
3318
4834
2348
2779
8398
1500
2912
1970
5472
3097
7725
2044
4024
8736
4776
2732
1030
8482
5131
9150
1912
5657
5019
4085
5206
2370
8786
3476
1477
8258
3428
9960
2371
6571
4583
4096
5136
244
6391
5636
988
9368
5533
8169
4390
4960
9447
2409
4133
6412
8343
1648
9325
9401
6109
3267
3763
5227
5390
9128
4591
9881
4218
4618
8359
5976
6418
1128
6158
2826
3841
8822
1141
9224
8722
4486
9240
1150
9477
6407
9508
7798
871
3174
3586
2214
7952
5592
8400
6913
7036
8449
3249
4371
6794
7003
180
1176
4884
8525
7537
712
8127
7967
4587
1334
1946
2196
4824
6182
7372
7124
3973
7503
122
8460
4423
4914
2028
146
5804
611
3961
4349
9535
6457
2274
3892
4737
8383
7196
1781
4172
4309
2442
7773
4482
7982
5347
849
2531
9756
2586
7974
590
3947
1432
1286
887
4854
4407
6442
9810
9649
9312
3442
3542
2307
885
9360
3648
7065
2598
1219
2066
2080
708
5956
5521
614
677
8843
5469
9054
507
5906
5307
6824
7540
4065
1149
5901
7941
4458
3007
3006
8834
2874
4438
233
4794
1695
7600
7346
7303
9610
8743
4317
3561
1302
8048
8865
3738
7505
295
7388
709
7353
4361
1740
2783
5762
7112
3992
887
8448
8537
9551
5664
7901
2186
206
1106
1028
8621
7114
4424
7411
1991
2617
3868
527
7573
8287
210
6346
8217
8360
8764
9530
4684
2810
6515
9396
1444
9732
7568
6308
6625
7181
9268
6374
6358
132
2412
9326
8869
306
5397
5675
4444
7710
9042
3150
931
1539
9195
1509
7735
8943
7392
5123
3445
3937
5118
6111
5948
9639
9790
8213
1300
9771
2872
9398
9105
7547
8894
3386
3252
2593
999
3023
9483
3773
2158
6428
6676
2189
3548
121
6761
1066
4003
5597
8485
7384
7376
6024
4531
2662
8337
5156
9446
5111
1724
3133
5269
3971
5283
4341
7546
5936
1814
737
2193
9785
2553
6377
1085
6796
4316
425
9242
4154
4749
4909
14
8813
1652
1118
8990
3458
8647
1868
4521
4069
8870
3797
6549
221
8428
7156
832
8704
505
3009
1361
8824
6017
8251
4
9358
2584
8327
6519
5136
3580
24
1105
3144
2721
9737
6420
7103
6168
8294
9005
1061
7683
6946
5191
8814
6585
8771
7311
2681
4250
4143
7050
3880
748
8168
9627
5174
1723
5281
1491
1192
8523
8522
9408
4902
7301
2217
5258
9847
8391
7589
6710
6901
7252
9132
9609
3410
6559
9860
5909
8497
9755
2911
686
6938
3851
8198
8300
7699
2263
5735
2292
6687
9288
8880
8585
2006
7831
172
9792
3552
4138
3637
2223
3489
4833
3620
2348
4596
2240
7082
9605
7422
2100
2950
6616
537
706
9938
2368
5156
2001
3864
5165
1057
3348
236
1049
3645
3175
7657
7419
600
7653
7500
8023
937
9569
5220
403
2220
5642
1449
2980
5905
2373
2324
5834
1085
9368
7373
2059
8203
4040
9277
9504
658
885
5261
5170
849
9890
7176
5449
447
7217
1567
1654
3671
5453
5516
6181
3645
8176
6588
9905
9460
6655
5426
2117
5466
6894
5470
5918
5784
2855
4725
6549
9420
3459
4488
6283
1921
870
5694
2779
7215
1258
6519
6552
3780
5150
7713
8709
5856
8375
5897
6408
9645
2524
1080
2385
5857
2380
4879
2922
7253
1118
4692
4826
3139
3756
9083
7299
6976
8093
8835
1617
8793
5654
4485
8267
3621
4075
5244
24
6467
9895
9625
4714
5548
6416
93
9133
8388
5028
4136
1859
4303
3887
7561
9134
9467
1059
3406
6698
5539
9239
5322
5241
5667
4351
9185
9548
974
6509
1905
5735
3189
1874
8865
5896
5214
9365
4893
4895
2494
9262
7080
7394
486
3425
4574
1653
5885
2939
1717
5752
7025
2320
4380
2303
5430
7009
6656
8749
8851
3578
20
9272
4287
9640
8945
6443
3188
3169
6614
7792
4793
1088
3826
6948
2771
7962
4082
5996
6351
4107
4050
5895
9845
5583
9316
8703
8778
85
7937
7729
5038
8881
1258
9537
3716
198
4763
2010
787
2307
1240
8145
7577
7567
1844
6919
4539
7612
7051
526
8899
7969
9141
3421
2926
1278
2747
567
5871
3829
9088
3880
7009
4438
6263
554
7165
6101
96
3225
6310
3374
393
5414
4680
572
2174
7748
7372
2855
6861
5278
9247
9323
8912
5025
6578
3937
7906
9524
919
9922
9758
9687
6132
6053
9151
5906
3818
1144
8923
9906
3983
4049
9268
7562
4664
3372
4883
3958
2060
9127
3553
1303
3859
5458
5735
6064
9108
5297
3007
1397
3777
4509
6163
5240
9280
4846
86
6795
1231
1358
1065
9401
5676
4960
210
138
9349
551
328
7344
173
4721
8030
5070
4992
2170
1161
756
9444
8660
3485
4130
2012
7967
6784
6004
209
2194
9974
8372
740
5109
9366
5361
1541
7094
3604
3025
1695
2057
6159
6943
2227
1679
7552
3550
6836
7397
1861
7313
8676
1771
7154
1309
361
3605
9932
8547
1606
9297
2089
7914
7270
2317
910
8652
473
9358
385
2230
3917
366
332
1544
9282
2888
8012
8392
4495
733
3740
4270
7915
219
5910
2631
1561
7047
5347
7472
2601
142
541
7530
8797
6142
1951
5148
8026
8266
9234
571
2969
2614
2538
699
3838
8787
5351
3556
2940
6448
7770
684
846
3372
8839
9039
723
2186
3775
8956
3787
2771
4180
9917
1234
3574
1009
4304
2725
2553
3515
7674
5784
9178
7602
6897
3313
6328
8324
9220
6640
1585
1487
4703
2603
1495
5962
2834
4737
8666
3241
1235
2974
5462
9155
963
3126
7955
6741
4052
235
4969
527
1060
5116
1798
8657
1217
8099
5608
8962
4354
7150
2598
3753
6690
1726
7774
8100
540
7265
2640
431
264
4877
1863
5148
2856
1192
9887
5590
822
628
3574
2384
2762
1118
60
325
5573
5260
5685
1211
6390
3274
4067
8392
8481
688
6822
3062
6764
5541
7273
8730
5310
7261
2493
7738
5190
6073
807
3797
4283
6529
1007
7811
8779
8703
1131
688
3886
2696
6877
5870
3538
2840
3043
8711
9902
700
201
5885
7352
5018
2584
171
7047
8667
2371
9892
1079
1736
4564
5138
3709
8979
3535
4395
4677
2221
3541
2979
1767
4154
1261
5068
5235
9803
8683
4275
5161
4704
4217
6014
9590
8401
8774
684
7125
1881
2250
2271
3951
3715
4947
5975
8927
6968
8468
7480
2336
2326
9113
9602
8463
3762
6986
6040
2012
2910
8899
6173
4929
7652
8276
3919
2317
5960
6815
72
2070
2237
4193
6335
3709
7751
3365
1886
2525
9795
3171
4972
9946
4583
5891
2246
7916
975
8678
4283
6750
5298
2221
4471
7157
7070
552
4884
7955
6623
7464
6845
7981
131
5761
5594
2322
9121
962
3904
4186
7577
9648
8266
964
4794
4250
3864
7910
9426
3077
2865
2260
772
6933
6607
7878
7702
6519
572
7909
2394
4611
9455
9586
5329
5347
3269
2138
5118
4008
138
4860
3046
1302
8507
6506
5766
5964
7356
9362
2079
5460
1455
4746
6966
5659
8865
9701
3738
6707
6544
4742
30
7568
6069
3230
8889
2182
6084
1081
6390
6768
1895
2108
2445
9821
9107
6629
2274
1810
598
3680
2250
156
6289
3647
6409
5630
3704
2480
785
3800
8216
7511
1277
1965
7458
9045
1212
8113
1135
8723
8496
7601
7509
1494
2825
1388
4345
852
9989
492
8154
579
1310
5205
3445
5730
6306
3564
5175
4913
1743
9946
458
3742
4869
2353
5974
2053
4853
5464
6274
3458
6611
8063
9397
4026
1911
6256
3319
3337
2345
4314
4021
9029
7367
5251
6737
6627
6210
3530
4936
2266
7677
3745
852
2892
1173
3098
3176
7525
6465
7162
2337
1263
7717
299
2944
6584
6882
1421
5319
6231
140
4008
8188
6838
5899
1788
2611
1244
8068
2580
1300
4269
839
9424
9092
8107
9553
9300
5396
6067
5329
4363
1618
1683
4443
4233
3294
8701
5529
7710
1954
8697
2164
5584
8772
9430
9387
3476
5274
7488
3536
5656
9265
672
7729
4500
5585
3220
8103
138
1945
5271
1895
5015
8991
1209
4614
2597
4754
2662
8742
2923
7198
1077
562
7581
4345
9292
4149
6133
1881
828
1671
7699
10000
6895
9177
6591
4976
6831
1871
344
5230
4304
7939
4645
974
1109
3528
1423
5861
5529
6264
5375
5406
3080
9907
7397
5606
876
8546
9432
5536
4729
3057
5508
6136
4109
7871
7836
4220
3983
5613
7757
8736
1301
8882
3030
761
6486
2988
2494
2296
4029
7674
234
2391
4797
294
1273
2827
7575
3610
2918
2300
2988
5644
2921
1411
891
7729
886
7997
4620
6775
446
2719
5034
4528
4557
2044
8507
3048
5448
9615
2845
9438
683
3572
1993
8382
5807
6437
3159
5732
887
9696
7656
9298
8664
2671
9601
8648
524
6629
6537
6605
2262
213
8091
8843
4469
5143
3577
732
7812
6455
123
84
1501
4638
2956
7164
6992
2054
7353
3611
2073
9531
4083
6298
254
7977
2939
1523
3366
6909
5489
7076
4836
3321
7193
5406
2216
5608
6810
5639
123
6807
6050
267
6140
2882
9749
8657
3300
6851
318
7639
773
7521
8385
7260
1108
5292
7440
8755
5347
7498
7066
8
908
4251
3044
7569
6146
