8850
6316
1270
9769
3565
361
2242
5954
5748
8406
7234
4680
121
7109
6100
2741
6799
3386
725
3739
7006
8786
2886
7048
1525
1997
9076
565
6709
2206
6594
8366
7598
9312
1149
5583
407
1425
3120
4448
6763
3503
3192
6556
9030
6559
112
7332
3487
2157
5930
5662
802
4418
6421
1489
7889
6670
2741
9851
3593
8062
2876
2165
4377
9870
972
7021
4663
2120
8786
4565
1799
4237
9911
4715
9810
2628
4472
1251
5579
9534
5935
916
1551
5295
6851
423
9760
7817
2741
531
5123
3524
7148
3388
1310
9521
3269
7433
2968
4199
4587
4072
5132
8988
9931
1421
856
8749
4134
8109
4278
9684
1790
2343
6198
9925
7554
6668
5825
8540
534
3583
9903
8156
3562
1859
5928
6560
5827
1241
5263
8889
2546
7028
868
6215
7316
5354
5272
9314
8305
8862
153
6239
2431
5015
2180
3428
9807
6728
6357
9134
8585
7211
6867
7670
3734
1045
8168
7938
228
6586
675
3766
9104
2832
1111
1862
2534
3311
2726
5996
1054
2141
5158
5379
7513
3897
2176
9366
6658
5481
7543
327
9111
9318
5596
945
4007
3318
7179
5831
9528
5698
5564
6243
1026
6672
9710
3789
8132
1231
2655
6069
983
363
324
2524
8391
3703
5695
9058
9173
7300
9401
6086
3191
4323
7518
6570
9855
9027
1475
6212
2555
8638
9146
9399
536
8878
9260
6006
9085
5930
6931
2470
3653
2801
5438
146
6019
5456
4206
8168
4726
9168
471
9963
8152
890
2749
7368
9929
5640
8461
6615
1482
4767
4916
7305
6374
1697
3469
141
9417
35
4771
7677
3038
6031
3311
1258
7229
1508
3227
8399
3680
928
5949
9591
4429
580
4026
6272
6260
8133
8633
7240
6916
3965
6156
2018
6037
3865
7751
2848
9006
5694
5915
9394
9935
5537
7655
4976
1000
2996
7708
3600
590
5546
5276
2685
4852
9916
8458
3482
2572
4456
1454
4683
8192
3403
1049
3143
6782
1608
286
4771
5191
2484
6411
7201
5015
7963
8341
4628
1321
7660
4560
1533
3591
7068
8500
3654
3571
6258
9599
2107
7876
699
7953
7486
5319
9349
781
422
1878
9265
3785
3835
7248
1661
248
5239
2957
3279
3340
6374
4368
2496
8184
7092
4506
2785
2396
8949
6434
2429
1081
5246
2934
3123
305
8449
5795
7502
6293
7695
5239
6742
9082
9153
8198
6716
8710
7549
5909
7412
198
5831
1187
4449
6388
7297
2626
6005
4454
4388
5141
5012
6611
2674
7855
8439
3798
8420
3884
4329
3881
2536
9860
3716
7271
4102
3251
4132
8081
7899
5715
1148
1000
6360
5390
1880
7595
3462
7951
2405
9560
3097
5793
3974
1725
221
2379
8890
4474
2705
3871
9561
8236
2137
1526
4439
2809
6797
6583
1628
939
2654
1979
7088
9387
8473
8296
3979
6879
9509
3949
1359
3164
1355
6814
1886
2584
2795
6409
2182
8406
1026
6720
2814
868
9369
5567
5343
7857
7048
2898
1781
2759
8292
9192
7717
1594
7162
2400
2819
1300
6130
5939
8912
7488
7633
6499
5198
869
7666
7606
6147
7254
6036
5886
6506
7250
8653
1131
1162
6884
9719
4577
2716
1304
7997
3495
9623
7104
76
886
2522
8256
8811
4194
5884
8163
8490
7418
2872
7986
658
9870
7519
1820
1521
5381
4339
3147
4818
2990
6589
3851
4545
8411
9901
3763
9814
6101
2993
2886
476
540
4469
9544
9837
2893
7295
1180
6449
840
8847
9861
9186
6377
4718
8313
1436
5686
7878
2848
6157
5865
4577
1025
7807
580
6697
6543
826
7212
415
1945
7507
290
2082
8631
802
2685
3564
6301
2489
3056
7962
6161
8226
7050
4830
6456
8681
2435
8797
6494
5967
7166
105
5350
8561
7147
8192
275
9543
3259
9115
3350
7015
4302
4216
5105
8278
5277
2241
5961
7244
6751
4520
5612
9933
9704
3903
3315
6581
437
8017
3475
1424
5890
3722
3628
783
8396
9600
2370
1168
2804
4995
152
3251
8979
1435
9681
7893
6855
645
5150
3556
541
4662
2473
8942
4211
5208
7952
4997
8560
4648
7967
8519
2015
1077
8427
9224
54
690
7549
5611
411
6846
6756
6717
7930
8777
6919
9884
7675
9479
2183
4603
689
4888
2137
760
4311
4780
1419
1847
8075
5112
8584
3693
7967
1476
7760
9100
34
1267
374
820
8815
3556
6737
7935
6367
6363
6592
8413
2035
2571
4146
1882
3609
9188
9845
3135
26
6133
3416
619
7151
2372
985
2122
1850
9614
2284
9149
7925
3523
3438
4017
623
9822
2226
7331
3686
8915
7148
1188
6711
4971
1516
406
5030
3365
7635
2964
9187
9146
5907
8423
4931
6440
5858
1960
5929
9953
7270
9422
9806
2284
9648
9293
971
3205
5113
4250
6344
677
9043
7913
487
6019
4322
9835
7457
765
9009
6856
926
6166
7251
9960
7497
8907
2006
9024
6339
5009
4424
6602
620
1425
4610
5274
2854
968
5145
9023
4753
4901
6165
1884
9447
6633
8827
2506
4603
1923
6516
7818
2835
9217
8781
4490
426
8951
430
6006
7282
6310
8249
9378
4233
2179
2007
3791
8506
2429
4407
2586
7170
5337
8156
5056
8621
2987
8863
9657
3709
1602
1311
7133
4776
2882
3025
9223
9669
5048
9695
2740
4689
8702
7475
3637
9708
4616
7287
9528
5606
1804
3192
1421
6887
6911
5789
6618
6040
8469
1235
7110
3934
110
4848
6917
4295
5099
7227
499
5726
7233
5313
9136
1547
5512
8518
3197
9097
3595
7721
8424
1143
8024
8812
9894
6939
4270
2077
4146
1042
7701
8852
2502
3009
3328
3978
1223
7769
7596
1939
3855
6283
5781
6374
2375
8653
8625
668
8393
5647
7432
3342
8432
1654
2399
8137
7135
54
6981
5408
4815
4996
7194
6339
2150
2482
1934
1705
6054
8889
3644
7636
5539
3999
5935
9384
8903
5542
823
9070
9022
3519
4176
3670
2342
3558
7302
9496
6246
3083
7532
4926
1918
4003
3333
4408
9103
3760
7328
2670
9466
3367
7539
368
6297
5482
2413
8663
9166
9860
7021
1082
9111
1833
6360
3515
3436
9088
3757
2412
6239
3063
5391
7390
4983
3930
8128
9168
3168
7300
3904
7063
6410
4609
7159
3808
6616
4673
5531
7179
5695
7852
8940
1839
5014
1424
16
2873
422
3718
9810
8507
9503
6023
4183
4740
1843
831
2977
8414
2225
9884
2303
9088
3949
3445
9875
7581
183
6304
7832
2969
1214
9057
137
7615
2151
7934
6028
4557
6097
4039
4470
1552
2805
6544
6042
3017
2054
3044
7787
4845
615
5407
4307
8019
9026
2513
9320
4933
1069
4080
1933
1458
8059
1475
982
2845
7896
8058
7686
9181
4552
7087
5866
1588
2747
2974
450
4351
8530
5997
20
3833
2746
5103
6592
8066
6678
3473
5658
2231
4297
39
4108
2748
1215
6987
6742
2972
3562
3121
2606
8519
5340
7232
7352
9390
1301
8840
3091
8733
3296
5582
8855
3462
5654
2784
7413
8416
7467
6280
7675
8002
7469
7281
8285
2518
5162
3339
2671
456
4998
8162
3247
7761
2816
6368
346
2924
1755
5407
9042
685
2452
791
2608
7782
5710
1041
9215
2642
752
1923
2277
4163
2553
6179
1942
1719
7322
3000
8285
939
3327
2500
3686
2587
9460
6842
6930
5339
6832
7667
3366
7082
1719
5673
7915
5272
4383
3463
7189
9806
587
3343
2833
9362
8948
5914
3231
6898
2254
6875
83
2154
5345
662
7531
5803
263
3399
4895
7641
3330
6529
377
7724
8538
6230
1919
9694
5500
3003
4850
8345
173
9778
9069
5505
614
5402
3342
1868
6872
4305
5720
9040
2173
8110
6158
6481
526
5198
5962
2329
3609
2640
474
9421
1079
5615
4701
7674
7027
1359
9177
5875
3218
502
1491
498
759
3005
1106
3785
2904
5233
3587
2430
4165
424
8910
4085
6167
2590
4350
5900
898
3391
8383
1852
7151
429
6264
4248
6704
2615
3290
2800
6360
294
9531
5168
1806
96
1047
1229
3626
101
2714
3092
2458
2978
7678
3187
5869
1235
2922
7288
4412
5783
575
10000
9146
7644
9715
2644
1580
7710
8646
7776
4764
8176
3354
7153
7294
2165
6315
3925
312
911
9423
997
2710
9679
1816
6118
7254
4284
2353
5467
5801
2651
9091
7666
9355
6450
1726
3060
1407
6835
5726
7940
9464
3660
6294
57
8884
4088
5825
4442
8861
2634
1327
7705
2660
1091
3821
1607
2162
1745
7665
6853
5637
7577
9283
9560
7681
4096
306
2144
7766
5960
236
5412
3331
3540
7098
9680
7263
2123
2059
2086
4863
3712
4273
3583
2443
6502
5768
1851
9716
2786
7311
5851
128
3994
9424
872
8512
9372
4552
3688
9766
6616
9823
3542
8486
9514
4643
5981
6393
6885
6110
2491
1856
3166
5496
9745
5698
6958
9303
7604
7528
2846
6110
1162
6468
8348
580
8293
2150
6349
9497
3834
350
1418
1391
6734
998
3249
3512
1126
3136
6018
8220
2459
5683
1532
4322
423
5735
8088
8753
1595
1598
6653
4454
4956
122
106
6448
3367
6347
8763
6357
8485
5040
4692
6335
8441
8378
5999
3117
3625
8223
9887
4053
5547
7737
5079
1576
8933
8739
1474
3639
3069
8592
4055
613
9638
5008
1128
7471
3190
1230
9564
6829
7371
9416
3030
1931
116
4439
4523
2587
7290
4793
668
5932
2306
4642
6433
72
4531
8400
4873
214
8507
6502
202
121
6936
3753
6501
8215
3332
3188
8712
9111
9222
3718
1239
4608
96
8696
357
5293
5967
9429
8126
8605
4635
9937
6094
3522
6287
1827
8019
2564
7295
8455
6669
1934
5452
7082
173
3864
9021
621
9169
2346
9789
8178
5430
7994
4135
4693
8148
3291
8708
5545
36
2171
1778
6989
8591
9657
612
6641
7545
6993
9457
6119
4496
1207
1378
2098
4469
6933
9857
2726
1702
1167
5271
6313
1556
2785
2980
1310
5098
1837
6875
6817
979
57
1120
2909
1435
6448
9553
2579
7033
9123
5781
8120
6338
9715
2738
497
1374
2433
2997
3235
9283
5994
4358
8892
4722
6243
343
7919
1598
3445
323
7983
5260
5381
1524
9315
8966
6741
8953
6808
4531
5171
5904
875
9511
7296
5921
8446
4063
5661
4199
9233
3343
8837
5672
5263
4708
2460
7665
6956
4401
1252
7156
1295
4191
1441
462
755
950
8965
1623
1085
4505
8360
6576
7787
718
1166
9798
6203
7451
55
4394
8938
4005
1
9800
7187
3915
279
2134
3032
2845
3437
9348
881
8364
4769
2742
1939
2573
7415
4400
3254
9852
1497
6492
6130
8648
7400
5008
4996
4493
1791
5609
891
8039
4375
4757
503
7889
4037
1234
87
5103
5351
6384
9284
375
6044
7119
849
2500
2422
111
3309
6432
1285
4403
3934
7064
4415
5215
1339
8439
8601
9742
225
3369
3236
8744
635
5796
973
6689
5818
6582
2778
6236
2623
2143
3234
5330
829
4012
5790
8222
1897
7438
6723
7777
5555
2074
1205
859
450
9813
8869
1309
3893
570
7069
8149
8305
3131
2707
6928
6456
3634
562
1825
5138
9185
6461
5069
151
3502
9708
1251
5578
8721
7957
302
7735
2076
4860
3860
6536
7044
58
4590
2819
8372
9612
5137
5403
2726
1890
1150
2408
2072
4337
8180
7474
9855
1835
215
8794
7925
2980
2609
7833
8253
4237
1531
9651
3672
8355
4007
3684
8564
7782
9755
938
6424
5183
6401
3538
4574
4311
4313
9060
9938
5625
668
7458
5488
7457
3316
4215
9804
6123
92
2603
6096
6473
9148
3508
4415
3390
5912
605
4363
7237
1009
2580
181
5542
7997
2140
6733
6133
8429
3530
1610
6884
5013
862
3774
9249
4302
8861
9816
4328
7634
4644
6309
7853
3964
3605
8863
9557
8924
2299
2564
5641
8046
2683
6556
966
9992
6789
2338
2891
630
2761
1061
1362
8967
2847
3211
7493
8554
6942
8721
403
2970
2762
9716
3179
2856
8551
4372
8543
1469
4983
5511
693
7393
1089
2109
2325
2129
3515
9968
3206
2142
8359
2903
1828
119
4212
6373
9617
8026
745
4426
3964
1449
3366
5759
5129
9057
3547
9280
3172
9386
3262
8913
679
7195
4897
9633
7641
6826
3199
6989
5267
4830
2863
678
2246
2814
1283
7525
9676
6718
1699
3661
4351
1300
6205
4820
8030
3003
65
2894
3987
2754
9705
3030
8608
8876
1078
5033
7641
8233
2390
2834
2362
3184
6345
9023
6795
1357
7283
8176
1788
1404
1790
7547
9854
2968
5231
9503
552
1947
226
3129
2823
9327
9243
3569
5434
7171
3174
2277
2958
9032
9001
5814
3452
1280
1331
608
6218
9386
9213
1471
8242
2795
841
7369
3750
1252
420
9124
8906
5049
7701
8266
9116
8522
799
6604
1014
6099
8175
9371
5314
881
5573
3305
3325
3881
7112
8141
2533
7215
3061
5582
8736
1763
5452
5239
9419
1626
7426
9992
1994
6581
1170
9844
8813
4230
9026
4439
4980
6869
3271
8445
108
284
4531
5295
9237
8408
3364
9326
8367
4772
5350
5116
3563
7596
3615
8922
4705
2168
5818
543
6793
2493
12
1116
8224
9946
364
8664
8975
1502
8378
6456
7084
345
533
9377
3375
3117
5331
8183
9950
9971
4275
9483
7756
5541
9428
218
4958
762
9094
5970
6292
4528
2186
499
5816
7929
8249
3868
1474
5043
2620
493
8993
3456
1200
5433
6116
6531
4317
8431
6348
5505
5845
1127
4610
1414
5434
2967
9914
9923
6163
5899
9212
1617
2702
3587
1151
7111
777
8051
6584
6192
309
7350
1721
5026
3282
1785
169
7341
783
6021
4958
5476
7769
8867
5791
2030
2604
6523
2798
9043
72
2293
266
7669
6707
5205
3563
9446
1808
3144
2142
8651
8652
8932
6656
1056
9169
6262
4749
8432
7484
104
2407
2310
5026
9733
8631
798
4679
1024
5086
993
5520
9738
7483
4804
5370
7543
6687
5393
6154
697
9583
427
2369
4336
5031
3897
6788
207
8733
6600
6849
28
6558
9621
6001
9083
2532
446
4153
8650
5799
5274
8196
7352
4811
4888
1845
8845
7309
1637
3494
1114
1615
4604
3540
5996
334
4231
3728
4893
9954
4460
2161
1633
109
1002
4134
1049
2157
8321
5342
6364
2572
8352
1914
801
3911
7819
7818
7959
7877
33
4205
6445
4244
5406
6021
485
2667
7431
2898
9336
1093
3911
9449
1774
1865
3930
1325
5350
9367
6418
3805
8018
8956
7795
2864
2442
2678
9404
3647
5818
5421
7106
8782
1890
6802
5579
6967
5503
4456
8344
8693
1809
4471
8910
6797
6225
6014
7411
1913
3781
7677
3319
7324
8777
3363
6782
6446
4010
7416
520
7981
4251
1140
4243
9455
7478
4197
6236
8109
1106
2274
7990
8868
9830
4060
1812
9508
637
8999
804
3088
5523
829
3410
4700
212
8211
6589
2727
636
5550
9608
8651
3939
2312
4087
1281
7130
1142
2522
9895
3171
3004
1808
8616
7941
2385
3847
5887
7120
9616
7486
5005
3717
1680
5692
3607
5897
7651
5249
4884
7993
8631
2333
8163
1651
5071
4792
9899
9782
4031
4150
9621
8573
8313
4954
595
1866
2974
9009
6399
1110
8492
7615
9043
9312
2159
5344
6738
7550
161
445
2693
7173
785
2495
2589
5041
8040
4836
3046
3131
3990
8935
6037
3454
415
2477
182
6064
4915
9762
5222
2823
5692
7631
9041
5006
7585
6296
3025
9115
6824
6198
4225
9128
9680
1569
5434
6950
1839
1450
2655
8902
7421
8176
3682
9438
3432
4658
4944
1293
660
7906
2159
2190
5896
7663
1603
1457
8288
7960
8400
6942
8837
2070
9211
1894
4882
9572
5872
9458
568
2507
3554
5147
4252
1470
924
6106
2680
6452
1875
3567
1862
8161
1750
1785
9457
8565
8162
4955
8918
2471
265
2369
9105
8763
2129
1039
9152
8913
5124
3325
4509
2745
4608
1751
876
6551
1072
9049
883
5750
3974
237
8079
7003
6563
1302
8187
7795
9034
6823
3734
2317
4449
3079
3944
5632
5547
9763
1834
623
4867
6953
5175
2572
617
3125
656
3766
8868
3566
3867
2602
6382
6838
7240
6338
846
3025
235
2510
2330
5429
3687
1517
9111
5181
2347
1931
5113
7263
9866
7181
1296
7760
5107
6481
3435
7133
3419
8715
7701
1466
7780
3690
7161
3257
572
6262
447
791
560
8576
9247
7969
5297
3911
8525
2721
9534
5315
7815
9100
2950
9891
5578
8510
1990
2838
8319
7674
5217
11
5879
913
3686
288
607
4660
5822
2295
7721
3378
5943
685
1716
8024
3518
3583
1505
9196
1045
9248
6528
8222
8032
5629
2221
4405
8554
4998
1448
3207
1929
83
4073
6730
8383
1408
1588
530
7497
9026
9347
4806
1086
602
7230
7251
2375
8965
2784
2832
8133
2074
7243
2834
2249
999
2446
564
2318
4315
150
8591
1773
6821
1452
4541
6819
7678
9915
3086
5805
8992
2178
2775
6998
2378
931
8724
7130
3860
8235
8903
6251
395
8411
498
7937
7295
4482
772
1733
8810
8931
7628
3537
7932
4123
7132
518
5846
8982
3567
5936
1783
8150
8144
1269
2407
5682
3372
1219
5204
8326
3898
58
3570
387
582
1205
6417
120
4851
12
657
7253
7489
4310
9547
5940
4785
6933
1607
3228
202
6256
315
9018
9518
9150
8101
8575
1193
2787
2720
3273
7423
6740
1350
136
8284
3953
623
2098
3840
7386
2744
1309
5987
5817
7659
9773
924
5257
9085
7617
20
7945
4712
2297
700
9043
6310
5978
4639
6339
1284
2622
3738
9874
911
4868
3353
8812
361
6343
4654
1459
2568
6405
6068
6962
790
9542
766
6169
2253
2471
9517
9987
1291
1226
8158
6049
750
8302
9915
3809
1770
6896
7720
8267
6702
1127
6602
4755
9331
1686
6499
4839
4290
8661
6465
5741
9066
2470
704
3385
7676
1515
7643
2913
3879
1355
7415
7966
683
2515
1196
8916
5336
2218
1242
1537
664
1568
5140
5522
7883
5118
8093
2601
6258
1252
4848
1710
2093
9598
7919
4492
1183
4525
685
7480
1525
2881
8343
5550
8745
9203
1980
968
6436
9784
6525
6289
8353
4608
8081
8880
5895
2633
535
8596
8861
4263
7292
3023
9058
4061
8925
7897
3567
3891
7465
3510
5142
7108
872
1911
1327
3830
5763
1033
1792
2063
6559
9261
6557
6356
2656
9223
7784
9927
3442
9376
4301
4793
4606
7965
2646
7359
5455
5784
5686
1474
235
6539
2713
4741
564
8367
5812
5267
8728
766
4067
6835
9886
8633
7728
9756
911
656
557
7604
8690
4226
8004
3204
5991
2502
5680
1880
2407
6100
7030
261
163
4532
6614
6931
4908
6399
4722
5120
1352
1600
1065
1457
5163
1123
3830
2962
8894
4903
882
5209
5689
9483
6134
6022
8049
294
9109
8045
7626
2449
8996
6890
4538
4214
780
4883
9902
2166
3966
2227
5394
6559
2484
1713
7094
411
72
5533
8428
7262
3670
1012
9034
9653
517
5520
5843
7258
2626
8799
6878
906
1519
8702
9243
9513
5581
4048
473
6505
6320
2979
6708
4221
4865
4286
4621
9339
5747
2441
1774
2419
2926
7708
6586
9836
3373
955
1652
6655
955
6149
5363
2389
5152
5571
6261
1456
2389
5804
6074
3451
9820
8815
6142
6447
7549
4274
399
7463
7420
7564
3397
8363
9070
8735
621
361
6585
5217
9471
6724
7300
2526
6048
4627
5574
3634
4279
9258
2704
7394
4057
1577
9416
2562
2390
253
657
5952
9551
8353
4556
3679
5259
1814
9967
8625
4747
8071
6181
796
6152
3975
3507
7004
5678
694
9137
3044
1759
9930
5746
2763
9902
5581
4789
433
5124
5599
7982
8083
5693
6181
9933
1829
9610
1038
5130
1113
3828
4935
8739
5173
1924
6371
7756
7272
2104
2469
190
647
9273
8024
841
5905
6349
527
6203
2968
2296
8845
375
1190
8041
4655
1548
4473
8359
666
2376
785
1966
1626
4592
7300
8797
2591
3974
5353
9878
9544
5893
232
7873
8380
8857
5367
6569
5811
4500
2048
1135
7230
9247
776
6264
7807
8852
651
5164
5064
4203
3355
7924
54
4946
1226
7217
4197
2604
6519
8484
6103
4674
4818
2724
6768
8787
412
5490
1092
2555
1400
4874
9155
1347
4332
2519
5293
6695
5685
7092
379
9291
9237
6299
6568
8008
1744
155
9931
5672
6985
5633
7117
7503
8075
6604
8492
8565
946
2834
7054
2767
1853
3354
1927
6739
8258
9584
423
4169
6993
5630
2459
1829
158
9497
2115
527
3378
7891
8451
4926
199
3696
5579
1486
4697
2382
6988
6513
6322
9138
4143
8173
6814
4217
6139
1648
525
198
5967
3170
9023
4594
7768
2866
3786
9866
2532
490
2032
7351
374
9338
8285
4346
7306
3352
7060
1525
1142
2019
2649
1800
2314
7804
3183
4283
9741
4085
6998
7800
4168
9328
2496
5005
7810
151
9427
263
8605
4909
2184
1926
8691
4005
4554
9494
7800
7148
6787
109
66
9735
5872
8248
1550
9171
3742
6019
9432
8301
3285
6683
7531
9459
9324
3277
8839
6321
4560
2572
4921
5047
1900
414
261
3719
4453
6075
1403
888
3619
8072
9085
5010
953
5966
8697
8921
9058
6724
4165
5863
4545
6318
1523
8519
9789
7376
8461
7348
9941
3587
6629
9397
4331
6124
9617
5232
1519
4982
830
6636
6464
6078
1863
7771
3186
4335
846
6704
803
2752
1283
468
1296
4169
8309
4387
8225
8806
6942
6449
625
6014
4230
7064
3687
1099
3485
6196
518
4608
4653
155
2312
281
5416
307
1259
6538
5881
3705
3849
6085
6930
8749
6630
7513
1429
8342
2619
3110
8958
5768
1451
1019
1073
1641
840
711
251
6185
2340
9138
2956
5708
8815
4426
2092
4607
458
5340
7913
8264
9723
6220
6288
8235
2850
6352
2875
1293
8517
7628
5424
9696
7945
4253
2339
27
4465
5859
1797
4650
1582
1539
6561
6908
8014
3470
8936
3476
5315
4400
9452
6194
6291
6727
9474
2276
5915
5794
9471
5340
4931
5442
8504
6025
9140
236
6363
6551
5183
4798
6598
6281
9927
4499
6797
4858
8421
9505
8831
1164
8906
1900
8423
2001
4839
3222
9533
2606
6516
2164
8363
7226
9269
6056
6368
7137
8432
9032
3845
437
5053
6986
4210
735
7777
4381
3262
7134
6040
1251
9115
9177
7624
2407
2421
6703
115
6359
6316
4499
8239
3075
6503
3882
3209
7391
210
8071
8811
6689
4998
868
5364
7846
9324
2446
9099
9376
2662
3917
3168
7701
2921
9367
686
7346
5166
9998
3592
701
1183
3201
6743
1799
9870
6905
9284
8158
5360
2567
4385
7096
8247
4836
1219
347
4438
7185
7079
5447
2829
5277
6660
6490
1331
6788
3998
2919
3109
8807
1520
3701
9125
8579
7203
8284
5625
9758
1998
9298
5987
9318
3133
2913
2126
3791
7723
5408
4131
7716
8343
7071
1116
8327
1336
8107
5723
4904
5406
5289
1194
8595
4150
9155
4528
4706
3478
3987
7841
1501
897
921
8243
2548
952
3940
8489
5783
2753
3723
6617
7078
2074
9346
1710
6992
6108
5368
4453
380
6834
8208
1715
1039
826
6759
2304
684
2914
3539
9261
6098
294
1097
2545
5496
2080
7418
2954
8104
6463
9944
3118
6149
3379
4895
6959
6317
740
3597
7968
5952
2618
1173
4932
3045
252
4050
3665
156
6606
4887
366
3760
7634
621
7965
7905
9427
9910
9616
9365
3010
2679
385
577
7800
1582
7021
8501
3003
1059
6556
9219
9703
4914
2277
2604
2978
3869
6066
9092
978
9469
2931
9227
7957
3560
4146
1533
1994
9581
4771
8874
5640
2860
2301
6410
2998
1802
3931
6679
5728
1768
5047
6844
7497
7334
2986
6659
5336
7657
8914
2429
4088
2620
8274
202
981
1503
1570
9219
3472
1970
546
741
5754
7839
1027
8220
3615
7004
4967
3224
4325
7189
7304
7227
8787
5258
7249
9911
9505
3207
8591
4782
1418
279
4839
3634
5327
1153
5842
2559
4248
7944
3589
5581
1066
1278
4287
303
6266
8414
976
4024
6856
3745
5128
6410
9871
4909
6221
1431
8741
749
2785
835
1606
4394
2376
3579
8978
6625
7902
7800
3535
2420
2956
4413
7427
2656
8335
6801
7701
3444
2461
8396
4929
1441
2419
9450
6804
5224
3768
3640
8637
8498
6319
6812
6538
3420
441
9694
4286
9881
494
4617
67
6785
1255
725
5919
977
4640
8050
2298
2771
2471
3926
4981
5487
3940
5674
6915
5741
2158
7549
4601
4331
4877
12
4054
2681
6267
1593
7792
9653
7368
8986
102
2507
5636
6735
7506
7019
9109
9842
5977
4211
5431
9065
429
8132
7190
6211
3175
4901
7907
5020
6410
6118
9946
7340
3137
5011
4958
770
5553
4277
4282
3303
528
5574
9304
3321
2999
6671
6069
7703
6709
1070
7071
7552
9141
3788
8464
6375
612
1027
702
2793
3578
5103
8808
8552
945
6668
7253
1859
3338
2198
8706
3871
7623
9026
5938
9966
464
679
5475
8389
9914
6926
3965
9803
5527
2299
7740
7884
8088
1152
2064
1202
7860
8056
488
1038
2976
1418
8829
6657
1767
6894
2947
6499
9484
8494
3239
2002
1555
157
8380
5551
1638
4200
1833
9381
9593
9237
5536
9169
9828
3163
8022
9572
7131
851
6029
2349
9230
9307
6629
1428
6675
9491
3744
5200
2109
1436
8327
3026
5259
727
4777
7595
9970
37
5766
4201
6864
7105
4673
5833
3858
1339
8872
9456
229
8206
5216
7840
8216
7888
9030
8365
5499
1695
1352
7929
4606
9925
3841
8806
7918
4122
3021
3024
3636
2665
6988
4337
9526
6109
2908
817
5585
2169
8636
3955
938
2091
3468
4111
5003
6961
1580
3203
7806
5410
5062
5076
9878
4325
218
6072
9565
1361
6444
661
1116
8532
269
8716
1518
8710
8205
7089
2882
8236
1886
1265
6925
4753
5283
2308
3098
7715
6104
5110
6074
4300
9551
6037
3322
6527
9837
4584
4994
1378
2331
8222
8944
4862
6331
7342
927
4186
4117
2455
1651
6555
2831
330
4564
2771
9587
9507
4713
7456
8481
6446
9084
4749
9797
8335
746
2942
1931
4444
1847
391
4105
997
9373
2468
8220
8716
15
2776
2816
3851
1108
990
1460
7319
517
6766
2208
6368
2204
4545
1597
4742
5004
7942
6934
3560
3899
8864
7958
6061
1016
2440
3828
605
9192
2867
3052
1061
7586
6528
8498
4206
1803
8172
6
1066
4588
1308
290
9997
678
6369
1489
1336
4501
2821
6408
7961
6938
9278
2457
7671
7594
6650
2399
6341
3920
6929
2437
3295
6558
7178
8160
9274
4613
7659
3856
3975
7583
3207
6566
8987
6761
6585
246
2781
1750
5197
8322
1863
415
2713
9867
1659
6692
3893
1500
8618
9329
1945
334
6280
147
2116
2790
669
6076
7667
2012
9085
945
6504
7393
4059
3713
4273
7725
693
5960
689
9778
4505
4882
9943
6591
3209
2835
8811
1033
2135
3878
1995
9132
2169
8037
8823
2057
1192
8150
9776
5911
1702
8661
8983
8597
4080
8589
8925
5177
5815
94
832
8140
4970
43
6013
518
9562
8703
630
3400
4919
5811
1411
8146
3082
9441
2126
8063
4720
523
9982
804
1543
7573
9224
4147
7082
3704
9848
6082
5342
8608
9829
4731
9231
9048
2492
5893
1423
3152
4040
3158
2358
5674
1655
8819
6887
5209
9009
7466
8200
9156
5013
5229
51
1394
8164
2523
3088
1361
3174
5040
9236
8955
839
4406
8264
9090
8620
1979
1875
3045
6892
7694
129
6127
1161
4651
1373
1355
6819
287
9893
5124
3830
3928
3429
2977
2723
5980
4966
3693
6237
4106
894
7480
4109
9069
8545
3761
6028
4062
4017
3066
2258
8352
2368
5484
2666
3486
1987
1480
8265
2847
4047
8706
7440
2536
7268
2
2292
2101
4906
6651
1065
2539
6242
8955
482
7025
4069
7640
6669
1854
9950
2332
7427
8573
6732
6732
9291
887
2805
1511
8967
3464
3141
1951
373
2240
9028
1438
8799
6183
1809
5517
3482
6984
349
3189
451
1360
2636
8117
7624
6957
107
2124
5669
5063
6875
8190
5529
9403
1260
2333
8611
5534
8216
8607
8161
5913
7572
5199
3866
8994
2254
4285
3788
7437
3923
6323
9216
9091
7695
9928
440
6045
9079
477
5907
4409
6661
9427
5794
9172
507
8218
4360
8058
470
1953
3127
948
4376
1198
1233
1122
8037
6321
2156
8702
4064
1199
8115
9294
1913
1841
9463
7007
199
5455
2680
3528
817
6557
1871
5499
6187
6048
3897
5326
6466
7599
5040
7903
5705
8252
9174
8221
5497
2522
8115
1472
5737
7610
302
2220
7292
1506
93
292
6321
7029
1587
9677
6998
4335
867
9604
9657
9413
7837
8759
1707
2383
2353
19
2007
9778
4681
1028
9538
356
6223
4792
9235
8403
6675
2336
2768
8946
1877
2028
3255
4155
2477
1975
1700
9467
9690
3504
6688
2757
5968
6133
4481
4287
8806
1399
5209
6277
6966
573
4616
7117
8972
4157
8101
339
2217
3029
6447
7416
6973
1456
7528
7468
7011
1948
458
9108
1655
7511
7861
5707
3023
4173
6020
1307
5754
1574
7753
9232
751
7563
8491
7998
2772
4324
2730
3509
5527
4397
6171
1524
2453
3113
4027
519
7689
215
7618
2903
3270
1259
1638
9654
1086
734
1828
2033
1280
752
7100
671
474
4945
8573
8704
252
930
6623
4426
9705
9095
8341
3081
8078
2961
9984
9206
9803
2383
2679
2169
5172
4170
8615
8319
6606
4655
6285
6550
1037
9342
8113
9536
7819
970
4065
6529
1216
8763
8935
4120
439
7685
9380
3599
8209
3593
3556
848
3231
1174
1821
856
255
8175
2376
7082
1791
5435
2931
614
182
812
4267
8426
2574
2376
9696
590
3147
1052
4865
5415
4175
9487
5723
5557
962
8389
2454
3944
6487
9827
3616
7011
781
5850
1494
347
1463
6451
9382
4602
2291
3075
2837
4142
3774
2772
5562
1777
7644
2100
2648
7860
7034
930
1302
287
3329
7318
2819
1435
850
7994
613
9303
6774
2303
1221
3581
8058
6297
1443
5009
1905
3863
276
4968
7199
4534
1758
6584
8587
4483
3666
3009
306
76
9018
6921
8640
1991
9643
2436
900
316
4588
5220
1142
5883
9542
6906
3346
9077
3046
478
6008
4898
3947
3872
3219
8226
49
7468
599
2571
9399
9819
2857
2046
9993
2940
2029
8273
1207
4110
86
6594
5965
4264
4040
7677
2009
9946
4976
1809
684
1733
629
2918
8567
3283
4130
4710
6391
1816
5356
1855
5887
3399
2091
9405
5936
3829
3622
1607
3897
3224
6966
3791
6618
4467
4844
9647
6713
8369
4489
7306
9203
6891
6687
902
2187
7129
7910
5007
937
6283
868
9395
1129
3341
9283
8469
3556
9148
9762
4321
2894
7286
1344
610
5049
5775
8685
6194
8027
9527
8206
2543
8433
9843
6179
7487
9987
355
7189
8256
9343
5025
4140
2830
7425
5921
8937
4060
7224
4396
5785
5059
6094
5910
2593
690
849
9938
8943
447
7666
6554
8317
5193
9296
1877
6033
3874
3778
1431
105
9083
3017
3652
5097
6471
9628
2937
5248
8666
706
2347
6913
8613
8125
8560
353
4863
9869
4571
7893
1037
7166
2113
8843
9729
7421
5467
5395
2160
6704
9645
5289
5507
5816
4798
7209
1244
1774
1896
4339
9669
1258
7144
2587
3678
5155
1748
5515
1415
8731
9620
1726
3292
6032
6295
117
4101
5396
2113
621
812
8739
2273
2110
3370
4346
1133
1394
8185
8503
1750
3838
5211
6472
9272
2602
1660
831
3679
5034
2186
1852
1790
5893
6332
4318
71
9319
9040
2356
7550
4973
6922
9296
2367
1501
2904
3180
4171
2522
2468
9784
2582
6729
6343
2749
9540
4751
1299
678
1515
6888
2295
7128
8678
8733
3253
6892
5805
2843
6084
5564
9301
5625
8213
9705
4666
7694
1136
7692
4733
1144
4587
5378
3233
8067
7386
8038
9202
8220
3589
6882
1151
649
4574
8540
4026
4981
588
3378
5107
2263
3430
2247
4019
5507
183
1197
5721
9176
9775
8598
7230
8997
9382
205
6408
9200
432
4851
8354
405
7394
7342
3349
9109
2522
3098
8429
1005
7252
8618
8139
5664
3607
4009
5821
3895
5515
6771
3644
9782
6589
8774
3005
8536
1701
3664
9675
3535
5965
9696
337
6506
7615
9134
3508
525
5264
1637
1352
5155
614
4291
7421
5771
600
4487
9334
8764
2686
8480
6845
2499
1155
9498
7048
5519
9435
3916
8787
5702
4228
5689
5745
3603
4309
2036
2803
5581
9402
3053
1380
1174
5745
3243
2641
4072
4233
5214
9345
8626
4943
6108
8506
457
4302
1797
5856
9516
770
2455
505
2803
8371
5863
1225
4293
4063
3907
5010
6626
6958
2602
2738
5718
7944
901
398
7222
5326
8735
521
4565
3299
5701
1351
2989
2040
464
274
6034
2076
7062
8296
4061
8090
5224
532
7161
7814
9533
4795
3538
8756
6908
4563
75
2807
2848
443
4022
7916
8204
3698
6761
4873
8054
7833
2915
5206
3757
2004
867
6083
8917
2771
6071
9113
6345
2244
5428
3801
3802
3545
6490
5527
4101
6430
2983
9543
6740
5115
281
1113
3402
5196
9491
866
1504
4370
1774
7610
1437
1359
3016
3261
76
831
4100
7628
3336
4181
3001
4646
4953
949
2909
943
7851
7037
5634
7200
4190
9988
3879
4694
3776
5089
1200
6132
3370
3076
3417
6121
8579
5990
2672
1304
5505
6409
9106
2343
4606
2428
3868
8594
5220
28
169
9762
720
9355
9283
2844
7228
8244
3400
1033
7661
34
7153
2540
4837
6014
7066
5066
7531
5829
2462
8732
2502
3331
1763
5646
6111
8557
2021
9145
7925
9498
5550
5615
7212
3141
4000
2948
6354
879
7796
6902
7806
9085
557
4631
3363
94
8665
6890
5366
2974
1259
7697
7070
719
3637
7751
4054
8057
6454
9849
9829
7308
4165
3137
9890
3968
4247
8568
6539
1939
5025
6545
3004
4585
8012
6617
1756
8262
3716
4105
8004
3574
9891
1496
9137
1597
2236
3253
8442
4871
3885
3726
2040
8176
6857
4193
4297
3240
468
5719
8170
5654
3813
2792
3045
6641
4245
861
3209
8094
22
3154
4529
4966
4302
5153
9567
8298
6458
7220
7933
3993
3256
1151
4436
9314
437
6106
3918
8253
7671
4745
4483
8158
9308
1703
1563
698
2542
8200
8853
776
9349
888
5768
5270
6521
2568
5854
1717
7058
2748
1530
7523
4084
5937
7795
7227
6051
7345
1690
9249
9235
4731
7524
2932
3587
5917
5212
2891
9570
5576
8298
6657
8112
8925
3426
3573
4016
2065
3138
5083
6240
3638
338
6150
2998
7840
1566
2426
5097
3201
6034
9955
7010
7439
4794
5003
5029
6751
1369
5803
1404
6047
6819
2467
4965
3420
6875
1261
1212
8510
1979
8409
8519
5784
445
6969
5354
958
5820
3460
5835
1762
1282
5176
7988
681
3035
5671
4066
8950
9210
5049
3860
8123
8346
2574
3062
8995
4870
5629
3317
9529
3359
1206
3955
1990
8048
6547
8337
8622
4247
100
9733
4556
9365
7556
2926
576
667
140
1852
1754
69
6793
816
7817
5229
3054
7107
7485
5556
2503
6526
7258
3542
4520
6485
7413
6334
3277
8771
3054
2312
1316
7938
5606
3602
8678
9057
4619
6418
6729
2661
4227
6353
4437
41
6096
5862
1804
6851
1628
2382
7515
5866
9863
5099
120
7628
6043
8428
4763
416
4939
6285
5572
1795
6430
5851
7014
1967
3353
8202
5965
2731
3202
7293
1403
5518
7922
9916
4996
4853
9951
8376
9480
5383
1151
7983
9545
9741
3497
8883
4752
106
2460
4852
1362
8264
7151
4054
4876
2380
6596
5
9804
5435
9141
1756
713
9224
9949
2688
7343
4576
4789
5953
2975
459
3545
9450
619
5340
1166
