3056
4314
1412
7435
1833
6118
8670
8711
6932
6522
3936
2871
2185
4665
9034
9121
6554
2024
6629
770
2130
3478
1390
1821
4342
7845
5119
7720
2517
9166
938
2608
766
7262
4482
1638
1969
9022
1631
4031
1605
5594
3136
4052
7705
6581
1197
6363
2134
5492
3241
120
4233
9464
8168
7317
6365
5349
3649
2086
431
6672
7177
4226
7277
701
1515
6132
8700
4402
8377
7433
1020
4460
900
1738
9505
8900
4284
3942
5097
2065
1931
9064
1857
2023
5763
2799
1068
6301
7617
1340
1289
9145
118
3561
2020
4119
9767
181
1010
3586
2547
3634
9266
1168
1078
2523
6542
3285
9098
3593
7046
8585
4860
1001
7642
5539
5419
4719
3090
778
6440
1585
2053
667
5924
1542
1414
6443
5144
9231
9844
3233
3368
1279
3661
1894
4631
6713
7715
3393
1144
3875
7832
9439
5685
848
1678
8262
4040
2352
1757
3795
3676
3011
1116
2135
9689
6102
7981
8414
8153
2359
5250
6653
71
6221
4952
8720
4277
7285
3875
6998
919
4201
5046
7665
3872
1002
8017
6627
3711
8402
7241
2070
9080
3209
9162
717
7359
5054
7843
3092
6535
4106
8297
3555
8739
5632
1982
1518
5444
7122
3537
7010
904
3044
7539
5270
7944
5174
1653
4812
7062
5676
3983
6308
7643
7517
5360
4093
8982
9140
976
5148
2391
9179
9486
4723
4446
3996
7991
3825
2095
9547
8285
4799
7813
8433
9091
7203
8804
6739
748
6751
8575
7072
9535
5208
1453
6203
1127
8269
1044
4835
9003
803
9500
9686
836
2917
6172
7371
9021
907
8102
8024
6041
1540
2486
2040
5721
8345
4083
3715
2917
5077
1961
914
5229
2083
355
762
6804
8210
7182
8733
90
2097
5712
2981
7971
9851
5340
1289
4057
9458
4911
1010
2535
9603
4619
930
4296
9574
4508
6110
4558
8869
8984
2122
2017
6850
7779
9024
9073
5403
3733
9848
2067
2388
2088
1221
4593
140
1351
5066
7831
2836
4307
2225
5587
3847
2705
7142
9637
2614
5068
219
2457
913
966
7683
9438
499
7477
8195
8871
6494
2202
8391
1043
2939
1178
7081
3590
101
4837
9993
1950
7697
571
9968
6712
3327
9744
4510
3264
1490
4669
1075
5683
6189
4719
5354
9616
8885
1417
1634
979
7990
618
581
5123
1754
6931
7253
1587
4792
1235
7951
828
2206
3645
8688
715
5056
5849
278
3333
1111
6600
4842
9865
8139
1344
8654
3771
2477
3641
9850
6408
520
4143
2144
1974
9604
5469
5471
4149
1652
2771
5244
7319
3879
4357
2157
6396
1636
9024
3360
2669
3383
1562
2394
1196
2707
1881
2224
9915
5247
4248
6463
8640
3739
22
5190
9289
5194
1140
9879
7858
7714
5400
6957
1726
4409
2707
5747
821
7592
5552
5089
6620
1062
9223
5263
9546
5433
3208
2613
1280
7465
2295
1137
334
5220
8696
1381
5599
1452
8934
818
5445
1272
2927
7384
3453
4788
1065
835
7571
712
3483
645
7136
1032
4223
3390
4423
8572
6593
3381
5116
5870
5428
8319
7157
9910
4335
5226
7173
3678
6885
1692
75
1648
3598
1824
1142
7713
1636
7354
1128
959
5861
4362
577
325
4310
8153
35
7491
3919
5786
952
5408
5692
8828
6117
5048
2688
7938
2598
7229
9766
6185
2357
4055
8806
7039
5671
547
4052
1446
575
1960
3983
9206
6454
5018
876
6421
287
7983
3513
3403
4121
87
6945
6561
6487
3616
3403
2224
6655
4827
6684
6753
9292
7967
9599
4262
5468
2841
7187
3788
544
8523
2081
9741
1951
3642
3445
4296
1689
5201
6145
6943
5532
7634
2473
8308
162
7343
154
7320
1072
3160
7390
1549
7875
2487
590
7519
4893
2212
3254
5218
1642
7713
2300
6858
5664
4912
2656
2177
7421
6819
8656
1453
5572
3310
1818
6763
8292
8641
9648
6579
1869
1482
3210
8536
7870
7235
8964
8571
5836
9854
6385
3983
1086
9347
2693
5687
4289
4010
2446
1358
9843
997
7368
6471
8789
681
996
4533
3964
974
5013
9842
9228
1241
4154
8289
2771
9202
6625
9939
7936
48
8933
1003
1721
8672
9732
953
1433
9378
5491
8101
8590
4037
9656
6383
1163
3555
4948
2856
1428
6124
7219
9491
8951
4532
4452
1998
7284
954
6513
575
9091
7154
4704
5645
3161
5681
5450
7265
71
8569
3277
3854
5169
6806
5074
3100
1515
6904
6491
288
7948
9556
9835
3526
5075
292
1690
2124
3598
6920
2903
4688
1287
2165
8818
3807
1833
2599
8775
3503
2740
9975
6715
5210
9476
6383
4895
8499
6384
188
6624
4673
1862
3294
9835
8120
9908
5477
1398
5802
3081
8423
1808
4051
1774
8959
892
764
3832
3399
2360
945
4436
221
2994
9894
6788
2304
4052
8920
3700
8804
8851
120
6528
3474
4236
3764
4781
4751
566
5804
6556
512
7232
8044
5920
145
1891
3720
8930
8081
863
854
7702
5780
1689
3574
1628
4502
5655
4829
1727
3985
6265
7088
768
2815
7648
6384
5092
2788
7615
4665
8490
4351
9720
1213
1925
4423
1602
8059
6783
7488
2931
9077
6272
9971
8973
5879
7923
6973
9047
9741
7483
1355
7928
6615
2812
4544
2815
733
3457
1432
7511
5030
5714
6075
4603
9188
6519
5891
7071
6426
9352
5282
6225
7670
2545
3009
6180
2379
9201
7739
9588
590
644
9331
2480
5338
3169
1565
1042
7781
6519
9374
1146
2606
5896
9350
6963
7496
9821
8516
3859
9079
7627
462
1050
7206
151
2587
1581
7235
5700
3068
3047
8696
1421
2722
4044
7845
9549
1449
1881
2394
1517
2078
8487
1121
9227
4759
89
2459
4239
9557
9874
9921
179
4236
9765
5511
857
8630
91
5853
7073
290
5212
4824
4712
631
6702
1050
3719
8631
4229
7297
9904
6898
841
9839
7772
4094
7579
6599
436
8461
2594
8643
6604
4167
8216
2211
1105
663
573
7608
2593
5647
5347
2190
1832
5428
2502
2073
3177
6553
8075
4177
2409
6789
856
2452
1975
2083
1754
6796
5197
1192
7
9277
4150
4304
3026
8475
6223
8928
572
8951
4401
5280
5166
6669
3761
5438
3120
5816
751
7181
4563
5378
3603
7879
4496
8104
5923
3009
6945
6481
2845
3295
8050
7671
729
5073
2573
5396
7007
1938
7990
5462
2608
5897
306
8141
3051
24
2430
2970
9454
8345
2890
7869
6036
6608
1749
1868
693
4250
4080
717
6301
2084
9856
2054
3206
2924
3693
6513
5909
6814
8988
1817
8072
7006
7068
1538
9957
8746
4602
6888
4603
8299
2928
1747
7410
5909
469
4270
8127
4233
8319
4250
9222
381
7698
3683
864
9703
9042
5906
3849
2146
1858
6082
1173
9998
4919
6847
3504
3575
2394
4853
5596
2762
128
7926
9590
5700
8768
5405
5230
3863
1314
2593
1954
9571
6573
8353
7523
285
6746
3713
8420
5532
7678
1860
567
8868
7945
3873
7988
8076
8519
2144
1724
7130
7290
6529
1011
9125
5511
8202
9757
8396
9094
5739
3652
5019
2782
8149
1459
8706
188
2756
9798
3497
1115
4852
2582
2920
4139
5445
3512
9246
6904
45
1267
410
7450
870
8105
8205
4973
4591
1179
8108
674
9980
824
4521
526
6841
7570
7259
8022
882
1359
3879
8360
4261
4219
26
9255
9187
9136
9673
3792
1783
777
875
2005
504
6430
7411
8000
5806
9885
6229
4724
4221
936
9835
1245
5475
2207
1088
1626
7514
8951
1313
8069
5601
5613
1604
4513
3359
7004
3709
8388
2982
5525
8760
9753
4962
8565
3390
8405
617
1657
6399
9168
122
8125
4310
2831
9847
8733
8363
2016
4227
9356
5176
7097
8661
4430
5602
1098
234
5793
6295
4876
7878
1544
9700
9718
6384
1812
8291
3180
2718
3828
302
6984
5823
3915
1087
9091
6700
1973
8720
9528
7454
523
7774
9403
2423
4443
3024
6545
8924
5857
1808
8633
8285
5040
1903
311
3406
2061
1115
733
8491
5906
6785
199
8381
2927
4081
650
609
449
2516
5232
8844
6414
9378
2428
8678
4044
5770
1159
7363
9079
8392
6487
9198
5776
725
9418
3650
4311
5153
9774
2471
4387
1106
2879
6504
6958
3653
6480
404
531
6908
3073
9035
1612
8417
913
9246
1171
1043
5429
8263
6312
1183
6702
1612
5761
3256
6658
6332
2316
3885
3948
2087
9899
9489
3316
4480
4287
6851
2353
6205
9649
625
4321
582
2719
9738
7356
8057
2021
383
3292
1523
4110
5187
6284
7961
5212
2934
2136
8380
8042
1830
4647
4325
8032
8111
3671
713
4253
6052
4792
9254
8188
2506
8990
5257
311
1235
9873
6360
4358
3997
4794
1334
8500
9617
6300
7979
1688
9991
567
8911
4406
6216
6850
3140
1012
2591
3435
9664
8915
8688
5281
3390
9568
7432
2692
2899
3039
8524
2974
836
4459
119
1098
4043
8081
1393
8983
3210
9484
2624
5042
6125
4099
8444
920
298
7974
1181
5723
9134
9810
5671
8689
4682
6134
8787
4180
8168
5255
6572
3629
223
1031
518
7949
1523
4360
9420
7558
420
5239
9614
6280
4741
9926
4312
7058
9744
3943
9853
5322
8759
3905
5861
2956
9693
4183
304
4719
3849
4535
4603
3023
8929
3484
5304
5059
5678
4833
6669
4210
399
701
8812
8624
268
1556
9467
7560
4763
824
4511
3278
3410
1067
276
7950
5233
1631
8529
78
2073
8920
9197
29
3076
3785
1635
8547
3374
4673
1787
3275
4617
7651
2893
2154
7588
1201
159
877
1648
3398
721
4438
4648
3203
9241
8592
8950
9717
3099
4447
7555
7065
7427
6379
2679
9167
938
1227
6146
8836
3765
6894
848
5478
8029
9256
1905
4587
7759
858
9700
4899
7463
8312
2865
8521
929
7822
5500
462
6127
6377
3758
9497
4578
2415
3879
7232
1740
7635
4489
1272
5814
3007
5330
6475
8060
8659
7674
2338
1897
5771
8926
3426
1228
4504
6597
8994
845
9870
9096
7166
2404
1194
543
9080
3749
4177
8139
6460
5719
4792
8300
4029
287
6128
3761
4979
9554
4047
8090
5772
8794
3301
3775
9040
5912
4109
4216
5926
8694
4029
5556
3763
8837
9158
2861
3916
9927
4455
7930
9266
273
5942
6350
8876
3716
9341
1719
281
9646
3263
1270
587
4244
8102
8192
205
8885
1100
7248
4375
5971
8525
927
2147
1961
1254
6180
6813
6053
1189
7485
9479
9203
8987
5987
4523
989
5438
1606
902
8930
4516
3921
7281
3673
7950
5870
8687
7823
9426
3040
6951
1178
5961
3239
2414
6825
5366
4460
8651
7771
5298
6456
8233
1295
9271
8896
5671
5725
7438
2559
314
4061
3331
993
115
8488
4868
5744
7832
2084
5862
1608
4786
907
5554
7798
2207
594
6988
8941
2232
5819
1343
2900
4250
7969
9562
4240
9254
857
291
3086
55
4533
758
8380
3261
5441
6064
681
8365
6709
7978
43
2090
663
2573
9537
1937
8551
1165
5049
5605
3992
4436
9088
4629
9836
9384
9864
3397
176
7730
1689
1224
4697
5740
1249
3136
8185
63
357
4230
4420
2058
4524
7158
8250
9052
7936
9941
4887
6420
9064
2365
3207
1251
3651
9671
5023
6702
2158
4730
1490
4219
4810
9744
1066
3471
2391
6228
3550
5751
3944
6996
4260
4725
6413
1500
3802
8969
9043
1217
5935
8115
477
2982
4443
372
2337
7261
2961
9718
5356
1071
153
4246
235
9935
9428
5531
519
480
7200
7906
5376
3580
3391
7716
222
6456
5652
2079
8723
720
5171
2212
2779
3929
8246
6120
3766
9479
1363
3308
2833
6196
2912
4229
9697
4416
9835
6153
6488
4313
4389
4473
320
2231
1582
1462
8810
3889
4491
4779
8900
6456
7146
2109
8724
3401
7375
4472
2296
842
2206
7928
5505
4406
5154
7067
7659
6709
8933
754
6689
9403
6077
685
9984
6944
1427
3692
8245
4987
5913
1900
2394
1475
6310
6996
4473
4637
4946
1842
5448
5733
9262
9374
8593
7374
8400
7099
4487
82
3086
5051
7755
9587
9177
4
3088
4401
7107
0
5354
6
8969
4456
4897
6260
6814
7109
1169
1507
1008
2096
9123
4958
7625
6864
5692
7801
44
6253
2162
1877
9158
5578
7429
3026
7369
9034
4455
5643
4793
3694
3380
5702
6366
8727
6416
3612
9891
5453
5047
5500
1719
8962
7875
3141
7256
9495
2999
2650
7357
7794
747
100
2254
7073
9725
5906
9554
154
2350
8408
6085
4974
47
8969
7020
5838
9725
4461
9830
8192
6777
2665
9166
4166
3122
8879
7273
7340
9670
8194
7999
1071
6429
283
5761
4500
3755
9779
9137
1490
1568
7930
893
8283
6600
875
8022
1371
4991
2942
6083
957
3691
6068
9432
8454
3832
4529
8655
8613
5060
3110
7257
140
3858
2963
1161
3307
8331
277
4832
4877
9833
1792
9013
8792
8984
2692
6637
8846
1707
7757
2441
858
342
665
779
6363
8453
6286
5957
2370
4885
1014
3244
4386
1847
4620
250
612
438
7366
4269
8480
4780
5194
632
1349
5232
25
8080
9625
6624
7640
4334
441
8570
8351
2577
6024
5154
5024
9638
4022
961
1517
3248
3585
4941
2465
2841
411
360
1267
692
2854
726
1466
5557
3897
4022
6398
6807
2283
864
6412
6459
9778
6429
4603
8627
4601
8877
7819
9431
9192
9662
8219
6784
9717
242
499
4914
4106
4119
5029
4156
9179
5549
2085
2212
873
7059
6644
6360
2400
3218
7364
9522
4303
9067
4056
3772
3686
5740
660
168
9547
5341
1396
8352
3916
17
3041
7492
9255
1940
2433
2506
6557
9224
8595
5929
6960
4443
3075
4574
585
7837
2524
7071
4199
6759
3906
7845
2870
6948
8650
5741
2102
3633
6880
8699
1237
2016
6757
2115
2965
9489
7710
8903
2394
4555
1013
2886
8391
9272
946
4740
1800
8305
4620
2833
2784
925
1434
2592
6002
4721
266
7363
6135
5134
2020
7814
1243
2197
5515
6276
6464
2758
3098
2939
3352
3898
7933
9662
3112
4378
9040
9630
770
3650
9493
6418
6911
3256
7806
7809
2638
2561
8721
3460
9109
8444
3292
1909
6056
1132
5005
6785
3274
976
2094
5016
5184
5312
2851
6803
3424
3450
4305
1025
1698
5536
8468
1867
8709
6885
9478
7942
9935
289
5081
1564
8415
8205
3324
1284
2602
9425
9292
7977
9640
5609
76
7082
7128
1602
8051
5047
6132
9134
7533
2517
9191
791
1028
8757
8714
633
8926
559
7435
9328
6446
3574
6784
1451
2954
3840
8328
2244
2710
5758
6615
9424
9106
5174
8359
8095
8542
5631
466
882
7136
6083
6664
6164
4386
7961
878
7678
7588
5238
9292
458
767
4153
5209
6217
9664
9288
4530
344
8893
7728
2570
5186
2691
4516
3583
6568
3047
1425
340
6517
1443
6712
5404
5516
7156
5988
4937
3105
885
4210
1634
1757
8696
8331
8194
1024
7417
700
1768
1847
9954
7951
9917
2102
8773
1988
7833
9564
4206
2878
4797
508
2322
270
4082
1561
5649
9670
4081
3382
1758
8836
1960
1675
8855
1909
5393
877
8412
3983
6632
1055
6889
2944
5331
5872
2288
2483
7106
5964
6632
6977
3977
9089
326
7965
7997
783
7152
6624
1318
5729
2763
8007
2428
2206
6228
8962
6477
6591
3402
6526
1787
5664
2941
8599
1454
259
4619
3363
8883
8507
5144
8720
2865
9514
7407
6059
4616
6564
583
1943
4210
917
1751
2775
8755
3576
2824
5323
9785
7757
5584
328
2390
4336
3352
5162
8484
9482
4017
3176
3164
8728
5526
76
1163
4145
4441
1662
1310
5529
6815
5753
8970
9160
2843
996
3906
2558
1116
593
9479
6228
7661
5978
5533
7263
5573
2776
8234
7708
174
9649
1469
7860
3816
4871
1855
7028
2240
8992
7179
6680
5867
3839
5524
8106
7125
3757
3515
6457
7811
1151
3547
3692
8663
4260
5708
5945
2164
695
5250
3568
9532
3146
8567
9765
7276
7384
2921
711
6403
4398
8827
2094
157
8325
4951
1922
6070
1313
5739
7567
2919
3083
9201
77
2587
9599
2597
4738
7634
9469
4311
2665
2564
8264
1649
4552
847
133
2965
7253
4076
5872
6752
6905
5148
1160
8290
7155
3633
3437
1848
1598
3932
3836
9830
1043
6588
6569
869
3300
3336
3979
656
6512
3411
6113
3726
4024
8221
3264
1875
8889
8233
5356
3234
8610
2206
7678
8566
2898
27
8763
3864
6637
8787
2253
6806
9414
6127
182
4280
4939
49
7307
7206
3989
2445
7262
1948
9540
6848
5964
3043
2586
7068
1973
9451
6406
8942
3715
8816
4563
2744
4309
5307
1496
7542
929
4461
2504
9689
2432
9713
3736
538
1744
9204
5524
3216
9825
6687
6210
3350
5454
3993
3709
8507
4270
9667
2217
2427
5041
7222
9386
8356
9869
7357
5610
195
6859
3
2938
6322
8895
3141
647
7588
9197
4030
4413
8084
3597
8458
1934
2458
7118
3947
7581
8030
5710
7005
1282
2696
4673
1732
5246
131
7141
7021
2112
1097
5653
2705
9768
6620
5288
3875
2307
855
3880
7067
3676
4749
4660
6340
91
8424
2698
1958
8627
6980
3637
3110
9311
1368
4572
5825
5600
8356
4646
2208
8344
1562
5831
8698
9229
5817
9512
6151
9434
7932
4076
1597
9354
4051
7059
3127
5237
2651
1648
1538
6863
3908
1594
2949
5686
8526
5310
377
2850
1374
8025
250
4818
8128
3334
4028
6882
7513
8294
2001
1398
900
3299
448
7839
7229
3702
8449
2837
1054
1141
3617
5027
4314
7111
4743
940
1808
3000
4766
2311
1371
4344
5159
1520
7130
1264
2039
7611
9085
9925
4595
2791
1780
4434
6653
4273
218
3265
2397
2671
6216
7853
2758
5990
4864
1502
2714
132
5415
6785
6292
5096
2760
8711
683
5273
4061
5132
8999
3593
7348
7903
9459
845
8086
5184
7362
4038
4872
4977
6966
3870
9060
2748
3943
1971
4348
806
9434
153
5363
3813
9716
586
3818
9581
6684
9607
779
8023
2115
9393
6708
5252
4869
9568
2629
7986
2091
3924
2994
6633
63
1906
4806
8781
5985
6325
8457
578
8285
8546
6976
8515
8553
6166
3766
1915
2704
2410
2040
9354
7358
1051
8789
8816
1049
1034
6372
2202
3648
5000
5139
1193
4077
9752
3495
4918
1755
7722
366
3748
6707
66
1253
4704
7235
4640
6984
1227
1229
2503
7762
3681
653
5769
7959
3016
6081
2634
9086
6102
6499
4846
1921
2427
7420
2003
1162
1067
5344
669
46
360
4649
5775
2985
3351
2154
54
5429
727
4073
2249
3784
5579
6530
7681
4047
890
8361
3937
8078
474
7832
8348
5924
3124
7809
9056
4985
8833
4181
9211
5974
1141
8913
4810
8053
1697
2565
7816
7965
8618
4076
8766
9436
4713
4285
9004
7902
7029
9734
5494
2352
6228
5188
3012
2620
9728
7596
6279
3247
6328
7289
6456
7553
7253
1841
3499
7633
1081
8263
5137
8082
9135
4010
4025
9829
225
1383
2083
7070
2174
2191
7120
9219
8122
1941
467
2100
2365
529
3875
4057
8282
5037
191
9730
7676
1880
303
9819
9198
785
1191
4491
3538
9342
3501
1936
9891
8246
6371
702
1483
4382
9336
219
2854
677
9091
389
5202
6195
736
90
6226
9881
6696
8260
4405
3610
4847
927
4582
8844
9264
8755
9268
7498
6313
1208
8677
8006
4656
9007
7868
7133
1659
8506
1836
2829
2544
2058
772
2534
5063
9944
1341
9923
5201
2741
2863
6138
9412
6154
5859
9455
9784
5765
385
5448
6872
5196
423
6456
4669
4189
937
6205
9943
3428
6294
6191
1373
1403
1049
7234
8157
7360
103
3471
2453
2726
9691
8666
4621
8999
6992
7789
5072
2836
3820
1772
2872
7675
3795
2848
3316
1647
22
4927
6411
6062
6482
5816
2995
2179
7799
5575
3826
4562
9072
8212
5681
3966
6715
7460
6286
7450
3845
1668
7340
1198
4298
6603
5229
9078
3667
5583
8691
5547
5313
5181
105
2798
7250
4865
7022
8977
7782
7386
4950
2302
5592
5216
9850
8970
788
462
9495
6958
9981
1590
2442
5042
3392
6386
6654
7526
2566
2933
7783
6744
1423
6512
2176
9853
863
951
7883
7094
486
4186
6318
2301
6260
1360
3732
7890
1196
4857
7719
1039
1750
6017
243
468
4513
7632
8630
7674
4877
3533
7452
5852
5850
8499
1851
4470
6933
4490
7124
4411
5424
8122
7457
7682
7582
982
4758
1570
7323
9261
7584
1026
5140
8320
1579
4580
5974
9216
4801
1028
6313
4230
2606
4284
6153
4918
5304
4811
5330
6136
4141
9467
4978
8154
2165
3502
9347
2670
3488
5294
7894
3827
2567
5860
1392
5586
576
8100
6774
4672
7917
1037
6512
7219
5108
5624
5348
3341
8522
1153
4604
8597
2862
3641
3311
9109
781
1656
4291
6523
9833
2131
6903
9834
4611
4694
4492
6991
4446
2593
8468
2084
1371
6506
8294
9544
5880
3077
5947
7930
6402
762
7797
3995
8812
7738
6300
4762
3671
2744
6264
821
7470
5047
3901
4562
4430
926
5353
6045
6609
7182
2906
5741
6300
8927
2663
674
8974
5230
733
2060
6101
168
472
1768
279
5167
2513
8566
2980
975
4926
2111
4422
6057
642
591
1870
2760
1553
1038
1218
6731
9094
3674
6819
7550
8199
7000
1017
6338
1874
4540
5863
8902
5506
9781
5047
5929
8507
6004
8562
8118
1702
4013
4111
7978
1384
6409
653
3746
4148
2608
9374
5877
6674
9912
4775
7185
6692
6761
7743
6045
8847
1723
5265
141
709
1155
3673
3458
4584
4777
3002
8899
6172
5041
9986
1700
2723
4069
8667
4389
5935
7779
8304
4148
9800
2461
3850
4014
8798
2321
6763
9856
2513
1435
6323
2585
3106
5418
9390
887
112
8960
2357
6338
713
1751
4187
5634
2126
7246
7134
3231
3310
1932
9287
7293
854
1148
9594
4898
9557
6857
5615
7704
3488
4625
1933
3591
6002
5357
522
8354
3404
9852
6476
1973
7401
1231
1320
5968
3099
2299
4968
6929
166
6990
5359
6318
8708
2087
321
9193
4111
1086
8950
2157
328
6150
7186
6529
5201
7819
3914
7073
1720
851
6679
5760
1264
6947
2482
4363
2626
3491
9387
5854
8112
9174
6125
5528
861
8651
3592
9921
4932
7068
7765
5068
5289
1274
1624
8776
7956
894
6084
9607
9597
6887
8605
7596
2141
3141
7317
4797
3116
5080
2548
131
5161
1406
4560
1897
377
6977
869
1460
9859
7409
9179
9843
3011
1789
8734
989
5512
2890
3730
6989
6609
5838
8489
2365
903
843
5246
4422
1652
1594
6176
6910
4952
9418
1826
1685
4879
770
5593
6206
2417
3830
2458
5147
2310
4924
5704
6834
9835
7598
3026
5306
4825
4798
8244
4638
3804
6826
9785
5834
4619
588
474
4284
9903
8591
6819
4844
8327
2053
2136
1108
521
8711
9021
3115
7079
7226
9117
8518
2605
1415
7677
2474
4681
4447
9752
2324
9777
8752
8754
6607
9018
1368
6436
7364
9101
7280
4113
1677
519
8080
5723
2556
7721
5838
3518
2913
86
8169
254
8454
301
1580
5143
9621
4510
1157
2927
4045
2782
2669
149
2646
8553
1032
5734
4908
7557
9658
6569
4327
2077
489
7610
9454
5031
506
3475
8577
5271
8023
671
5247
8671
6063
6173
9441
5080
942
3344
9899
9791
6477
4376
4239
2139
2905
1520
9643
3830
9645
2120
2082
1484
4749
9641
2266
1321
1254
953
3262
726
714
5891
216
6425
1800
7869
4568
9783
9440
8398
7973
6794
2334
2555
4469
5130
4110
1688
8152
3753
8076
3587
4788
4025
5859
6065
9666
7622
8704
1891
7932
1147
4836
3398
9688
9551
6619
9968
6229
43
3375
1698
5302
7754
9543
1951
9933
8975
2706
93
1047
6278
2738
5470
1465
3800
3792
9180
5369
8986
3518
4494
2419
6407
9748
1794
2447
9924
3586
1814
3924
9065
9125
2839
9427
5759
5579
5712
3537
5046
2158
2034
6879
7219
7527
948
1392
2881
1976
4579
2333
1424
7352
4853
9842
5600
4264
4409
4309
6768
250
5625
5899
9226
7465
9114
2592
6521
8650
7297
8209
7118
1332
9129
6373
9541
2562
3639
3370
1325
1979
1233
7397
6502
2174
5446
9284
7345
7301
6979
7230
2805
7812
1506
2206
879
1112
7594
853
8796
7776
2957
6911
3965
1826
4691
2029
7552
5949
1028
2103
7558
1086
6220
9525
7173
2648
4633
8887
4220
3723
8332
7697
112
863
2533
3132
7230
7007
9606
7401
9122
3542
4233
9248
860
2393
2146
3056
5230
5371
5980
1390
8054
93
3772
6321
8551
5526
3215
215
4690
1102
877
5225
4547
6962
9183
8565
7172
3042
4025
9209
8076
1710
1908
6273
3697
3514
341
3689
7640
2925
2247
1692
7051
3094
3366
851
8968
52
4834
6266
8472
2332
9744
8590
279
8562
1758
6886
7594
7656
3549
5373
4675
723
2846
2450
1616
1158
8974
8755
225
1320
5241
5501
7990
8636
240
9363
5646
9986
1616
1140
9347
5208
7806
6920
2367
5086
8050
330
7785
5671
9501
3452
1782
4301
4291
5634
775
5290
8195
4813
551
6401
8983
9416
4069
8084
8201
3949
6117
1667
9902
3021
4307
6124
4423
9627
6673
3378
6905
7662
4226
2429
5119
7991
9532
6293
8817
1037
3253
7396
6618
640
1291
9433
6650
5299
4938
8227
9302
2346
2116
1698
8910
7381
7048
1226
7605
2476
8793
1063
996
9283
7683
9723
7110
6611
6574
3624
6857
5832
6180
4259
3417
5215
6444
4202
4676
6985
363
7839
6946
4904
7210
8875
1932
4399
6451
8822
7054
311
9608
2888
2136
858
818
9936
4751
4167
128
6384
101
3275
1585
7486
1504
3792
7373
7895
6252
7089
3103
4547
1596
5023
1765
5085
3866
1723
8979
5368
4612
3421
9068
9099
8414
5301
2382
6891
5643
3090
5050
5155
5628
1656
9292
8679
9674
6222
552
2370
8376
7241
1301
3297
2418
7554
9037
5744
6028
4647
6860
5084
5921
6273
7665
9159
8492
1392
6695
4681
5456
8244
7542
5397
6442
5529
1268
5796
8463
2341
1707
7548
5327
8808
4377
766
6331
9845
329
4646
20
6913
2242
1053
317
2602
8838
5761
4928
6376
4530
4745
8713
2659
2804
972
1813
9931
6788
6396
4996
3374
541
7680
5690
2274
6943
7278
4231
7639
7141
7600
2132
3956
1347
127
4901
3055
8966
903
590
5854
5933
2862
4732
7331
449
8945
5572
5612
6009
279
4928
8270
8837
7930
6858
569
9829
9986
1602
5375
737
7218
7700
6946
7615
4666
4940
449
1730
5530
2169
9113
8806
9403
9294
1723
5728
1156
5913
7499
175
3061
41
7057
8602
4519
8180
4555
7331
6580
5203
7066
3256
6408
8086
8421
3215
3731
6418
2490
7715
8523
880
4761
5778
7043
9333
382
5619
6705
7874
3491
6444
3801
551
934
873
7266
2203
2717
9432
3252
9416
1837
7605
1762
1482
6511
9752
4458
5268
7539
1257
2713
1008
2796
6038
3855
1345
8434
7756
2593
1427
4922
7974
3172
8233
7555
3834
5578
4355
7304
6984
2670
6857
5115
3585
2614
617
2218
1795
1820
1780
4084
6347
884
9092
604
3580
1045
9084
6748
808
4455
2068
8887
7010
9269
8620
1340
5977
6065
3587
2643
1679
3100
5917
5905
1215
5680
3883
9517
3395
2809
8007
2529
4036
1318
759
6211
1320
493
3693
8635
1727
5357
8749
344
5800
1946
7754
9157
6422
3587
6511
9323
3509
2290
8503
5965
1629
4947
8828
5475
8487
2762
3696
3817
3263
9534
2107
8454
5181
1746
1196
1623
2288
1164
3174
1073
1531
6554
1637
5388
1862
7908
9333
2186
6995
2321
3850
6856
4876
8779
9976
411
8367
3209
5046
6661
580
2148
3329
8114
3954
2676
8261
1208
7208
4145
1718
9207
7843
9523
3946
991
3758
19
3931
9515
7937
1115
2848
7712
6404
6377
4941
5084
5483
1799
8445
5190
6369
8119
7020
7827
4880
108
544
1266
3182
1744
7588
7624
1226
7539
766
3961
6566
8874
8149
974
1760
708
3471
3485
7892
8008
3654
6493
9349
523
472
5020
4158
1900
5232
342
9406
1716
120
2878
9890
7080
3933
7761
8185
421
4745
3841
5063
2768
2687
5652
4514
2585
4363
167
1912
7587
2997
4671
6608
8601
9555
3519
9933
9436
6870
3145
7381
3407
4695
2257
5228
3318
4506
9989
537
7898
9745
9515
4801
224
1335
6127
3751
3001
7681
1347
96
7629
7692
6542
3725
4455
4962
293
7072
9465
4741
840
6916
3799
6308
3810
2950
6132
9845
3208
1124
3980
7855
2557
1372
710
7190
8438
9397
5200
1692
8347
4895
7211
9707
6352
6395
8509
8649
7950
5995
2390
2808
9446
6219
608
7003
421
5613
4174
3108
8254
4235
1196
8766
7210
8940
6924
5918
931
645
7846
1860
6744
7799
5581
7572
1185
771
2653
8097
4802
9642
9154
4507
8950
8878
1078
3738
9210
5977
2779
4926
295
9311
9788
2261
2098
1728
5363
5443
5663
2890
4738
9338
8608
6282
8872
4098
1743
4983
9620
5961
2105
5207
7781
7173
7374
128
2719
7471
7922
4690
4212
6033
632
5662
4200
1061
4504
7484
3620
9543
5887
2657
334
3388
408
648
9529
9541
5672
4719
8567
4708
667
1987
1068
232
8751
9733
675
3578
2303
397
5585
2235
8361
9688
4663
9537
3223
4271
1064
3412
125
5764
7014
7385
7670
1964
9991
4691
8616
2182
618
5515
4190
1948
9523
6476
799
7560
1675
8983
346
4985
1168
9450
2619
180
8406
8488
4125
4269
751
5256
217
2775
5413
5814
199
6625
4452
7029
8984
7535
7842
9797
2854
1275
709
2540
2792
463
5570
4578
4304
9686
3929
8860
6537
9461
8085
238
4518
6174
259
3452
7848
4778
2865
8201
2167
5843
7334
5047
4454
6569
3007
1814
6138
8445
8592
9629
8874
1937
4727
3618
2858
3234
8347
6910
277
4287
4185
7059
3180
3294
7801
7156
4164
5980
1168
5529
6466
5670
1471
2352
9047
8350
1180
2266
12
4256
8670
1052
9096
4146
7053
4411
1479
1063
5390
7517
8952
8183
6721
800
7478
5736
3177
4965
461
3542
672
6146
628
3349
4220
195
5177
3658
8622
1891
6570
818
929
2143
4320
8357
8931
8371
6109
4222
237
9342
880
3927
7058
4228
289
3561
9756
8505
5731
6501
5871
7450
3040
9333
366
3803
2976
5442
4863
643
9654
2175
324
1554
6273
110
6117
6941
2932
8393
2603
6225
2739
3222
4857
3359
759
887
7031
9406
3058
5663
5087
5771
6341
5573
4718
7044
3776
1808
4047
7672
9966
1313
5813
6495
1903
688
8387
7516
4554
3695
2117
986
415
6020
5022
2372
2018
4179
4672
928
6036
7406
5170
7707
9560
1002
7664
990
7887
894
5074
2931
9921
5236
9225
2811
6983
4036
6149
2321
6418
5807
3918
9781
5604
6495
8542
2858
6898
4331
8748
8778
7511
7493
281
8792
5399
8003
1177
2234
8818
9125
8575
4224
5280
317
5576
8519
7711
6409
3777
3423
3512
3404
3390
4526
9764
4957
4792
8944
7654
7882
8488
9270
5619
3749
9131
4408
1871
9227
1177
9781
7791
2106
424
1592
4031
2809
2163
3740
3074
7589
9616
694
2388
322
1172
1759
9722
9668
6571
6706
3209
3374
9127
6010
7224
3861
3575
9511
810
7832
7896
3490
778
4778
293
5634
8790
7487
9778
7779
1092
7736
7964
4279
164
1504
1749
5461
8152
3701
4531
2501
4782
5405
3930
4776
4490
9123
8382
8455
1576
7188
7051
4011
5331
8417
2164
1666
7670
6232
7307
1100
6185
4816
3326
7091
1044
8489
6362
8635
9318
4587
4376
2537
4478
9459
1747
2658
8860
3456
108
531
2836
6160
2244
5851
7584
4954
1856
1747
937
1039
2137
2434
5493
2390
7225
9729
6804
5818
2845
2492
979
6501
7755
670
990
5418
9945
5056
5374
7685
3690
3756
500
3358
4070
275
7957
3951
1159
3498
8370
2015
6600
4075
2837
8888
2127
6113
775
5017
9912
1813
4800
3569
1069
1451
279
2902
9899
6909
8320
6697
5054
2277
4715
2699
9644
9287
5956
8538
8688
9349
2677
3372
5201
2738
3632
7392
2413
6627
5797
7482
6508
2167
6628
4225
390
7495
1988
622
9790
3869
1846
2639
5594
9568
8739
1433
9732
9370
1690
7193
2525
1311
9485
6137
8085
8157
9165
127
3441
4855
4988
1169
1317
2951
5839
1099
4349
6358
2069
8554
7034
1909
9769
925
3011
573
5506
6688
1525
2317
8876
4749
8070
5909
3785
1506
5631
6305
2373
5015
7051
6838
3535
3680
8304
8221
8072
3569
5733
4452
1122
7850
753
6457
5421
6564
3757
1416
4907
6475
9266
6155
5193
1004
485
782
5870
247
5675
5237
8988
1407
7745
8074
7146
2672
2192
5932
7992
4830
655
4686
961
9072
395
5843
1657
3
5956
2501
81
4742
5674
2069
3624
7384
3440
6589
2184
1605
4469
6461
3726
2317
2020
8419
1248
2868
3224
1815
5458
6544
8304
9041
9868
171
9041
8773
1792
2070
5147
841
4982
8435
5109
3670
9014
5991
8903
7029
7674
6645
8348
4570
9380
2150
453
246
430
9175
4541
5560
6609
7574
546
1492
2756
5496
7397
1349
5861
4078
3081
7175
1807
2332
4618
8094
3167
7857
5568
2574
8179
9709
9239
9014
1177
6516
5882
5428
293
1107
3762
1147
6605
5424
6871
5981
199
4369
2186
5115
2620
8958
1531
6717
9939
1396
6357
1526
2220
4420
4776
7904
7365
1294
1316
6286
4500
8452
8486
3171
5102
4019
3133
6635
3076
793
9735
2006
515
8951
3695
2701
1300
8404
9772
3464
5321
4437
7929
1012
2570
5854
5095
1506
1720
8926
6454
3540
9580
6107
8379
6498
3856
4720
1640
6868
5312
392
7955
4199
3093
311
2402
2919
2404
1876
2581
876
9540
4865
394
4694
4308
6215
6550
5673
4817
9651
1711
3547
5188
6695
4697
3205
6403
8617
479
3475
9428
3245
998
2600
3188
1284
1890
4225
1616
7199
5354
7116
1552
497
7539
6421
2364
4620
9172
6071
209
8704
233
8199
2927
8137
5677
8993
3043
1747
9427
9599
8330
2494
6246
2902
7378
3974
4084
2984
2002
963
9461
5976
5251
6334
2464
2535
1031
2421
4596
434
929
5732
1241
8336
8812
9130
4102
5741
944
922
6359
8832
5702
1064
9283
2619
1506
9086
1346
6428
9546
3140
4253
8234
4650
7162
4907
5570
4346
8002
6297
6099
829
7538
5696
6273
7638
4853
4433
7696
809
4266
4074
3507
2248
6693
6069
2343
1015
2703
3189
3018
6786
5988
451
4367
9332
2349
8690
8768
2598
6154
2193
5870
2532
5385
4398
4391
2587
1410
2179
6731
1892
2203
6570
8915
5122
275
8202
8616
7903
3758
9128
170
4645
5186
493
8025
554
1111
1413
5042
8517
1514
1719
7685
1808
5195
1466
3607
936
2836
8659
9621
7112
9419
9309
364
7441
8214
1285
6600
5947
4560
5299
1678
3539
3620
9382
4706
3343
3045
1174
5494
5804
5346
202
5169
1753
1579
546
226
3038
4728
6874
6971
6348
7058
3399
8039
108
3653
47
3971
7735
4258
3930
9793
488
3232
1664
4190
7661
3701
5099
3666
2479
6099
7702
7397
6782
5482
4021
780
948
8835
642
4661
9543
7634
349
3128
2907
5564
4904
7962
3781
4259
894
3724
7402
7814
692
7054
5423
5270
2069
3770
9356
4581
6523
4152
6273
3706
9636
1956
7593
1489
8925
325
696
4760
1650
2271
2348
888
8508
1302
378
7030
1654
2280
1158
359
6729
4385
3770
377
6266
6120
4241
3712
6105
9559
9842
1027
1573
3637
8607
5666
7001
5333
3962
5096
4006
3146
7136
3489
8805
6926
5667
4111
8927
7270
3557
5860
4032
175
2469
2707
9561
236
8990
9239
2064
6902
322
7904
8038
5005
2950
2398
650
3093
9503
612
8331
8946
6031
8421
5207
7293
5717
6788
4417
9663
9202
9368
1096
3788
1957
337
9486
2413
8439
6294
634
9827
5645
4047
9698
907
4444
3927
2567
3496
4029
679
5522
3828
5008
4437
8828
9412
689
6211
8476
1457
871
2459
1915
8202
2078
1225
7677
6860
770
8475
4795
1454
7211
7844
9549
678
5732
689
283
7636
8166
9541
4939
6835
1492
1150
9768
8115
4791
3316
9269
5757
