6363
7888
288
8092
7719
7944
9633
8413
7674
6017
659
5439
8634
9667
6788
3940
323
5967
9273
3264
670
2284
7272
5618
9369
1336
8873
6831
2357
6448
2290
4650
4288
96
8943
2245
3202
6301
9629
280
7229
7639
138
1613
2826
3232
5233
364
1922
5039
4737
3298
7923
8722
7529
2378
8145
4425
2192
4959
7104
9753
1326
6733
1152
9503
1221
7770
8558
9535
7399
4312
109
5606
9689
7072
6861
3413
287
886
7690
8997
2276
6329
5357
5077
2585
2915
1620
4159
4124
5332
7168
6073
3683
9364
4742
1619
452
7166
3894
1031
7071
7350
1846
3071
2841
5855
9375
1728
810
7459
2629
9373
3119
6479
757
7922
5727
4607
2883
1590
8886
189
6943
985
5357
2609
7361
552
8099
3622
4545
3423
2830
1465
3695
4048
2327
3507
9107
1745
3858
4409
6328
9875
2730
8314
8704
4171
5457
2015
787
1322
4557
6418
1405
8398
831
654
8871
2699
8609
1891
1801
4481
2890
1590
7983
7486
5151
8053
2068
9016
209
104
4415
8847
628
8729
3008
9047
7666
3629
9486
5323
9541
8253
1264
6223
7437
4763
7362
1816
5816
3454
5940
1529
6392
8388
3841
3835
4032
9795
5794
1159
6294
6245
4596
3172
3045
7405
5940
9441
4612
7340
146
1563
7587
3929
3359
7449
8154
6293
4281
3170
9076
4337
4065
9297
8970
3117
5850
289
6704
3483
3869
2367
1115
2515
8706
2605
9341
5929
6536
5381
3791
3950
5863
1881
3008
6585
2050
9481
1221
3053
6927
3116
7094
3145
6263
1778
7930
2804
4158
749
3730
2039
2417
7648
3685
4642
5513
3830
9659
8790
2842
9021
2690
4277
1903
8634
877
5688
5764
2751
1607
6098
6223
709
5520
8857
753
850
9722
7461
530
5185
1666
6304
8062
8562
6651
224
7931
1622
1980
4219
5822
129
7591
6733
1707
4789
4566
5119
9927
7766
7196
6916
5051
8526
6759
7809
1176
1368
9198
1236
1868
5028
1004
5415
3081
9284
5993
7025
903
9888
7548
2072
8122
5470
7221
1980
4185
7795
9029
8139
59
3126
778
4385
7314
1046
2370
392
7613
3068
8055
3646
2147
2704
3124
4281
2796
5519
8321
8761
8441
4894
6003
1995
4983
8812
3342
6821
7536
1135
8944
1596
9193
7605
8737
8053
3889
6345
2054
7550
1257
1553
5962
595
3685
4918
4952
6662
8176
3755
3669
4911
6687
8995
2379
3939
4995
6047
3946
1804
828
784
6664
6476
1092
9111
6156
4613
4633
877
985
777
9954
2449
9167
6577
9873
1804
453
7850
1622
9981
9298
8194
4277
9845
8052
4466
7861
524
7029
1116
4045
2700
6080
306
9166
839
3286
3035
3213
3715
1233
8581
7319
3740
560
5847
6437
6417
8671
3282
2258
9716
430
4875
7099
1043
5290
9616
6477
7438
9205
4788
3249
1077
5949
1726
7201
8510
7994
1459
9934
7008
9989
2410
9270
1466
290
7984
1166
7323
7781
6146
585
7211
159
7372
4826
3590
9002
2446
3756
5277
6315
3048
8834
7875
292
726
1411
2304
2949
4321
8702
7660
3160
3329
5336
2397
4487
8704
9972
5629
9674
5835
1190
4404
3594
7955
1479
5157
7858
6775
7687
3164
5647
5015
8041
5398
6964
1674
3296
8978
8667
4486
5893
1190
4605
6309
5704
7264
1013
1522
4015
18
4099
5046
60
5309
9213
8760
7920
1995
7357
8543
7490
8935
9025
9024
4196
3508
576
9460
7651
9248
8311
263
2377
3647
1726
1896
6767
8043
5664
1871
7177
9329
8501
3520
4726
8695
204
1614
3443
6278
5830
769
6950
4683
6201
5306
6994
4964
100
4030
2003
6205
1186
8101
3246
332
5128
5872
5335
9175
3842
5349
9363
5054
5280
6716
8486
3696
5847
9958
9162
9410
2146
5285
5785
8788
6406
3201
6982
7119
8640
4218
2289
281
7324
2008
1843
3165
3194
9960
3868
6566
2147
6066
3339
7880
1474
5697
7115
1921
1662
425
6394
5503
1010
3139
9396
3144
6835
2247
7886
821
1391
8354
8775
2855
2294
3228
8469
4919
4954
7326
6192
4065
8420
2681
9454
6422
4086
793
8727
6528
5958
7277
4745
777
9923
9941
8732
8401
5800
7114
1813
7047
2168
5062
1769
3840
9105
7090
7154
6770
5205
9377
9669
9173
8333
915
345
1492
5194
710
2794
487
9375
1499
1577
582
2323
3504
4673
2215
9193
8242
2983
4367
4508
4805
400
1271
6833
2533
1545
5279
5396
1251
2544
5093
7613
8363
7643
5699
8090
6521
5598
8510
3332
509
8613
3137
5873
3688
3999
3598
359
3257
8090
2703
2012
861
1560
8453
8823
9837
7703
1123
601
4484
6405
9386
9109
2221
1657
8242
5269
5952
7470
8125
5177
2273
3573
1491
8285
9148
6341
99
9061
1335
9651
2097
7612
8136
3189
6944
6548
216
1566
3421
9997
1772
7030
7955
6426
3769
5047
8947
2012
3732
8440
4996
1715
5004
7627
3530
6486
1715
5881
244
3301
6276
3910
8435
2367
7247
8069
4458
6773
9037
1809
5819
5289
4142
9051
1295
9377
4492
2327
9598
2417
2013
4296
4639
5291
1979
8035
8484
2007
4511
5020
5688
8126
9627
9886
7775
42
2620
1397
60
7521
932
6083
4011
3157
993
8566
1826
8348
9547
620
8139
164
2404
6141
669
2301
5529
8472
6795
3019
4240
7852
8146
1359
5332
4926
5577
8613
3931
751
3837
8374
6158
5531
4290
2731
3922
9289
6349
8091
7285
2743
2725
1956
5908
1780
9415
4446
6674
4634
6280
4159
5506
5977
8947
5734
943
6290
5272
2826
997
8777
6596
1636
4979
9594
9953
3003
8414
4948
8542
4128
8942
5241
762
2806
4891
9851
7899
3507
1277
7577
7962
5503
9298
1191
9417
2841
185
4383
5112
7259
5442
9802
196
80
6098
9242
5930
8932
5501
2356
4354
5481
8211
1438
5873
1482
3262
4192
6752
1537
5327
8813
2299
8169
2055
3980
1858
1939
7716
2010
982
7248
9847
9703
949
1561
8299
3647
4538
9923
3683
881
3203
4171
2591
3731
7803
9233
641
5248
8926
9404
9440
5172
97
3421
3185
6474
3068
2093
4642
9313
3616
4616
6254
4813
6764
5457
1389
6549
8278
5277
9862
5102
5356
9910
9525
4729
5634
3330
3933
2841
6796
1213
8306
2593
1684
2069
3669
3054
5686
6935
7165
623
360
8398
7784
3682
7262
3116
3567
9635
4684
5162
7305
5141
3038
1290
382
6542
50
3125
6402
525
5859
8507
7184
2342
5835
9633
1639
6772
930
5558
2446
2743
5479
1763
7546
6572
2441
4226
9787
8902
2543
3903
2341
2565
7314
9303
131
9045
6930
6492
1507
9279
7494
377
5989
5331
9304
3436
1481
4660
3304
8889
4974
4508
7500
9843
7053
4282
1214
5362
984
1446
5705
6282
7569
5615
516
4181
8463
7483
5329
3118
3134
7322
6035
6372
6216
1462
2772
4536
8400
5207
6007
2766
1899
2399
2883
5835
6298
4298
6843
417
2356
8887
8819
1392
9870
4175
3842
4359
4276
8792
5836
7684
2952
2470
9768
9525
4209
1070
9312
8525
5962
4080
6819
3335
9875
530
4056
498
7418
7789
1049
9224
7453
3661
5972
2470
4712
1395
4686
5983
7213
7963
9943
2928
1792
3003
7116
3487
4443
6033
5928
3362
6350
895
2595
4040
7070
8220
850
2899
3629
9344
980
9248
6846
3688
1040
3927
9458
9173
7859
7387
1942
2834
8746
9250
4534
5639
83
232
8569
3968
880
3084
6478
4600
4211
3825
6095
8217
2588
1469
3567
9314
3516
3377
3708
4338
8192
9294
7191
6481
3219
7083
9213
8482
1637
5030
9994
4952
1787
4944
9290
4903
6203
7403
8575
9335
4727
1996
9669
8951
824
6771
8711
996
3391
788
5018
5505
4449
3802
3900
1058
1749
8027
7816
3390
8426
1809
6373
454
4853
232
7778
1723
6962
3284
5422
5055
2231
3287
3959
6590
7922
8296
3215
3278
3081
1196
9734
1487
1574
4209
9810
143
8829
2461
1385
4775
8062
4959
7046
2729
3494
4062
8541
5634
2830
2783
214
5119
2046
6289
3845
4410
7664
9194
5623
914
6857
3884
625
5358
3896
2987
8960
3143
5733
8623
6301
1478
4773
9621
7951
1887
190
2965
4406
5939
6290
6912
6140
4836
7133
266
4266
7251
1312
8899
9083
7062
7653
710
3909
4360
6464
8413
2445
990
7325
4848
5858
297
5837
5230
8643
4558
4147
5685
5393
7251
2459
4536
3658
4300
4602
4459
7824
4668
2504
3733
461
6766
4197
1636
1099
3560
2433
2985
4815
6479
9697
5703
4148
5692
1541
6340
256
3491
5415
624
4472
3883
6696
38
4972
4273
4884
9336
7904
9039
1603
1513
9796
2693
8095
9440
9235
5292
2737
3713
4039
8140
2380
256
7408
7534
581
9209
9068
9136
829
1017
9485
9181
1870
5762
946
7600
3332
8992
6464
9111
3632
9671
5608
5618
1964
5170
4866
6026
9980
3346
2422
7343
2939
8331
7513
5424
9422
8428
1040
3878
6056
1849
893
1592
3037
4399
175
14
2608
3039
242
5882
2734
3092
3113
1463
6895
2865
6903
4649
8789
6923
7808
1503
916
4643
7281
8409
6074
6472
6342
2479
3002
5314
1853
464
6007
5705
4380
8931
8019
6019
4460
640
6760
6429
6241
6150
5420
6776
2968
6917
3558
1994
5611
2726
5027
3118
7801
4783
9601
9166
211
3190
24
7554
8166
4402
3542
5266
8410
2693
928
8169
9383
3001
8672
2506
7933
6645
5792
8917
6866
4812
1510
8036
4677
5771
6289
3704
7077
7666
9944
3539
9209
5236
9199
4225
8098
191
8762
6582
259
7446
230
6620
8271
5816
5218
9787
788
9529
6683
9312
6769
5345
4955
1348
5029
7553
8163
1643
3741
8602
3003
4728
4262
6670
4645
2753
8026
3378
6399
6669
9611
5382
8122
3162
356
1452
6349
5835
7197
789
1472
3164
5970
7367
5504
6592
8015
3077
7015
6902
2915
6064
6110
1025
4762
9972
3450
720
3779
1301
2849
1052
5848
7271
141
3658
8893
1235
9311
3163
4891
5407
4439
3795
2917
3069
5614
4038
8202
3515
8719
7107
7470
1323
5211
6097
1051
265
950
1584
8719
8168
6651
9431
9775
8620
4034
9224
559
7517
9536
2195
6644
4765
8713
1415
9136
757
6980
2358
6049
5417
2063
1124
6173
1932
5933
20
9138
4105
582
6719
8600
1511
9634
2887
9683
2341
3813
2039
3243
8351
4384
4194
9147
6148
4820
2164
3529
6319
2695
4787
8304
1237
1542
3624
9652
3272
3074
136
5698
5912
2829
4296
6889
2020
9294
3021
7534
1274
7807
3529
841
9850
1698
181
7520
4557
1284
2511
5671
2548
6876
1615
1472
4376
9084
9647
1213
7686
4797
280
7662
2817
1382
2241
7643
2184
4689
3013
9766
6497
8890
2611
6870
7420
8856
6486
7810
1556
9840
1637
7622
5832
6020
207
4645
7429
4526
7362
5277
8375
2545
2856
1029
4649
5980
3052
5674
202
3641
3677
2503
8231
854
8193
9685
2818
5739
323
2665
1188
3914
7197
6587
3974
4351
6211
1462
3444
3811
8911
8203
3962
484
14
9380
6682
315
4538
4139
4324
8190
6523
250
7430
7474
3352
6465
7548
9054
5247
5166
6882
810
3032
4820
8900
1435
6300
6948
6419
5501
2867
6574
2834
974
6627
8098
2635
4080
667
2946
2022
9663
91
7773
2671
7614
9825
3088
6337
8433
1798
5175
2368
826
5324
8797
7499
4228
7885
6894
2224
5388
7032
674
5771
6838
237
4419
762
9022
2348
5704
8255
8583
4325
9318
6360
752
5889
8593
6287
8656
5485
2681
7295
3849
4204
8516
3001
1674
661
7793
2055
9381
1371
3175
2503
7814
6703
157
9008
3141
8087
5547
8115
8084
7495
9906
2826
6816
3325
2878
2033
9565
877
4628
4304
6430
1206
2831
9653
8030
5363
6402
2434
2678
3594
1892
8853
6659
1377
7761
3845
4793
6604
1799
1763
7675
8883
4583
28
7876
4238
9420
603
1192
7586
8653
5027
7220
8525
9262
2051
8510
7955
9256
917
2493
9368
5188
5798
9290
6266
166
1543
7495
225
2556
71
5982
3263
1687
9030
9099
5140
5335
4685
4070
51
1371
1555
8683
8612
9703
2179
3332
72
5686
8931
7059
3803
8534
5450
6081
2821
4560
7577
2128
8028
2665
4914
2234
2806
7641
302
1155
2818
2631
7575
1217
9816
7302
7746
1190
4203
6843
6178
5570
4100
7695
3
878
2587
9632
4195
4432
2855
7572
8756
7411
8673
9255
8523
5705
6635
3598
3273
7043
3594
4817
3953
8831
7746
2377
359
99
5564
4040
7375
4462
2516
4524
2619
9836
7353
7145
8112
2950
7750
9782
4267
9248
4825
8487
248
379
335
9732
9950
1195
4107
4822
1866
1621
6399
6814
4358
5015
8361
9291
4399
3102
5584
9979
5113
8610
1398
8000
7771
8285
9214
7438
2917
5699
5567
427
8738
7466
1768
6231
773
2857
1866
5559
4056
5878
170
5857
5821
9305
6525
2451
1472
7763
4446
6856
6822
9123
308
9053
5635
3308
8656
8122
4345
6184
1853
2478
1789
4789
5941
9675
9134
9610
447
4143
8416
7884
3861
9163
7359
9880
4490
5936
357
8266
2754
5226
1113
826
7273
5173
6585
434
8717
4923
7716
8324
7407
1060
8926
5075
9051
410
509
2573
5400
9894
3054
932
7534
8317
4770
2142
1942
263
6538
6880
271
364
2932
1689
9137
7451
4223
8556
6921
4999
6166
6919
8856
9144
2712
3639
652
2262
624
8247
2923
1058
5256
7222
5474
2539
6275
9463
6482
2237
7447
8604
5275
4752
5029
2181
1265
346
6503
5862
3812
4156
7959
4932
1360
302
8913
5980
1484
9161
4662
8546
6520
3069
2417
2756
1037
7036
8882
2481
8542
9386
3743
7407
6033
2390
175
9304
6224
6351
2631
9665
8021
7237
5910
4484
2393
5399
6970
3425
5051
8657
8879
2395
4355
8747
6770
8208
480
7908
9432
5180
6064
5257
7149
6374
1190
1915
7975
4835
9956
3374
2823
4096
5140
209
7384
7525
3105
2509
4887
7056
6888
6634
504
5007
6074
7907
9405
5739
6500
9984
7936
6216
5088
6845
8386
2833
5966
7089
9059
6604
9487
6431
634
9725
1098
2207
1192
6547
3418
6920
5026
3421
1787
7729
9952
3838
3509
9585
4619
3103
6471
285
4647
6066
4910
6256
800
7685
1260
6868
1990
1930
298
9147
1812
2805
7811
512
8793
3425
263
7376
1845
3341
1815
2219
7174
9978
9741
1108
975
4700
1854
2814
2515
7825
7038
9931
9439
6324
4508
2932
1663
3311
3332
3266
4295
2334
2565
4448
3573
9418
1684
2573
641
2740
4267
569
1615
3867
8325
2942
6170
7803
4098
4755
7106
9658
1262
3316
950
1043
3126
2736
6278
5471
4790
81
2487
5140
1902
3913
8693
7208
1774
833
3735
5228
4347
8558
7312
2543
8765
2311
1602
4499
7496
3579
6822
1236
3267
7839
9194
169
8712
4260
4630
2462
9756
7412
5025
1705
4161
9676
304
441
4532
5654
5971
2080
2533
6068
9392
5066
81
706
3737
1284
5087
5704
630
4892
2188
9287
8924
8134
9519
7130
6325
9528
4576
8578
9309
623
8349
4041
7507
2963
2944
6265
1106
7503
4818
1805
8902
3160
1061
5860
2059
1682
917
6828
1602
672
9735
8351
5011
8649
4373
4816
7201
7994
4891
8713
4253
6091
1979
9158
8708
8781
7904
4154
8304
1571
9537
3981
4263
5374
6907
3883
7060
5136
2153
7226
1859
8289
7554
8989
2577
3202
5322
7568
8210
1374
1137
1029
8318
7797
994
8657
3219
3380
6079
3755
7357
7710
7414
1177
7410
5798
3936
890
5844
9834
2120
9852
1916
6968
6346
7776
9674
5703
4407
457
1431
9682
4229
9854
