4797
8985
3705
4706
8849
7468
5796
7011
3879
7197
64
7330
1968
1184
9273
2351
6500
871
5984
1396
2091
1352
9407
3173
8153
1308
8154
5083
9527
8173
2861
7617
7305
5879
5145
1573
2224
6118
6829
3208
8576
9574
9139
9955
6512
166
4713
2199
5580
864
2192
107
2182
4080
5357
1066
6157
9752
330
1839
134
2636
4516
8404
3465
5937
5717
6857
3591
976
6724
4487
5699
8906
4011
5803
7128
5514
6866
1327
2944
2562
5901
9342
5359
1900
2361
7608
3768
2915
691
1488
4453
6425
5910
4675
9673
7005
9493
3920
8928
8427
8198
8567
3408
6257
3539
673
6337
7129
1335
2245
947
5689
8314
5106
3729
4945
7952
9423
1681
5896
1317
5472
5835
7331
8178
6831
2516
5723
7497
454
7419
3473
2748
6876
3079
5206
757
4093
4783
8566
3419
3668
7673
5613
2482
9376
2323
4597
7669
5379
3316
3710
7851
1067
8334
6694
820
4311
3790
1884
2138
5016
6723
3489
860
9940
9608
9557
3296
9563
9030
3728
2765
5989
2646
5429
4325
9222
5266
4481
9664
3202
565
6201
9206
3445
5013
443
543
6975
8608
9251
2106
6991
7600
9693
938
5343
6747
7376
457
6471
7664
2097
3084
9519
1051
3278
7484
5306
38
466
7439
8175
6390
4438
3847
3795
8027
2711
9893
5738
2876
8938
2675
4848
2747
2798
278
5159
5005
8044
5412
744
8608
8912
2808
107
4165
8339
2940
726
6001
1380
3826
6295
9831
8564
8088
570
518
8392
5144
4178
6246
829
1711
740
24
6993
1342
5969
844
885
761
7807
2795
2737
9106
5622
1029
3791
6906
2445
9918
4736
6448
7417
2400
3316
8023
895
4479
9012
5358
4292
2706
9871
6684
783
7874
8204
6794
2923
8979
6296
1603
3695
3671
3202
8262
4964
6376
3137
7349
554
7297
5136
9291
7611
2822
968
9904
3004
2159
1597
3508
1865
1580
5010
97
6747
8681
7706
5287
6230
8063
1268
7363
7778
833
3252
6027
1759
4
1599
2461
9261
1863
8126
4973
7176
524
7725
5951
8402
3337
7434
7205
3767
4938
404
9079
998
9993
7866
3486
5691
6873
4619
3111
1083
7133
6759
5119
6214
9053
2825
5619
2099
2494
6352
8726
8047
7927
4816
6543
4282
63
8813
6985
1609
3024
5812
1299
7304
7966
296
4588
377
7879
2812
2799
3513
4910
317
4651
6094
6745
48
3009
440
9678
976
2881
8823
827
116
4779
9671
2620
9294
7240
1990
2572
9605
164
1356
85
6
4088
4536
1681
3385
6806
7408
1699
7976
3033
5873
1521
6442
7351
7874
1970
790
6096
712
1606
405
999
7568
6213
5166
1136
6687
9879
3312
5335
9758
1323
8156
9425
1144
6865
5491
5178
658
733
7879
6659
5203
5870
8974
873
4274
8251
3573
5238
5938
2190
9618
5966
414
5986
8538
9646
8922
3177
4071
3634
5430
8647
8200
1369
698
937
7041
8628
2614
5155
5821
3428
5692
8433
4058
1320
3438
4588
9357
5285
7149
3574
8864
2725
7562
4680
5262
9101
7614
163
8026
5501
5489
549
8355
5739
5313
4524
1435
8884
430
6448
4632
143
9581
1505
3550
5015
678
3669
1424
1298
957
6779
198
3899
6744
3456
830
9999
3086
3318
9288
7278
4452
3253
6983
6917
4790
9340
5180
7820
2390
6369
4347
7899
5333
2300
593
8539
2000
7477
9300
7818
275
8128
2470
8011
5971
1545
6190
130
3075
7782
1736
2605
9765
3458
5470
5637
8794
998
851
8099
3182
9428
3323
8532
5297
1513
8213
377
6292
1018
5907
2461
5542
345
1257
2750
2386
8400
1272
4548
8828
1435
9182
7938
7943
7812
913
5004
6481
9173
6779
6878
727
9521
1246
3920
2223
4000
6005
1917
5262
9616
2396
9882
2264
5866
9308
2542
7251
2549
5007
5246
5935
7936
509
5746
1468
7641
3001
4218
4670
4031
1051
9438
5169
1417
2321
2132
7775
6284
8705
3555
3935
9584
1980
3568
8973
378
9542
5360
3694
4596
340
6861
4005
1988
4577
1774
3601
9962
4769
2730
9167
5364
6879
1484
4211
431
2412
7316
8331
6087
6876
8733
7940
8470
1112
537
8849
6604
8963
4106
1635
8544
8200
4776
4647
2338
1649
6643
153
3216
4950
8833
4107
3262
3334
9245
507
2192
6915
6053
8534
7603
6044
7024
9004
35
3806
6352
5118
4350
2329
3203
8358
1573
6698
8249
4952
3161
3339
3719
4758
6761
4620
2436
6254
5765
4492
1923
9965
8553
8741
2964
2213
7216
9628
7064
8647
5112
9454
2261
8443
7206
7484
5508
2180
5862
2912
7005
3246
9037
8052
3122
8616
5556
2672
7324
4807
640
3147
2755
2810
5594
6526
2741
6091
1121
6284
8725
1147
7112
8582
2953
8604
8830
4652
8496
2222
146
4971
8848
4147
9417
5840
9638
4529
758
6846
2360
9573
573
3165
7887
430
2860
8956
9454
4415
4192
890
7892
2760
2015
9538
642
8157
7490
1675
1095
7492
4026
4732
8818
8036
6645
5022
59
8621
7663
279
256
8065
6892
7205
8975
3744
802
1666
5062
7773
9724
4943
2694
5137
6211
536
8813
2411
1289
1379
4503
878
3302
1831
4367
8587
272
3694
3269
5056
7283
2341
6124
4545
1026
8993
8401
6825
7464
2457
7527
7873
5307
6074
7179
1713
4245
725
6292
5189
1974
7683
4214
283
5360
583
905
7624
9861
7532
8621
9415
8020
9600
3582
5215
7735
9905
5668
3413
3203
598
3830
9589
8170
9860
7846
8336
6704
3248
215
6440
9243
6096
2757
5221
9730
62
75
7383
1662
3593
2816
9587
2138
1797
1332
3436
7788
7988
2839
4322
3858
5339
2433
5513
3948
3804
2914
9288
340
3578
6173
2367
995
8149
7414
5816
6230
1978
7725
5324
2261
2417
2313
5394
824
2205
1949
9185
3819
7436
6499
8113
9573
3719
2228
199
4148
4184
5098
2461
1179
8540
306
8962
8641
4649
1764
8384
385
1264
1789
9173
2952
8864
8717
1510
1013
8837
1306
6581
5502
7479
3148
2590
4250
3403
4598
836
9200
9173
5060
6048
5479
4753
1886
1817
921
2933
8399
7255
6316
30
2177
9330
161
6838
4947
8130
7452
143
6767
2703
9022
1991
702
6398
3052
5608
8172
1636
1535
1535
437
8521
4940
9167
2975
328
8376
8716
3667
7283
1693
588
476
2548
6369
6253
1126
4695
6363
9722
3336
7492
3039
12
9951
3280
1656
1750
2651
3256
252
5436
1430
6953
2290
8462
2348
1414
7356
2989
6898
4824
3479
3693
419
1633
1791
6773
4469
8079
9851
7673
9924
4534
6663
4562
844
5240
3254
799
4505
9235
1659
873
8931
8706
6785
6259
8258
626
3663
4890
3399
7259
479
8261
747
4317
5211
1574
2631
7751
1085
5207
8650
6840
1706
1331
5886
8158
8412
4214
3446
2011
3397
3510
8511
7285
9535
358
7452
4522
4828
9639
4054
4775
222
5737
3830
101
6709
2554
5190
6219
510
3966
4087
9093
731
6004
6447
4102
5343
5539
8586
6291
1390
3687
6502
8538
1002
8553
3558
2112
7569
6105
8925
6551
2911
8081
5799
5574
3875
4421
4767
8310
3598
2023
2737
4286
5690
9353
5006
9860
6706
7175
8258
1112
6488
6824
8596
3413
5990
4866
7321
5709
3545
7869
6711
5589
7279
6828
8390
3224
5475
7190
4696
7048
3693
2873
5695
6933
8819
4205
9236
2851
2411
2683
9749
7756
5369
2476
1085
5147
8131
5960
9576
1066
323
5213
1363
3861
2310
7374
2497
7788
1754
2244
8638
3503
5984
7746
6802
1812
2370
2289
8535
8498
121
3086
6148
4091
236
8624
3627
4859
8682
6394
6319
5790
4550
8536
4690
9633
4501
5474
8402
5293
466
981
4755
5700
5845
4128
4031
2033
9541
4594
5269
6809
7847
6336
5009
6484
3576
2456
7927
87
5025
5596
882
6392
8116
236
3740
9960
9912
5940
7160
2408
718
7554
2355
8585
2797
8881
4059
416
858
6776
5535
5531
6996
2515
8912
7633
4504
5103
2925
787
3164
9612
9656
9624
8174
1248
2524
9338
1430
2083
2300
2090
6050
1060
8895
6442
8871
3398
5567
9175
7459
5550
2637
5472
4800
8740
3480
7683
4108
4176
3586
6608
6823
3681
5675
1068
3384
7026
8643
2925
3161
9329
1129
3848
782
311
8898
7010
2977
1532
698
4263
663
3365
2823
550
6610
5906
7204
3746
2279
6820
5405
6611
8519
4915
3929
1923
3321
2030
3213
7358
5396
8907
5815
8308
6695
6418
7809
3253
5715
9528
2142
2991
6397
9031
8481
1248
3605
849
8174
1558
1592
906
6152
6099
9139
8318
6665
4735
5262
4215
4021
529
7621
8457
6639
4792
9936
2849
6527
6137
5088
6573
6660
8265
2862
7748
6959
1057
4352
4480
8642
7864
7421
535
2035
8433
4477
9813
4410
7230
2939
3363
8634
9984
6892
7161
5007
2006
7799
7510
6972
7754
2155
6517
483
2397
7742
800
6030
9570
1216
9904
9510
585
2620
7391
3051
4753
3013
5027
2970
2953
8456
7128
9130
89
9357
4462
2538
7577
6284
1480
1875
7394
9309
1177
4236
7181
8393
1947
8190
2031
2882
470
8735
6161
702
1208
5643
2436
950
1396
8729
6516
1142
4552
8716
6606
333
53
7612
275
5750
8695
7103
4460
2872
9945
8826
4169
7192
9755
3482
6781
614
6532
3987
6975
3704
6799
8589
7189
4502
3083
4842
8993
7296
5458
2864
8315
371
8682
1119
5317
3147
497
2827
2848
9738
310
4054
6822
6758
8548
1062
3778
8188
6775
2222
8991
6320
3192
429
8879
5063
9205
2849
8790
4514
2421
163
7518
3455
173
5121
6942
9732
8453
3222
8763
6170
8948
2882
907
125
4727
1530
8705
7025
2601
5791
1786
6249
9704
7087
9697
7665
2634
4599
8868
2045
2794
2839
4608
18
6143
5395
7778
1414
8255
9649
2017
33
8635
3047
9822
8768
2676
1808
5065
8611
6406
3570
3766
9002
986
2239
8147
6774
1145
7202
4365
2547
4697
881
7217
9854
5954
7710
8488
3052
4063
5790
7184
2377
5950
4363
9462
2736
2632
1735
3960
7231
4766
2166
6593
3895
4433
7196
6875
5640
3315
8052
2820
2645
8989
4119
3466
2614
193
9236
1623
6956
6127
671
2173
9379
3150
8455
7862
1208
290
685
9513
8361
8177
6844
7407
2297
7344
3862
7176
4329
3544
9062
8090
5367
8133
4917
4567
6292
4223
164
2699
390
8348
650
622
8150
9411
7045
4363
4314
5640
9801
75
8485
3371
3694
2058
9100
123
2833
6827
766
4980
3051
3691
9918
4304
2377
6425
5381
2236
3851
9892
7347
3106
2817
1298
9378
8724
3079
8847
5877
4624
3539
2785
8017
3918
2436
5317
6152
8143
3702
7710
6479
9491
4766
1369
2087
3869
2876
5619
8532
387
6161
4070
7319
9844
5614
5381
955
8187
3478
9251
2173
8280
2422
2237
7849
4545
9723
5213
9432
6951
1504
2906
2101
9930
632
6209
9178
5202
6956
2521
9561
524
7504
7876
3473
4556
4783
8328
815
2979
4879
9298
8689
8040
2459
6666
9362
3424
2592
8217
5726
1942
7677
9411
9091
4524
259
9391
2720
7881
5216
7599
6809
6132
2339
3279
4089
170
9078
6121
5697
7412
6120
5689
1176
1449
4112
3025
9665
8676
9039
8459
5768
435
1299
1753
4250
9963
5205
8573
386
2893
2597
4687
6269
8816
2038
3442
9145
6595
9467
3125
3190
7702
1012
4183
5675
6929
8875
3573
2777
9910
53
9348
9099
6057
6590
1013
6889
9737
2753
5228
6849
8713
3352
4806
6407
946
5630
6214
8838
3983
2095
7982
2481
6952
7081
6502
7240
1033
5346
1065
6149
2251
5761
5916
6677
2472
7861
4155
8715
5993
3307
3929
4425
7415
8536
9794
2908
8980
9757
1127
8306
4510
8409
732
7648
183
8385
9170
647
3669
2757
119
6350
1627
8209
3342
9426
2643
1399
7778
5510
9732
3626
8887
448
3944
8801
6308
1569
1021
4266
8452
727
5160
7656
8041
7747
6148
873
1906
990
7690
401
8606
5594
3086
3596
8357
7172
2041
8719
1868
7353
4765
6960
8967
423
4134
125
358
2897
1917
2626
8235
7615
9142
1136
2297
2260
1116
8292
302
8664
5956
7558
6339
3281
9600
5329
266
6886
5834
520
9392
8463
1463
1414
7099
8491
5150
7794
3884
6878
4717
9450
927
2237
3651
4261
707
9782
9832
9494
6931
136
4438
6077
258
3973
5320
2384
9000
970
6461
3474
7270
210
8310
1912
8773
5509
2546
7953
1898
9411
6808
1643
517
4296
5279
1514
5871
9585
8600
6678
6255
6250
3395
6906
2253
823
2580
3019
4710
3935
9121
3686
3397
1108
5014
9441
1365
4804
5431
5512
6320
3084
4397
2029
9276
2249
7978
4697
1550
3513
2049
9302
2766
2676
9286
3919
2438
2609
9861
6361
6005
5762
9364
5004
4131
5481
5790
8427
6405
4824
2182
482
4613
4748
614
8569
4917
3119
2934
6799
4602
6932
1336
5142
260
8419
4455
6032
9625
1564
7602
2646
4357
6020
9923
6762
5043
2703
9121
6601
3215
4030
4132
2548
215
1613
8893
6008
5529
5220
4232
8639
5594
8726
4903
8288
270
1568
4588
2032
1907
5005
7369
5878
9095
1418
8966
9954
4637
6271
3262
6135
4599
2592
141
5016
4754
4249
600
8723
4931
1994
4093
4906
9680
9527
5147
8243
2516
9504
9780
8998
2575
8255
9095
5942
8431
2383
6285
3469
7713
9898
4868
2575
817
2841
9147
5338
6769
9011
450
4875
2790
2772
104
5115
2223
3622
5211
3873
580
4141
1932
9682
6993
3382
4012
2632
8781
7187
7397
5920
5021
4200
4355
5517
2483
3133
4900
9790
8335
8233
8521
3184
691
1672
7596
8710
441
1401
4060
9849
1848
9924
7448
5497
3046
2134
1650
6003
2778
63
3435
7559
6318
3646
711
3698
4814
5154
6736
3003
7695
5642
4712
8775
3304
5705
5673
8896
4609
3868
4452
6537
9322
6513
7111
4252
2362
6920
4052
3572
9657
5264
4099
7449
6375
5072
9008
5263
3740
2612
2093
4009
2276
6190
2306
6821
864
983
2141
1016
750
914
7774
1479
6766
1814
9481
5662
7704
6004
2063
9649
7873
3580
6504
9385
3835
4269
3266
4678
1560
2215
9632
8640
7675
3282
7631
204
4046
8946
5150
2196
3741
4811
6066
6064
9469
2238
2687
4490
4991
8445
5599
5169
9853
1597
6935
410
9900
2655
1835
6049
5052
4535
5092
9109
980
6202
7864
6327
8343
5383
5296
506
400
3435
7311
63
6242
3568
4046
1135
5436
1837
5873
6533
1109
3049
5681
8068
8363
105
3247
5097
2394
4356
2756
676
3582
7429
8792
8248
8028
5576
76
7143
6037
9770
9807
5366
3759
353
8342
4271
6238
844
9326
9221
4804
1571
8498
9978
7896
5759
7057
7916
4579
4617
5945
303
6674
1423
1440
2724
5655
6792
4606
4928
6371
8130
3777
4696
5539
2988
1469
3959
856
5148
5076
130
3454
8003
6239
7743
4772
4191
84
5301
5694
7917
2242
1700
4993
3335
194
946
4237
105
5539
9953
5213
7365
8928
8788
4468
7635
7053
2408
9263
7126
9302
2892
731
7692
5686
1270
4202
5305
7014
9762
6161
5603
6172
9582
6255
7368
5549
1241
9302
359
106
777
6234
8610
5694
308
7050
3445
7339
3425
6812
705
1179
9373
3025
968
5730
2947
2036
8208
802
7195
1569
3456
8129
4594
6478
7782
3433
1251
9742
2539
8510
2911
1823
2859
2957
6055
9959
3863
2211
9508
573
7652
7642
2705
8750
6103
274
7912
6369
3707
7068
5349
389
8569
7446
4502
6766
8089
8951
8456
149
806
5107
3955
4808
7300
758
4543
7202
3729
4645
7451
1761
3088
2320
4073
3933
3314
7459
7288
5966
1940
5929
6355
2721
5270
4273
6715
6060
6973
4191
8672
293
4351
5555
8368
3986
1711
1106
8906
6276
5897
1447
5763
3007
4500
706
8881
7526
3579
1609
3076
5358
5995
4386
5170
6953
7674
4041
530
5979
4432
7899
5119
3569
4324
5236
9529
5188
4579
6542
7233
7346
4604
9206
778
7168
7424
8639
3314
8801
2719
256
6140
9022
2955
2792
9398
5574
6371
6312
4903
9154
3326
7745
2625
5364
501
2436
818
1584
822
8342
5479
3072
8460
5084
8601
3680
3253
5930
4118
7683
1233
9097
6296
8423
9146
8598
5499
21
4031
9691
6898
3718
8566
5100
5370
9061
9643
7478
9318
4666
8873
8569
7146
3859
5190
9067
7401
9830
7592
6888
2444
5357
8795
4232
3509
5504
3718
324
6644
5229
4618
1952
681
3375
1779
8553
4119
901
3330
6339
5847
5165
5408
9294
1712
9127
8166
6003
8981
2710
1419
3915
2546
166
8917
5373
9694
6370
9395
1883
309
491
4671
4160
75
7140
4430
282
6162
5118
3142
5347
2189
596
3287
2719
3696
3758
544
8600
3342
3775
2678
6071
7214
7254
7394
4138
8935
6634
3474
3810
7410
2306
9434
4207
7627
7667
2223
5905
7276
3114
5583
1398
2111
6227
6146
3187
2457
220
4361
4534
6748
7371
1779
2367
3087
6449
843
9951
5378
818
6264
387
8346
9899
4713
9140
8934
1230
8669
273
8950
2303
7886
1216
6975
7750
7529
4408
7099
916
5903
9815
1648
7437
785
4264
924
8498
716
5347
162
7061
6404
9636
3496
9022
4438
6264
3625
8363
3687
8720
9237
3043
7004
6638
9448
8822
6201
759
463
9025
5900
458
844
7913
2754
7459
7135
2568
2061
4421
7668
3712
3208
4495
4043
226
4457
5895
87
3649
494
1322
3417
3617
4576
6484
8480
6883
93
2025
6899
9216
4533
4829
8029
4421
1711
4108
7459
9309
1365
6283
5616
8994
8755
3398
1894
4686
1090
3630
5492
4452
8182
3058
1141
5942
2033
5138
3247
6938
9077
5155
8013
7179
4456
282
1370
6889
8867
1516
9369
7349
7984
2751
4709
969
6325
70
4112
887
28
4712
8092
9719
1989
5720
8834
6752
3879
430
5263
6199
2302
6828
6565
5744
8029
903
9046
1112
6338
5059
8128
5625
9391
2596
5072
6221
2958
1413
9753
6613
3611
7739
3832
1778
7850
2472
8813
6512
7091
9871
990
4326
6098
2735
2393
9077
7724
8943
6744
6484
1637
1246
2368
2957
321
8688
1861
4251
7564
3205
4660
9824
497
9844
5003
1742
260
3620
8393
8586
3414
8511
5105
8649
421
7618
2338
68
2333
8711
8621
6700
492
3543
322
7058
9288
1708
3730
3574
468
7940
1953
5105
6438
1863
622
378
8508
1980
1925
1192
7479
8955
1386
9374
6034
603
3756
971
7433
9511
2049
122
6349
3588
8546
4324
2129
5436
4731
9751
7662
1217
7000
9629
914
4142
6175
9124
1131
6017
2922
7864
6055
5986
7606
978
4335
2837
9650
942
6457
4601
1859
8000
8850
989
2874
5390
1703
4077
5135
4897
2873
3387
6874
3974
3492
992
994
9764
8312
9646
6094
3203
4688
741
2661
9995
1413
5776
5035
4168
1612
4056
4268
8253
28
9775
9768
4819
7146
571
2097
6134
9415
4393
5036
5668
6692
816
9554
4421
4447
3075
4129
6974
3665
9980
5421
3247
9533
7073
7114
6475
6665
6518
3797
7775
8243
3399
8073
4830
9190
6194
5955
403
2983
1749
7837
1630
527
9222
7157
591
2983
1755
4839
952
