2606
3836
7069
1659
4706
9657
5225
8971
81
8075
8278
5036
8032
3338
4491
3691
1698
3160
7305
3950
2789
6454
7267
4052
8838
7943
3239
3708
6810
5005
2994
337
5624
5598
1914
585
7036
1686
8244
811
6911
3999
1001
9308
346
2219
1140
3940
3992
5956
8334
224
1605
1949
8526
7145
8820
4954
5643
8027
2527
7696
5728
6399
343
5786
6147
8349
4538
5988
3988
654
8685
6397
9188
7290
5571
6236
4310
5778
6634
5221
4934
7057
9066
1897
7116
3036
8327
6567
6764
5449
7244
8859
7208
4363
4091
671
3331
3752
2050
1152
5726
5167
3891
6293
401
9966
4817
6827
326
68
7741
7489
7472
5486
4477
6967
5972
3233
3682
4164
9669
6402
2175
2086
1833
9502
7510
3716
4866
9768
42
5154
3946
775
6383
218
9627
8851
5577
1947
9099
8388
6734
3646
8111
1590
5011
9051
865
9625
7772
1622
6676
5214
6359
4577
5160
2269
7809
5118
268
619
9269
3626
5344
340
25
7161
9663
456
2720
4622
6308
3154
5843
8674
339
7334
6803
5695
9754
9471
9918
2484
1361
7565
5444
7645
6183
8275
7672
4928
8844
5751
1666
6186
5174
2522
126
4590
4940
6380
9285
4657
4225
1492
4503
8269
2642
1189
4943
8206
3077
517
6552
3798
1447
9126
3339
2951
1057
9155
5805
7300
8404
5470
1820
2347
8423
6826
7273
3104
9043
7750
1521
6411
4890
8891
6839
9893
8480
6677
3602
9929
5748
4089
4623
8867
1505
1128
2382
6283
5953
4858
118
9789
9736
1968
8183
7930
7253
568
5495
449
4068
8030
6942
546
2402
8112
4158
9119
533
7783
1803
6542
6194
828
4800
4037
1602
7307
2425
9198
3403
283
214
8529
3840
4267
1865
3802
2830
8045
3242
2172
666
8497
8941
1271
1019
4568
94
5218
8611
3472
4284
7344
5550
4783
8790
3027
9861
2691
7206
3551
3930
9649
4138
4413
1076
895
9353
4972
23
2836
9482
2087
5540
7966
7788
5382
4436
5903
4854
2989
1455
2731
2976
1031
4273
2438
5928
7794
995
1887
3540
9336
6561
6329
9863
786
3149
1315
1572
8051
1690
9375
7842
6465
2696
9371
987
4970
4505
2052
7854
1299
4479
5600
2794
524
1529
909
6830
6479
811
582
7010
7923
2829
6649
6673
7717
108
45
8321
3454
880
9560
3352
7746
1264
2562
5908
9486
4249
5530
2605
154
4091
4136
1919
9928
8047
443
9840
2411
9737
5280
8601
3209
2832
2286
8744
513
9036
6050
9590
5660
5538
7103
6133
2073
1078
371
3291
4991
1423
4536
9517
9699
1784
8299
9852
632
7461
8207
2339
6891
5915
3545
414
9998
4554
4333
601
7498
9672
6503
6590
3489
5862
8499
3443
7141
3145
1062
7938
5171
1417
7412
9291
1149
5907
25
1698
7004
9321
8044
833
4894
8133
2279
7581
2395
5426
5624
9777
2884
1761
9399
711
6939
7262
8286
736
2007
9317
1521
5194
7090
2791
1626
7907
5604
8329
4893
1126
4431
5598
3206
5189
1341
115
8211
6364
3384
853
5285
6944
3695
6262
604
719
4938
4106
8070
751
9952
4307
5661
5149
5147
8916
3221
3661
406
3350
3882
7782
5372
2577
390
2340
9481
7451
182
4572
5243
587
3860
5342
2937
5087
2085
3560
4689
9246
3841
6063
4096
6757
522
8358
5648
4543
2557
7055
8496
4255
989
6470
308
728
7574
212
2534
6711
674
7961
2834
3873
4263
4255
9997
6582
9449
9582
2498
6522
362
5259
7968
1322
5918
1637
965
7119
4692
4597
6315
7835
551
1077
6993
6774
1039
362
92
6002
3851
5618
4143
4517
4538
6864
7715
4708
1814
7829
7795
3277
6925
5865
3327
8250
5862
8068
9849
3492
3698
5745
4486
9525
5021
8635
4346
3129
1502
7912
7530
9555
4702
4738
3919
4214
9899
9469
8292
543
2821
3325
725
8756
9123
8968
5296
100
837
7364
1622
6349
2048
9365
5198
2745
4555
3099
9523
2217
4229
4555
6867
5919
5590
7425
8821
2796
2496
7460
2136
6516
8886
543
3481
7626
7705
6820
8831
9590
4250
4283
724
8839
9733
104
4797
774
7961
7112
854
740
6427
1815
7077
1243
8747
7103
3389
7715
8778
5045
6139
2033
8570
5531
2281
9890
6756
4740
692
9876
2333
3831
7283
8014
4402
9778
8176
2177
8472
7229
935
5565
5515
1275
8313
7716
971
174
8256
1192
1119
8140
3995
115
5879
8500
5734
2440
5103
4627
5829
5637
868
8735
747
5429
9989
6379
2850
317
5284
1930
4423
6854
2686
9663
6489
4750
4351
4722
2730
6822
6948
729
1570
9088
1976
6034
5707
415
653
7676
7796
5965
493
1252
2764
566
9375
3231
5732
9853
4625
8823
7278
6534
6441
4287
5850
4410
7163
231
8710
2891
9657
6597
9410
8259
4391
9255
1396
8701
2070
3335
2989
1004
6359
1798
5031
7027
6275
8663
2466
506
4042
9469
2435
7319
9389
287
8234
6957
2538
1785
8722
9843
3967
1948
9835
4721
4302
9328
9941
1306
9281
8480
6609
4594
2166
2267
2745
269
1122
4876
4388
87
5840
3009
5078
1188
2023
8699
1740
920
6719
8332
2219
8815
2004
9668
2278
2867
745
5804
1215
8111
6302
316
3935
2454
4181
9774
2399
4512
9941
9613
7189
1659
1753
7357
8886
2441
5150
2731
568
9999
5825
7154
4960
8300
7122
7695
3327
6409
3258
6272
6561
671
6132
7149
8122
7456
6283
8327
29
1594
3048
7340
2738
8679
1670
9042
5931
1538
2065
6849
2344
3458
3526
9670
563
1005
4752
3482
8110
4639
5305
7132
6145
754
3062
4724
5924
6023
3411
1941
9388
7367
9139
2517
6767
5598
4186
1404
2638
1589
2835
5258
7926
8982
1314
9400
4853
8709
7967
5862
7960
3576
9603
2066
2644
6755
9943
3148
8830
6246
1391
2737
1036
2880
9426
9634
7631
6528
2371
9875
5659
7110
9445
9121
795
3794
3305
3695
3371
1810
3634
3457
6363
549
5298
3760
1233
5931
5717
183
8883
5717
4952
5955
7408
586
7019
3524
1186
1217
6037
9579
7782
1652
7888
4971
3026
6827
692
8512
7624
3466
517
2160
9840
8628
6667
7642
7823
1698
8914
4932
1658
9256
329
4402
271
1189
6586
3863
9253
8567
3712
3213
4252
5912
2627
7295
479
7637
4855
158
9154
4571
1934
5885
8477
2862
7562
1338
2664
2572
976
6764
4766
4635
3626
9360
2809
3582
2576
4846
2704
729
7812
4167
7244
8285
6164
8599
5719
8571
6732
661
4409
8329
2432
1737
4333
6373
2916
832
7337
4231
2599
4673
8553
4911
908
2034
5629
5940
4411
3745
3020
4280
1418
3448
4557
9914
482
6237
5039
3452
4183
1660
2694
8399
5561
9364
7920
3415
4880
4209
4251
9141
5655
1344
3427
6714
1826
703
5702
2577
572
6126
9370
3620
9532
5944
4338
2005
1967
3362
1957
4871
3512
9804
5241
6913
3523
4407
9142
9192
49
9813
6
1871
5579
5617
9838
3484
3166
9705
4711
8916
6168
9879
3753
4168
333
8100
9725
2638
8804
7757
5980
8785
7231
5735
8452
595
3183
505
8167
862
5200
3874
4815
1979
3655
6060
6152
5413
5409
5524
4885
2323
9967
1782
4211
9345
2243
3660
578
7308
503
3408
875
922
3689
7998
8445
4206
651
259
391
5836
9404
4267
8754
7977
1890
3854
3781
4921
247
6848
6117
9397
5298
6096
1975
9105
8476
8704
2347
967
1654
9213
6468
9545
9394
3770
8880
3565
6238
9173
5987
3963
242
3300
3079
956
8003
8587
240
5472
5689
628
4100
6199
7745
2659
7332
8966
2276
9844
1235
6340
3008
202
3211
2055
3827
7857
2184
9923
7825
6069
7584
6872
1972
9968
3824
8051
8099
1893
3284
7854
943
2841
8273
4518
2247
1208
2667
6366
4709
8611
3951
2888
7328
7430
6177
8977
3524
9992
7818
538
3797
6718
3000
9962
9933
3475
2223
4893
9498
4623
4555
9327
7515
970
8659
3660
9377
2840
2978
8547
2108
8078
34
5656
2927
7570
7040
1700
6906
9877
7474
4501
9609
3437
3053
2611
9978
6231
1283
6564
2909
279
4908
1797
2682
1441
2387
1272
5183
3443
7075
9290
1075
7583
1666
8389
43
6414
9495
9822
8702
1439
1784
2602
7578
5167
2457
5969
9184
4718
5680
1376
2082
6689
5649
167
9631
1254
5354
5877
6826
3348
381
77
9293
7984
7510
7527
6761
