6081
2956
9178
4009
2119
992
8103
1102
6808
6575
9258
6172
431
1878
3682
1900
6191
1570
6557
9612
5094
9094
1082
8423
3971
3059
3839
8532
6917
8927
3088
2386
1244
8135
2064
7338
204
7833
9165
3619
189
3316
7976
1936
9100
8635
7419
451
2664
2375
2142
7390
2838
6517
7014
100
2472
9251
3727
7071
7910
5360
7837
7785
4549
6705
7569
7752
64
5512
5369
2660
8945
2192
9638
8051
4155
3750
753
4696
5119
607
8668
2848
134
4534
3736
651
7752
1641
3104
5108
7621
8778
7327
5898
9999
1609
36
1170
9801
7760
3836
1035
9476
2470
379
8230
1331
991
5950
9129
8743
3317
3318
5588
852
9290
8778
3495
3091
3822
2274
7862
2478
360
4544
5882
9447
6431
4594
782
7015
9657
831
563
4178
2548
7259
4710
5943
1017
7540
594
9072
4535
9149
8714
3796
3431
1918
2344
9058
91
9667
3219
6175
6236
5817
9556
9845
4666
2890
1931
51
863
5292
3391
2733
5232
7790
4187
9003
8821
520
3807
7375
1586
3422
3624
9170
8867
8800
7870
9444
1973
2796
7755
1468
8556
9613
5732
3365
1996
2120
9838
3106
551
5901
4144
4647
5753
6885
6685
5261
2215
9390
7834
578
7777
5864
9828
4174
271
5665
9629
4887
446
4350
374
2708
2431
2519
8526
4883
179
5178
6795
5367
1614
2296
9369
2795
7029
2376
8063
956
8719
460
7088
4894
5639
6165
8331
1120
2047
389
9021
6726
7934
6382
597
3592
1973
5738
8592
353
8080
9117
1812
4710
6652
4394
7263
1869
19
4439
1057
4064
6479
9155
7901
5892
8746
4404
5053
398
7662
2071
5308
3971
9011
4008
3725
4551
3006
3666
7508
2836
1281
5150
3870
2401
4842
9373
5967
529
8052
359
5923
7772
5819
876
2148
9252
2288
26
7691
5684
4228
7623
2445
4602
9247
9683
8738
7660
2213
1606
6526
7531
2275
2905
2716
9177
8564
2598
5452
3614
3355
4307
2661
6019
666
9654
4792
9597
3647
4413
8760
2048
4530
6608
9886
2512
8129
7183
5866
4960
9550
6221
656
4771
3702
3221
5404
2711
5949
9013
2748
4263
1242
2393
1779
5315
9698
9232
7354
4263
3305
4762
8267
4125
4208
4348
8775
789
3576
3523
8664
2503
639
1104
1123
6308
8663
6116
7763
3486
4530
491
6602
9321
1185
7480
8523
3567
8848
7357
6041
4818
1931
8169
7457
157
5860
6483
8405
1494
4694
9366
6443
5741
3272
9334
4555
651
4139
8856
9853
7356
9119
4626
8841
5824
9779
8358
6815
492
6215
2293
630
1028
3135
4410
8844
8724
2834
5316
257
6916
4816
5881
7033
3031
2749
7214
6492
9882
2816
5755
1579
3637
6976
2807
3047
1420
5701
7323
3279
2787
4637
8209
1617
3630
415
5192
1816
7642
3460
8457
9963
7687
4640
4457
9218
8684
1140
1292
1249
7199
7997
3098
7115
4155
3867
3489
1903
6853
4976
9577
466
7091
428
2492
5159
1036
2562
6919
2515
7572
3165
8248
5162
9239
1785
3690
4228
1093
5473
3469
5015
2198
255
4760
5367
9834
617
6581
1706
6593
5586
1796
7700
3701
8593
4385
4068
928
2137
2959
6912
9461
7870
1030
8529
8363
4546
7305
6442
6
7016
7878
5657
7181
555
2386
1026
8656
3943
8124
2579
8531
1344
9783
6506
5183
8853
4475
7164
5591
4427
6644
4003
2622
9394
9396
5092
2600
1982
7777
3599
9383
9358
6257
6617
9185
4114
5566
2408
9963
1017
1483
2607
9045
2231
5283
3750
7328
3356
3511
4488
3470
35
2582
6923
8246
2072
1485
4025
2969
8717
6367
7998
7060
9613
7756
7721
2973
7156
8573
10
5837
2076
6751
5213
9
4495
3789
7687
1392
1970
522
2357
5397
5556
5161
3495
5043
3260
1733
771
6093
7803
1135
5714
2075
4070
4653
1299
8519
8417
4826
3126
7766
203
5051
3429
5760
2318
7156
8225
5108
8133
9579
1894
4477
5662
3898
9203
6599
6530
1866
4385
597
8814
1619
4089
9868
4021
5302
5592
1964
9527
2310
8545
4323
2372
5166
6328
6315
2992
9245
6851
639
5066
4066
9590
8136
6137
2630
6325
4785
2827
8776
2102
6213
225
3815
7835
1376
4431
8556
2152
3201
6718
6877
8684
3736
4648
8877
3045
1553
8315
918
2261
9012
6226
4996
8226
4753
5753
2848
8583
2377
5286
7005
1460
2386
2572
3839
8897
6820
5112
4841
8052
4609
6183
2255
2096
727
1495
6147
8507
2329
14
15
385
2404
7053
9197
6095
5736
1237
3450
2948
4939
3118
4340
6148
4818
3617
5672
8574
3550
9805
1447
3260
8218
1013
8310
4883
1851
6642
7766
632
4177
3405
8113
8247
4462
7467
2463
7315
9776
5117
1519
9881
350
2719
9486
3432
552
4370
296
5844
9483
412
1933
2019
8802
316
6879
4911
8423
174
545
5728
3841
4542
7387
436
8368
6853
3872
9045
5340
8509
9065
3120
434
287
3814
8541
8000
5709
1149
1637
9012
8329
7989
2478
8960
6052
8619
5391
9434
7736
6295
5481
8199
1341
8783
7481
2535
5419
7499
5296
4719
2354
769
17
8170
9614
9840
1415
4722
9408
1720
1654
9051
5649
1879
7387
889
8846
3112
1960
5926
8816
1916
7509
2016
6158
7468
5930
5660
5685
1587
4534
4166
3546
7885
1817
5997
3595
84
4686
1434
2039
9786
1917
7736
4645
5107
285
5455
3699
88
508
3518
1811
204
9841
7108
7536
5700
1488
5778
8239
6729
5322
7814
2226
9143
4010
4046
488
5393
8761
6468
7822
9440
2907
1755
6941
9909
2131
7189
4890
4181
4205
2226
2280
3797
1990
3638
5796
4635
7766
3973
3084
6816
1045
871
2599
1613
4169
3390
4593
8094
4779
7134
7996
9191
1742
3768
1647
3924
721
66
992
5204
4993
4431
3189
3820
4363
9572
7430
3947
2858
716
6462
6154
8096
8529
230
2468
7613
2084
5145
3927
3057
3944
7791
9322
6170
4585
7847
180
7203
3937
8813
2328
4084
3655
6065
2789
8831
7547
6599
8030
3175
3441
8807
3512
8966
8669
218
1472
8712
5588
9958
6078
9769
6592
1606
5743
4583
2530
2595
3812
2420
701
5103
9556
8385
3411
6488
2875
9626
3790
7789
7900
455
1026
3913
6514
2937
8646
3224
5101
5601
6355
3288
4779
7982
7193
6406
4299
6679
5018
9663
1838
314
5292
9316
7228
1166
3879
9888
1474
2474
3054
5939
8212
9626
4961
833
2397
2846
9056
3361
3522
9260
6966
7329
6640
9035
1233
5848
5787
6701
5366
5210
9034
7976
1425
6310
8478
7099
6294
550
5909
4342
2831
1745
1114
6898
3182
3257
6026
1225
277
5595
8262
8930
6093
7370
8439
1760
8515
9779
5862
3099
8693
967
8235
6942
7601
9275
8254
8238
6693
4050
8469
7562
9819
8935
8026
4614
3318
1948
419
6398
7384
5390
2881
87
280
6414
8930
8450
5854
3969
5791
8003
7034
1290
565
6780
4154
1119
7930
6165
9370
8787
7993
7088
9742
5910
1999
9270
4783
3181
2864
9103
9163
1390
7378
8929
3728
3320
3404
6434
102
3018
7128
3464
8545
9848
1657
3381
273
4686
7747
5990
2602
3209
3129
2406
9715
3905
8728
2096
310
3345
3269
2796
2598
5156
7802
1123
4524
4666
5551
7217
9050
7619
6442
7647
8570
4609
1592
8698
6174
3442
6793
9156
3064
2887
8465
7723
857
7844
6031
3814
4920
6790
6775
1935
2109
4114
7629
3630
7997
363
4673
4447
6085
8315
5318
1904
651
7893
7921
6192
8337
6040
2471
7893
2400
3983
6729
4510
7827
3138
4862
8267
1353
2263
2910
1371
2739
8274
9520
2324
5298
7031
8082
2870
2831
4225
7579
9556
2320
3605
3834
3135
1183
3425
1429
5200
5538
7980
6437
7513
184
1559
3689
4202
4388
217
3977
273
8766
6570
4179
5616
7135
1044
1748
9085
763
703
8240
5181
2848
7540
4677
6383
9028
2803
7315
4338
6984
2557
2108
2695
1718
7244
8569
3083
8522
1149
427
3476
5467
4318
6977
5457
5610
324
980
8139
4466
1221
9443
7198
262
7107
4600
5876
7600
2881
6469
1437
2735
4570
9854
3624
3306
1033
7338
74
6682
9998
1000
3806
534
9036
8428
6369
1242
8717
705
9059
5771
9065
5828
8095
6644
9627
1562
4069
6867
2769
6450
738
4099
5096
7040
2444
236
7358
5745
4987
1709
2161
3601
5242
4425
2869
5990
4420
8700
156
4579
2544
6678
8468
2749
1976
8354
5861
3508
95
1342
8666
9628
3396
3598
15
6536
3935
8016
9076
5636
956
7880
8457
7226
4225
7432
7751
6246
9050
4192
8255
8969
161
2867
1186
9691
6721
3812
8859
2289
5104
159
2388
3138
8425
6088
8775
8946
3631
8648
3669
5917
7712
6490
5515
3405
429
1000
3350
718
4602
8095
4762
2649
2007
5219
7341
5699
3571
5550
5620
7407
1095
877
3522
4214
4662
5038
593
3538
8306
1849
6199
9355
5403
2990
9785
923
2097
6501
3433
7546
3969
7153
5310
2622
5490
7537
9339
4956
967
1969
308
1093
8328
5032
1293
4515
4961
4161
494
4804
5224
4417
3901
4640
3418
9063
8304
8178
9990
2623
890
4016
1054
5628
1471
4200
621
3181
4002
9271
2331
4586
9345
409
9173
7668
3123
8318
2950
7735
8870
183
6612
5496
897
5316
3934
9611
8929
6728
2153
105
4113
2012
3516
8880
3798
4402
3056
3875
9474
4355
9880
4292
1086
7851
3103
7686
5288
5618
4293
8458
8913
6883
4431
1555
3833
1248
7746
4530
8791
7535
8677
2716
5785
9005
523
2980
4405
1594
2820
408
2041
7783
4272
4676
3143
7791
4877
9774
3166
5113
9518
7239
1808
5379
1254
2341
1285
7852
4769
4458
749
550
9175
7247
8348
2193
6141
6395
7890
355
6283
628
6516
8615
822
4502
2052
428
2935
5796
1933
1861
3901
3483
4176
1832
8680
1728
8395
7458
8120
3655
7277
5604
1253
2252
1905
1489
848
7255
8947
3887
1772
6865
9995
1868
1455
2611
6855
1595
9221
9935
2852
7524
851
3119
7872
6564
2568
8771
3392
9342
7983
9662
9577
6947
7485
1154
2680
6777
7866
7141
301
8903
2661
6554
2989
4506
7242
9820
2402
3402
4956
2270
1600
3268
8437
4239
721
7777
6319
7324
7902
7496
5642
7169
6410
6754
1339
4144
7942
4979
9843
7574
5297
3913
3590
903
8193
606
1165
5107
6976
3698
6884
6625
40
3726
6003
1591
9058
2143
8994
3077
137
5665
2685
6756
2714
4792
9875
786
8197
2392
1007
349
149
7525
1093
4167
2797
6155
6807
1868
2230
5418
5887
4155
6910
5421
2430
3134
7724
9618
8388
3046
2163
9243
1435
7738
6896
9824
1183
6040
9809
558
6144
9872
531
2359
1052
3883
1009
5154
30
5065
2690
3808
4732
8780
95
8134
1641
9084
2920
6609
9653
2011
1709
4305
5328
739
8635
3122
4431
2000
7708
9453
6760
6195
9980
3747
7412
3471
4826
6199
7891
5887
4680
358
2073
9783
60
109
822
9333
3207
3318
3650
1859
4721
8877
7460
3102
1419
5892
6996
5591
1160
5832
7840
6624
1735
8556
6210
1839
7279
5323
2221
2236
9571
7161
4815
7548
5305
2625
6611
7270
3291
3826
2774
9871
8911
9160
7701
4115
1499
4002
1466
6081
1458
3187
4906
1916
4904
9583
9166
7950
5650
5953
8010
6960
8733
8506
5208
8517
3382
8377
1609
8740
511
6277
2610
9778
6450
2649
5276
9870
8690
9025
3316
8843
6446
6939
2336
4859
8658
3077
9524
5723
2954
7848
9567
8218
5595
8422
3513
5863
1834
2283
4091
9682
6521
3499
7052
4011
1801
5750
6303
3655
8737
3568
9620
5707
514
100
2517
1251
7626
3975
9315
6587
6572
6491
2307
6128
7280
1296
7308
8501
5403
6250
9351
8827
633
7991
5570
5384
247
4752
4681
6342
2808
3918
226
40
3042
572
8490
142
28
233
3712
7306
9733
3531
1894
8648
5465
4935
9770
6124
6077
5450
7178
8163
1526
8778
5418
9381
1438
6673
5395
9731
4598
3696
5125
2169
908
5857
5223
6161
6371
3300
8076
2203
8635
8554
6263
8684
1460
8484
8714
7071
6679
7507
2690
3850
5067
9045
5425
6399
7248
4674
7163
819
31
7016
9377
9067
247
8753
9112
2107
312
5426
2121
3101
4101
8849
7966
6629
3292
1989
5702
9029
474
9322
2
3362
8211
2392
8448
4789
57
7820
5447
7319
6981
6230
1271
2802
4948
6590
6265
6506
2978
2337
6413
2677
1212
6010
8206
7539
8623
8672
2835
1633
1996
9800
2143
9427
5249
8052
9194
2287
406
8900
4541
6457
4983
6335
9786
9815
606
6676
571
5900
7886
5446
3179
8873
3339
4220
9247
262
7637
7962
4527
447
4236
8617
9219
6082
9433
5262
932
5734
7577
6759
6922
6462
4035
2568
4772
4835
2229
2184
6376
326
3854
6893
759
8869
2642
5828
8748
3439
3214
882
9741
9254
4103
7593
3592
5946
3663
3234
5157
9149
5267
1328
4630
6051
197
4145
3139
6434
6880
2069
6560
3694
8033
8691
3564
2475
7739
9306
1048
3654
4230
5177
7215
8100
2638
6245
8644
8242
2505
3917
1673
7831
1099
8929
6685
612
8880
6943
216
9497
4269
58
9532
9921
1975
3717
5543
