2526
19
6684
809
8652
3594
3749
3144
7752
2690
1215
7198
8780
6670
7330
9916
4077
6196
5925
6091
749
8280
6070
6363
5873
4620
6785
8595
3736
9930
5002
8767
58
2338
1676
7795
2217
9297
6044
5430
7444
5825
719
5859
5686
7800
5390
3397
1287
3959
4108
7274
7297
7098
2343
3216
9182
3981
9143
3879
3771
3764
1206
5710
5790
38
9773
4660
4999
2777
2251
4025
5962
3166
7808
1391
5710
4863
7292
3277
4407
528
1336
2058
884
2076
2240
7469
5872
689
7832
3005
1247
3991
138
2688
9645
210
344
6151
8929
5206
7924
867
91
549
4390
9098
3642
5331
3636
6126
4068
1232
7779
8659
4820
2281
6028
1771
7756
3543
2355
819
448
6419
650
789
6102
359
9081
9188
9068
9704
2533
3400
4625
6013
901
7988
5108
1882
5586
5658
7915
4145
2200
8100
8991
8303
5145
1341
2947
4406
9469
9194
3029
6364
5919
8886
4366
5528
747
1733
1044
1958
6059
4383
1276
2274
304
772
4841
5836
3425
799
7895
6763
5290
1113
2374
8139
4899
2206
5569
6970
523
7135
1317
3896
6546
6766
5496
7306
4208
2282
6870
4973
443
2047
8034
9067
8937
203
8785
9029
3332
8409
1666
8276
7485
8947
9623
329
9881
4590
4495
2197
6628
4093
3505
8563
1941
9252
8793
8369
6134
1212
4073
2748
3691
5924
1626
4509
1194
6804
5304
3998
8990
6910
9718
5160
9818
6037
6267
9062
5770
9613
1861
3564
3897
3713
3208
3276
5155
665
9046
1488
6710
2005
6362
1386
2565
932
6718
2980
2927
9797
2877
7130
3134
1738
3366
46
4969
5087
3555
650
4727
149
3877
1881
639
7829
3217
7327
7159
930
7693
3683
464
5419
2656
1174
8109
3574
732
565
8574
4038
9339
1654
9178
7477
4217
7489
4931
5001
3916
7905
7577
9313
8049
3947
7952
6701
9719
4730
5112
2960
3935
3475
3122
2985
7312
3538
2871
3756
5731
6351
7979
9421
9441
6447
9479
9422
910
5829
2079
6049
7554
5513
8965
9688
4094
227
2516
4675
387
3742
1866
5067
7983
2292
8599
1348
7021
8693
8209
9383
5035
6686
7433
4365
7342
1316
5578
8259
6398
6067
1793
7146
7900
959
0
1535
2280
9649
8448
5803
8404
3013
436
3820
5718
3118
2847
4140
511
9837
2872
7501
261
3667
1918
5715
2331
9485
8713
3417
3422
8105
4397
4255
4635
6633
4641
161
8723
8008
3731
176
2609
566
8436
123
4246
6019
354
1485
5532
7017
7009
1342
3360
79
143
5013
2279
7952
528
7281
1437
9007
5985
6618
913
6150
3925
3018
9611
1405
4536
19
5853
7250
3316
4495
4498
1090
8174
1859
3608
3006
4464
5645
3678
8902
4439
5555
6245
6733
8428
987
5520
9043
780
7140
4040
1235
6955
5872
4460
4318
6547
5657
7564
866
6048
8530
9012
8257
6879
5173
2578
6899
1056
5712
9436
5320
8941
1051
2840
8829
200
4255
5596
2621
5742
9334
8844
6229
2781
4585
2456
6187
6738
782
6856
2764
5030
1258
7049
5126
2490
7517
1055
1734
8735
2920
9805
7985
616
9020
1629
2552
8956
6591
5599
3127
693
5288
371
6335
2641
6535
6459
1279
5527
7611
8640
6891
8103
930
2328
3120
5613
8753
4444
9276
3437
3784
6019
8605
2221
9017
5241
9242
5895
5945
3541
7404
8487
1029
3752
2399
21
8572
7822
5107
1714
7400
7782
7184
4727
3254
2457
5974
1402
9227
7710
2192
2662
3171
9875
25
5609
8917
3629
6634
3909
7399
4035
5845
2163
5231
9428
9999
1916
857
4073
9802
2056
4424
8408
4665
59
9486
3671
7959
234
3149
2478
8585
5481
5032
5393
9548
364
8850
3180
8185
9940
9105
2828
8193
6050
2940
3131
614
663
7334
3146
4568
9227
7040
5751
2431
2845
9432
3415
764
3444
9789
8734
6661
2166
7929
8995
2314
6232
4567
4117
1702
6731
4513
6229
4175
1385
9310
4895
990
2872
4042
3584
693
3933
9034
8861
9930
3804
2542
7999
3993
2416
6942
4398
4555
9317
1762
7187
1806
9976
2637
2166
497
7751
1877
9670
7637
2631
637
2043
248
4524
118
7364
7118
5593
1586
5332
8843
2188
4342
5533
6043
1905
5477
8077
377
5945
3470
6597
7538
5034
9363
1443
6008
9780
9260
5561
3174
6439
4854
3960
7735
8273
4220
9154
7131
9853
4752
1285
300
9030
621
7329
3969
7121
4689
7978
2061
5656
1272
9725
5715
588
7736
7072
9675
9339
2434
5907
1577
2176
7603
88
3662
4266
8702
991
5035
6954
1438
9826
9769
2846
7306
1855
7095
9245
8095
5634
6572
6469
4307
1581
878
8519
5221
4811
5523
4364
2606
2085
9154
4802
9790
9291
1974
6736
6631
9474
5015
4660
1940
9120
4600
8628
775
5250
3361
3153
8911
4514
3460
3082
579
815
5840
2018
9971
5338
8366
9578
394
9282
6372
9867
1734
2545
7865
8634
9049
7808
1146
6838
2404
950
3277
2482
4536
7387
83
5964
6565
687
2736
6495
2220
5933
820
8059
2073
1082
9901
6401
2433
3456
2883
4578
7320
3702
3799
2955
5793
2504
8534
5140
9431
5138
8192
876
1733
1339
5784
8984
5897
9910
5176
1824
5691
5668
4671
4258
9019
240
9818
3659
5354
6818
1910
697
9461
3288
9797
5718
3000
4577
4178
3202
1829
3336
1355
8966
2027
2979
7376
6438
8515
5565
1366
1263
3565
3337
7991
3186
7433
6918
2727
1068
307
2530
5269
1927
9279
6271
1531
3486
4397
8079
2802
7860
3253
2912
5624
8072
1088
2259
2164
4293
9151
1067
4666
1819
9475
7784
3790
9642
7459
3971
9174
1095
1914
6606
5479
8610
1908
1002
8261
1140
3432
5179
7936
4000
9111
4916
8118
3448
3394
9746
8345
864
1285
2164
6639
6395
4361
5263
2454
9601
6659
9814
7979
5915
4000
2539
4179
248
8141
320
624
8351
8919
425
3730
3401
5974
4970
9665
2068
7302
64
6846
9096
6347
9983
9939
3803
3253
6632
3112
4389
1184
4480
5477
5498
292
9285
6918
6017
2067
4935
6612
7589
5691
6793
8617
1257
6347
7713
648
9033
6941
5469
9753
1774
6397
3924
7329
4341
7538
294
8050
6668
358
1208
6385
8522
7114
8541
2641
3442
3856
7191
4959
8083
793
2059
6800
3120
4953
2900
878
6314
9335
6619
6181
24
1602
9940
9321
1812
2138
951
3828
9117
3305
4408
508
6114
5163
1783
5845
3925
338
3211
5825
5753
493
4987
2022
6585
6680
8053
6285
4723
9412
3947
2131
5840
8039
6746
4663
4620
7477
605
6786
2554
2429
2187
5667
46
4344
7121
3893
3903
812
9475
4389
4474
5476
5620
8055
482
7088
776
8729
1932
1296
2665
4383
9350
7200
2603
7518
4111
6984
9929
9198
5408
6866
6874
8861
7129
3072
6357
1634
3066
8425
9119
6095
7789
901
8204
5534
3776
6675
2300
10
3551
7372
3475
2155
7864
9381
3505
5682
2810
9533
6594
2921
9181
3479
7839
9918
4573
9916
9462
2192
7571
9357
9147
2468
5843
9327
7168
5165
1416
9192
6430
3816
5898
1525
6450
4777
4724
4516
5203
9251
2489
7657
8976
6953
4448
6172
5792
4899
4809
1259
8320
5553
744
5286
4402
949
575
3140
6740
2526
4880
6840
7319
110
216
3348
4273
464
2651
792
8394
1332
4826
5899
8608
9308
5123
9937
3598
9865
253
2261
5455
4337
6352
1643
9414
3840
114
1920
5682
2706
6230
3112
5031
1290
5477
9495
52
7356
6563
6321
4472
5166
5795
3022
8128
4821
2392
1008
7852
1488
8328
4245
4026
8600
1427
2121
820
1588
6506
1626
6535
7764
5855
4929
9485
3456
1495
9599
7998
7496
423
9998
5093
297
5702
1821
125
1370
7638
4074
4115
3422
3037
9844
1800
7913
6636
9794
1806
3657
457
7822
1537
3470
4161
516
5122
5924
8443
8852
8001
355
1130
3657
7145
9584
165
8198
8457
6755
2757
8160
5994
6189
5660
5549
6341
8065
139
2233
3692
4927
9734
7328
1406
3827
3603
8815
5528
510
3601
2723
8464
1597
1491
3205
2172
3939
8954
5821
3355
3734
9661
5321
8289
8486
6317
457
5039
930
9726
6296
9027
7497
988
4519
6260
6724
1641
1383
5499
9120
3409
9669
6666
3171
2651
4460
1086
7138
8188
8167
1859
2906
373
5576
8415
9744
2185
7312
6661
1720
6782
817
8751
8810
2408
8019
1224
3438
9894
6029
9793
7971
6407
7358
935
5750
7167
7380
2558
9831
9009
4476
1572
448
9616
4429
2899
8227
2553
9141
9308
9865
6997
4891
7122
791
3154
3455
8567
7082
9438
2223
210
8351
4829
5393
5419
8998
4051
26
2816
2072
4876
5551
3894
738
2856
1747
1684
1803
5025
8586
2487
7329
8685
5036
9214
9481
6272
2041
4572
1105
1244
8725
1543
4943
5021
4018
6383
2992
8798
5502
8377
3944
4437
5119
8155
1052
8113
1224
7203
6412
2264
2993
374
3781
503
4854
1579
7179
2152
808
2274
590
7130
1372
8621
8551
6606
9513
1362
6602
1903
3844
451
4512
3369
2041
7127
9033
8122
1666
4099
103
4330
4773
7307
4263
4253
7180
3813
1764
7448
5675
1438
7314
942
7313
2238
6889
2401
4841
9831
2191
6676
1314
5157
2675
3053
652
5335
7333
3098
9401
2418
4216
7231
9347
2908
7991
6440
8476
3946
2988
4600
9121
6220
4226
9189
775
5475
6198
7722
6902
4898
7280
9081
8988
9416
5374
2089
1054
1578
5635
5141
5876
8286
6880
4486
1507
3623
2592
5712
3398
4664
4229
3893
6793
8952
1290
3613
7345
86
5170
7445
9396
8248
9990
930
5202
9723
43
8421
248
8654
3924
2975
58
955
3026
9280
7584
8840
1837
9786
5992
6675
8848
1985
9499
7803
2420
5663
4445
1441
2714
3224
5612
1280
7426
1480
1564
8777
7201
6315
4916
8706
8782
6920
8014
5124
4223
2266
301
8535
304
997
3617
5696
2270
154
6839
9876
6830
7064
830
6350
7873
9984
665
4220
2725
7675
5369
1760
5378
8694
1278
9348
3797
2455
9520
4688
6989
4295
5876
2832
2201
9648
1980
7042
6987
8984
9942
7702
9355
7738
899
4902
9765
7596
4647
6570
1646
6978
9636
7190
8818
1756
3305
3868
3714
1137
2601
6366
8934
3131
8737
5148
9446
7892
5114
4634
7046
1272
3601
9203
8138
9810
9863
7323
9228
4098
625
5385
8577
9281
4570
9301
3112
5535
2319
7291
8545
267
402
2110
4070
7605
3485
7600
2497
7705
4050
8120
1360
9349
5068
6370
2704
8384
5913
363
458
1235
1434
4283
9858
2948
3885
2709
7634
5128
8436
5101
4738
1615
6420
8524
5242
393
3698
8187
6142
8505
1950
8163
4820
4784
7737
8113
8046
4459
9299
5664
868
7808
2652
282
7045
2030
4731
4643
4215
9479
1054
1756
5153
6187
2387
2768
4680
7969
5089
9175
4287
8807
5428
6934
2638
8627
8469
6556
5525
6438
1593
8342
2612
3986
9629
2305
5163
3033
4127
52
1904
6153
3988
3963
8881
9512
9888
7476
8282
2066
2716
7824
623
9795
5213
731
1844
2142
3235
6558
9975
4779
2374
7484
7186
8117
7842
6634
9629
472
9807
379
4736
6242
3570
7652
5575
1593
9064
1274
3739
8219
8471
5587
2778
6377
745
2503
9898
1475
7891
360
6722
7150
9612
8265
5470
4356
6991
3390
2906
2793
4960
1031
6617
1414
8372
6340
6331
7305
9508
9710
2433
8563
4237
4757
5225
2116
7977
332
2729
5798
7665
1356
996
8813
6323
4982
4178
8457
4585
4076
4150
9386
3142
1078
8246
1141
325
8372
7618
6295
7248
7540
1036
6540
6161
8062
2254
9011
3631
893
3440
22
1281
4291
9465
28
4071
353
7800
9010
6171
809
9197
6697
8210
7396
9742
4297
879
398
4921
9289
3937
9648
7615
2015
9174
167
6008
1437
6834
2885
2370
5210
8429
9823
8622
2394
6120
9537
4015
2614
1774
9574
3686
9052
4235
2498
1808
4688
8465
6649
8505
1744
6223
2301
3683
9489
281
6843
1568
5807
1001
7383
8695
3801
5262
9509
3534
6785
4890
4614
2301
905
4467
1183
2791
7380
6358
2157
1181
9127
6080
3243
5873
6648
3374
8998
7877
8363
8191
8916
9283
7633
9714
933
7958
1903
5481
8400
7863
8589
8625
2324
4580
8016
8756
8220
753
3831
160
4823
1075
8231
7371
6468
2616
2588
4517
205
2961
2517
875
6666
6643
7247
4598
9003
4995
8946
384
327
163
304
8621
5336
6373
9242
2385
5266
5260
1660
2565
2593
760
8374
3497
6479
1314
8314
9257
6720
8080
5091
5687
2396
5257
3619
5690
410
6610
872
1270
3610
6711
6764
502
4405
9574
2626
9302
3082
2549
8266
223
2096
9053
5068
6045
3379
9540
9913
7076
4987
4847
4400
602
3920
7837
5918
5301
7219
348
3416
7019
4497
5949
7650
2181
1060
4973
3757
8520
3021
2632
31
3271
1789
6600
680
3559
8059
1573
5130
8175
1391
7602
7183
6511
6957
8678
8681
803
589
7860
8228
4325
3697
6599
3794
1978
3844
6069
1493
9306
6185
2508
5071
1274
2304
52
802
5219
5151
7159
9218
9606
8662
7568
8629
2794
9253
136
4175
9047
822
2335
5173
9517
3815
3913
7995
3121
1189
7833
2873
5448
3917
5688
9577
7900
4849
8131
6566
2030
2526
7076
5742
4725
4103
2025
4937
7359
676
9722
6147
7314
9895
7143
9928
9096
4101
1371
8509
5431
5404
3911
9479
1936
9319
6336
6559
1100
8799
420
7855
2781
3692
5863
8486
5623
1398
423
6467
4234
5167
14
596
596
2016
4885
930
6928
7972
3476
6951
1112
5242
4692
8903
4207
8741
9394
1309
8429
7999
3463
624
2452
1533
6578
3652
9141
3957
8980
3326
7785
8194
1637
4122
5245
7568
689
6152
1540
1982
92
6685
3533
3244
7141
8825
2441
2776
8368
7251
313
7218
9580
6805
2527
4998
2696
3228
7741
8894
6097
3023
446
6277
7781
6851
7891
1898
3002
8007
8900
3740
7654
8694
9083
9458
6807
1121
4339
2559
2734
714
8331
8001
6903
3476
5953
4545
4627
5170
9365
7254
4287
4017
8450
8651
1161
7310
8098
9190
1206
8823
1786
9927
4292
996
7471
3811
5488
3631
3020
2129
3118
433
3691
2784
8201
9529
6369
2499
6639
1357
5182
727
246
9238
2858
4950
865
211
1317
2459
8281
2731
9353
9747
3720
1118
9676
8846
2369
4565
7806
8270
4868
1418
8918
882
4654
429
3900
3513
5958
7117
7239
2086
3912
8665
2018
6728
138
2516
1091
3478
3148
3522
8847
8723
7343
6945
3870
9570
7712
3155
9750
2989
1413
7765
359
2137
9359
3732
7277
7373
8665
972
4418
1734
3690
1717
5434
6668
4162
4544
3974
8621
1117
4631
818
3817
7294
4192
1497
9315
3679
9752
7688
3651
1738
6038
2259
7243
9108
3896
5528
2690
4529
7118
3941
5948
6850
8184
2206
9074
5388
7308
4201
4049
7839
5158
2262
9019
3649
5641
1880
389
8715
3582
6151
1497
8627
6562
3423
1480
3725
2928
4519
6936
3998
8777
8908
6575
5291
1175
4321
6042
3158
5834
9914
6361
7344
8183
6126
8256
6652
8382
7616
6958
837
8579
2400
7217
5885
1881
6887
8971
9763
3934
3401
651
4990
7941
8023
7098
6131
2764
7722
3856
7823
4265
3404
2035
7413
1580
5610
7746
7806
4533
8896
5310
2852
6927
6320
3297
3144
852
5087
7339
7928
5295
7868
2003
1888
2427
5844
4514
1116
3893
1461
183
5703
2463
5252
5734
2571
7632
3007
609
3334
8390
2336
3405
915
3991
502
5378
4283
5942
9429
4645
950
4603
1686
8415
6497
5413
6478
9098
7396
7376
6904
4446
5621
8583
9985
1960
6267
3221
2805
4372
2302
8865
6807
1186
232
5081
9148
1155
2665
6607
7496
3905
519
6260
4555
670
4078
349
418
3355
5905
8224
3770
3470
5419
1103
2531
3651
6645
7490
2684
4731
324
4424
9471
1645
9405
4764
1311
2247
5392
8425
1598
7794
7807
3490
471
5167
3625
4861
5011
2567
1455
4607
5376
3586
2956
4730
6925
4552
7873
2360
5112
5123
3820
5767
570
1860
8916
9452
4952
2729
5173
31
3006
8512
6470
4652
4630
1756
8965
6490
955
4102
8617
9805
8472
5489
6819
895
915
334
8266
4099
833
1179
9659
6706
2163
3919
8535
785
3483
1699
7910
1294
4879
9094
6804
4900
3284
9304
9897
3165
9929
2774
6434
6253
5396
8611
940
5287
9644
8639
5472
1945
4159
3223
9298
4954
4726
2725
2539
8841
6622
8634
9387
7355
3482
5268
4635
1839
2202
7700
6625
4379
5331
4744
663
2837
7768
3515
1405
3201
8665
561
9637
7873
8554
3609
4753
1434
8776
556
4309
1449
8964
7613
3978
8021
166
8210
6715
3063
2933
3599
6524
1173
288
8991
7912
738
9221
3879
2381
6337
6297
7078
301
3521
8765
8059
7154
4622
5775
9731
9175
9026
5801
3072
8421
8605
3288
2923
8404
8352
251
131
5449
4026
2481
593
6326
9413
2429
3979
3410
5106
4283
9869
3921
9995
843
3539
3725
3664
3573
3914
529
3983
8592
4521
7075
2238
3837
8751
1869
5043
9824
5318
3470
3739
149
7890
9578
7943
4996
9915
7867
3648
4160
5710
9800
7525
1039
8417
7921
6299
8672
4516
5851
1696
4853
8231
3519
4336
2930
5081
4878
7752
9487
454
4265
2796
3133
7928
8309
7689
9395
8383
169
9088
7353
8617
926
3258
5074
3244
5631
3749
8608
873
1560
826
61
6689
5447
8068
1466
4175
7980
5543
1088
5321
1740
7329
972
3477
8072
1321
9781
6573
9939
8402
3369
482
2825
3627
138
3458
4010
6976
2964
6305
8052
3481
7862
464
6861
8342
131
9937
698
6970
2077
232
8689
7631
6145
3237
2093
8216
7474
411
3286
1723
1204
3206
5962
4678
3982
6536
6635
4924
1233
7543
3557
7517
2729
4434
3248
8293
9559
5427
7793
6511
4322
7780
8992
6383
283
6151
9419
4794
6227
4619
1664
7772
9574
2010
8423
6935
8760
115
3983
9304
7812
651
1077
3703
7103
8570
7461
9157
9543
5477
1955
701
8979
7932
6077
2399
1012
6317
823
3346
9542
3154
4189
7935
1461
9982
2844
6760
8336
1367
4762
8354
6278
1123
4661
3866
5037
5004
5052
9275
6001
7198
9629
5735
9337
3566
9157
4716
3488
7301
8537
6572
7106
7681
544
2907
8951
4317
8176
9323
3160
4853
9865
9127
4902
7246
7265
662
4070
8062
639
2065
8486
5137
8567
626
7178
340
9760
9138
3641
1388
6360
4733
203
3207
7179
7169
3130
4504
8578
8505
2387
3021
5502
6847
2804
8372
2477
6662
6955
2044
552
3196
9531
4323
223
9265
3403
3546
846
7232
2718
4218
4940
4501
2616
2746
9998
4662
2160
3564
8277
4421
9629
5897
9909
1227
9301
9535
1513
8589
3474
7465
1806
8414
1094
8428
2589
8094
7183
6281
3617
392
3327
8219
3770
879
1086
3054
2055
3348
6127
5086
8183
5811
6445
2807
4495
2134
527
5397
2303
7961
6692
2407
4237
1795
7953
709
3632
1253
1362
4509
6700
6248
2739
4490
1044
9459
2683
6134
3733
8757
1951
1939
1543
3375
4895
4076
8247
4844
372
8983
8963
9045
6477
7945
1306
6725
7780
154
4527
7889
6410
9726
8245
9194
2614
9170
5688
9183
4193
246
4905
2295
903
5983
4796
3571
5546
5325
6228
3668
4695
8384
7959
8127
8074
2821
1601
2035
5521
9119
6840
4421
2551
2412
7457
6855
2829
7160
3750
4323
9562
8726
8344
4683
9834
3412
5472
4223
7330
1652
9165
449
4662
5912
6650
9634
9985
5837
8133
1736
4824
2501
5026
5702
4986
5478
6141
5931
203
2765
4520
2741
3101
9314
9252
9693
2369
928
3511
754
7306
4178
2381
8246
296
515
6056
3306
4110
2418
9413
8879
4995
1099
7684
1103
7357
3950
5524
179
1098
4818
5421
350
8438
4122
5998
1520
2922
7383
5968
9197
2007
2252
1298
9948
9913
2065
7331
1264
6785
9891
8730
8995
5221
1951
2762
3803
5668
8613
5572
461
788
4097
1126
2226
5440
6119
6195
8717
779
5186
4850
8057
7628
4933
620
2949
6294
5846
3722
8424
711
3694
9796
6660
1119
3773
4750
9665
2981
8626
9683
3395
7186
5406
5428
5987
8281
5726
7224
319
154
1168
556
45
4561
2473
2793
1971
8615
3646
5089
3740
4131
521
2634
5316
4962
9334
1908
8041
6911
412
9522
8353
3754
3354
7632
652
3749
6464
2353
4812
8311
807
4400
2244
106
407
6108
695
5522
5734
1596
3445
6500
4023
3129
478
3425
6135
4486
8307
811
7440
8122
4326
9235
4267
6454
8782
8049
1653
6008
8080
2691
9990
578
317
1071
9871
6368
7660
1463
6277
4403
9120
8475
4924
6145
7199
2191
2524
5409
5883
6328
6359
5161
179
1593
406
8905
4333
5142
8032
1768
8196
3279
7287
8425
9072
5690
2603
2834
7273
6365
5311
7439
480
4296
4299
5476
7224
4055
1132
7226
3755
6796
4855
3401
5540
1187
7065
9516
4418
9647
9636
4453
1146
9001
4455
5505
9331
8329
1672
1178
2127
7305
6234
2962
7711
9191
666
468
6164
9698
5009
8586
4421
2187
2246
6539
8816
1453
8650
3618
487
9125
4648
7714
1643
1911
6920
2660
8167
7144
5313
9607
6927
4948
5841
6481
7097
5892
6878
9791
7097
5553
2040
2037
1659
1967
1157
5571
8811
2491
4780
7935
8049
7801
1512
6628
4160
9821
6213
1756
7171
9890
3287
662
4832
393
6058
9951
9142
2163
9371
624
6639
2821
5252
8225
1168
5939
3434
4702
1691
5884
67
8233
6439
4390
579
9372
2236
9322
9876
2392
4117
6898
309
9381
5955
6510
8952
4944
6513
667
8739
2408
624
9830
5593
8505
6370
4628
3413
4543
9208
8449
4856
3608
550
1802
2490
2099
9123
9528
4650
5269
4222
1629
3094
1995
5088
1770
4680
8458
7854
2634
5219
1869
6655
4617
3279
1345
3959
2311
7899
1019
9874
6137
295
4931
7809
6984
1996
4659
5649
8185
1431
8994
5945
2315
2014
9422
1088
7538
2263
8950
194
8264
3352
3250
8641
1099
2968
1137
7284
9034
4440
4363
3250
1722
3732
8844
816
5793
6834
7348
8508
2020
7517
6531
644
3322
5486
7864
2165
4814
286
8396
4554
2400
5728
6832
7765
213
8559
5992
3854
3535
7438
4307
8459
4170
2522
2920
2249
998
2859
6322
1429
7011
5890
7203
6229
6377
8722
9796
4188
505
4510
9249
2629
26
8912
8340
6578
8950
8758
425
7385
6766
5003
7830
9033
3922
15
6096
7587
9277
4636
4686
1836
5907
5114
1187
4228
5851
3707
6786
6943
3624
8301
4679
477
2150
4403
9312
4940
9915
4087
2406
3176
2939
4529
3270
3946
3709
2875
6994
7017
5108
5777
2755
9927
4479
9293
3241
1057
5677
506
4134
6203
5958
2221
4220
1304
764
559
8032
9889
6555
3196
5530
7234
7498
3689
5163
5232
6428
9716
3835
4239
7402
6134
4130
951
4163
194
4049
7543
3167
573
156
8686
4722
5807
675
3947
8152
5515
1632
5704
7577
5357
9395
2103
4843
8669
6760
6819
1660
1095
5885
5267
5490
5849
1573
3622
725
6095
2556
5154
3261
7033
9656
2649
1959
3017
785
1352
7493
3534
3057
5125
7773
5921
738
6939
6990
2980
317
2840
407
1583
5351
1652
4205
7151
7122
4552
1599
6868
1096
3326
2747
512
2997
8232
7446
1088
4338
1719
2844
8227
1923
4245
2361
4173
6290
6527
3646
9593
8726
3331
9077
1660
8389
3384
1859
2246
6490
3904
9922
4990
889
1698
9579
7519
3291
1545
6496
1844
8591
6148
7557
9056
1179
4092
1357
6911
2411
5227
4411
6627
9032
3557
8233
6685
1976
4504
3263
7720
7887
9080
3512
1786
5815
213
3030
2455
572
1452
9115
4019
5999
1864
4002
4015
3554
4062
7945
9735
9581
6186
5938
5097
6170
185
8937
8325
5046
3543
3082
4690
3574
587
7214
2567
2753
7787
1816
3693
597
2756
4986
2734
2375
9791
6773
9399
6531
5375
6527
6110
892
37
2559
3032
3519
3770
6552
9759
766
3163
5844
5291
5008
6704
957
8051
1022
9214
8114
8271
6780
1796
8198
3390
8729
569
449
4178
9221
4471
4241
9096
7215
8324
7426
9438
3071
896
2550
9022
9349
9528
9225
2751
4510
9326
6883
3600
4904
2719
4587
5856
5604
3966
8965
1886
754
2558
432
5596
7953
4448
5544
6136
2114
9314
2309
9632
2195
289
4307
2275
8471
93
9782
7530
8553
5365
34
7792
2690
4631
3676
4551
8644
6095
3101
378
2971
3250
4512
1120
3223
8498
4526
4836
2485
3576
8932
7400
1543
2662
3642
5254
8341
2991
193
4526
3804
8539
7587
5771
844
5553
6833
908
2011
6848
2670
6497
289
7890
320
9105
1010
3249
5384
406
9943
113
1814
1213
2048
999
7263
5679
2674
4896
4957
9540
8384
2743
8112
1993
4065
2853
9659
3424
9865
2096
2596
8338
2454
835
5715
5740
3947
6876
8552
382
3132
3368
2551
584
8809
1651
7323
2631
7596
7456
2703
8284
105
5608
1935
4659
7614
287
2296
1675
1598
5677
1675
7039
6141
2550
1359
9475
3285
8290
1346
9265
9230
1675
6008
5009
1619
3935
4490
1200
600
7032
6553
9517
8292
147
1952
59
9787
977
7857
7473
3408
3340
2002
7084
4654
5527
1608
8810
4246
6542
7673
4816
3871
8703
9112
9181
5196
2137
2236
9950
4852
9119
671
3952
837
4038
6362
8270
8030
9065
5868
9785
6810
53
9931
7281
5625
6457
4979
3119
3150
8188
4107
125
3894
8060
1237
4120
3117
1884
4924
9053
4351
5376
4556
4880
8610
6152
4911
5822
7338
2160
3105
6817
967
6245
5574
1114
4849
1546
3714
9072
9778
5933
6518
4939
7908
3340
1641
3097
4722
501
5406
5350
4530
6027
9478
9426
312
8144
7141
7368
1356
5440
6192
353
2522
38
3622
5790
1336
1497
6765
7749
5228
1244
5474
3225
9640
5712
2727
8103
9014
3326
7433
3078
8453
1692
7966
2253
194
5815
7431
8753
8402
9139
7344
417
5619
94
2973
1280
8620
4261
5354
8242
5875
784
9710
3688
4909
6177
3917
4770
1093
4315
2474
6825
2132
7288
1130
9771
8591
4025
9693
4185
8432
1222
5453
3959
6490
2507
2470
2916
3103
3880
1643
2345
8204
4537
5863
7556
9874
6970
9319
7582
8323
9245
8571
4210
7410
9782
8998
4983
2088
8319
3041
5165
9748
5803
961
1500
8145
5109
4684
2549
9910
5619
1105
697
1153
9477
772
1719
5200
4316
9706
1498
7884
2428
6853
2240
1335
107
6083
8753
2159
2426
8701
4352
6777
469
5620
2358
3008
839
6423
2699
4593
3876
7161
3530
7737
8618
9237
8424
2592
3716
4888
6354
3093
8492
883
8382
8291
8255
381
7437
5731
8975
9615
3875
4181
9502
5327
1763
6258
494
9857
8364
6440
6709
3935
8393
9936
3127
589
450
2524
7162
902
7834
1142
90
7433
6942
4954
1631
3950
4732
7007
7565
7189
6560
301
4004
2418
6852
8693
6521
470
5568
71
3432
5174
3261
649
9697
5575
6853
2918
1117
9465
3736
401
9958
7543
2712
1050
3317
3798
4028
9993
618
6523
7753
5847
6844
5076
7488
3015
6667
1498
6663
7632
3788
733
410
9147
100
3428
1223
8215
7518
4277
5443
6959
2632
7105
4396
5280
9978
8085
9802
6664
4456
5454
5185
6802
8296
890
7339
5776
8678
8656
3636
9351
4986
8253
2633
7943
3342
8892
1686
8738
9094
7041
6580
7256
9308
2099
7486
7039
1331
2065
941
4848
1882
1835
5109
9158
6131
9060
7017
6301
7694
994
1200
6168
3311
5225
798
640
14
5104
9586
4954
1088
5463
1838
3354
4510
5744
3537
8285
7560
591
3601
2115
3408
8923
4550
1287
7898
1782
1784
5821
7873
7841
4566
3421
5805
5920
6713
8951
1628
4520
2712
4338
8588
7763
1367
2877
1772
5252
8689
2691
1368
113
5615
285
6837
3929
5026
6949
7868
7464
9375
1315
5313
7512
3430
9936
3655
7928
5493
8660
5874
7168
9906
2465
6306
1281
263
8372
4216
741
2526
4076
8143
1321
811
2096
4315
4147
4574
3512
2669
7189
9882
1145
3710
4210
8622
1233
6955
249
3651
6897
5174
7508
5693
3297
9120
2893
8472
4753
7382
756
4844
2568
6798
2044
1518
3883
2933
7020
5302
7056
9019
5379
7614
8426
6502
7825
8353
1501
3492
9692
6658
4437
9453
3411
6698
9906
1370
6235
4517
1201
7578
7092
9289
7144
9966
6840
7169
8043
7261
7812
5734
4458
5621
8137
8768
9607
8080
8733
4710
594
3298
5139
9309
3331
3376
3541
2318
7454
8951
36
6759
206
8650
7976
7777
5015
6614
5463
9828
3993
5527
5441
1324
357
4735
6656
4714
4419
9950
855
5903
3215
6091
5533
2320
4443
3390
4534
2248
8776
8590
6701
4425
5890
5674
194
712
1680
1055
3083
3741
3576
8890
6483
3727
6812
2147
4232
738
809
255
4307
8607
5942
6087
7824
4397
6430
5418
3454
4980
1042
4990
1954
1107
6414
2924
1435
9438
1036
7256
3424
8784
9456
5193
3971
6501
9759
9678
7930
9059
4708
3690
1088
6681
528
7939
9550
9495
6104
277
6170
3521
206
1840
1438
5947
9944
5466
6815
7300
3547
2821
8853
5688
9955
3445
3302
5474
2092
6900
646
1908
3362
386
1591
448
7472
1220
6189
5218
7730
8535
8285
8330
5832
1921
3730
9067
2283
4630
4748
8085
5096
2902
6026
3169
9775
2508
6849
8057
9667
2469
1187
6634
330
3577
9246
8558
184
3401
1331
2312
837
1177
1398
6150
5727
4114
4722
1869
1331
9951
8847
517
1932
7484
6847
9819
6065
2991
7029
5668
385
1556
5755
7238
2703
3949
1617
2765
2194
5119
8265
9474
2015
3314
9918
6584
1426
2210
6317
1517
4158
1421
310
9942
8662
3384
8379
6026
4838
6591
2962
4374
2270
2432
7473
9527
8549
9696
8582
2837
5554
3178
9734
3788
2302
5482
6515
1483
3267
7701
2892
5855
1695
6986
1047
8438
939
4478
666
9199
9124
6780
9290
5512
8775
5342
6500
9847
3584
9743
6689
2019
1173
1308
872
3591
5939
5532
4977
180
5290
3517
6051
275
5340
9164
5493
5303
6169
1312
4818
2103
4012
7930
9275
684
6030
1666
5386
1339
9645
5835
1397
1941
5947
9273
1153
522
2194
4067
2800
1184
5458
2395
8134
350
178
3567
9318
2273
5684
7510
6495
5472
4751
1357
3329
4397
9751
6378
1367
6589
372
3702
9915
4389
3074
5964
3884
1596
5677
8271
9265
7573
4864
8715
4775
7161
8730
5458
1902
9690
2729
3183
3618
3162
9487
3618
5132
9915
6054
34
2997
2570
1459
1625
3721
443
8085
8358
1547
8450
6644
836
2817
7750
2897
6760
3574
3472
3493
997
4548
2125
6977
9927
4469
5573
4850
5499
7661
6284
1932
7284
5763
2405
8569
8211
383
2910
3137
9380
5773
1158
5296
6964
8998
1387
2418
6950
6073
9712
2450
711
9798
8493
7931
5192
2461
7270
7667
5548
9999
8269
7208
9892
8538
815
748
9296
4381
4549
1017
4241
2152
0
6197
6188
3218
3987
4666
4728
7921
8648
7875
369
6408
3909
3656
3095
4603
9321
5982
5890
605
7707
3959
4077
9933
845
9466
1802
7774
380
9202
4451
3438
9130
4680
318
6722
8718
8582
1323
4225
3092
205
3763
5308
3274
6257
8762
6271
2201
2791
3811
1084
5975
5250
8021
7346
2985
5721
8981
8086
2473
9716
535
5629
5467
6524
6356
8060
5904
264
2190
6718
7741
8458
2924
5274
1056
1850
4987
9738
6695
5322
6055
4339
3041
859
9462
2507
847
4747
6265
1568
8372
3078
9761
4226
6785
4051
8023
2629
3469
3543
6091
3983
8870
4051
1816
5966
9872
3987
6787
5719
7172
4042
2713
6890
5034
4698
1368
971
1010
4311
7240
7229
7749
6405
256
1751
1582
7878
3800
149
3002
619
6025
4838
4415
6859
8153
2114
3121
2332
7102
9408
6725
9241
8040
2544
8768
719
3988
6535
5647
2417
965
3769
8125
358
2073
8526
8107
3528
6473
7678
5541
3922
8235
8292
8163
6846
6772
487
3026
5902
3367
7406
6996
2515
3381
2644
4272
3098
4052
2620
6518
2312
6833
5547
676
9525
1975
3255
5075
6348
3311
2242
9897
8338
7569
2996
2125
6016
5420
3826
1421
3419
8840
4240
6071
647
2042
8031
6281
3414
184
5302
1523
9799
8998
8049
845
7683
3595
9936
7611
9026
6665
6978
5058
9508
1947
1396
7689
6509
1713
7412
4505
2473
675
4166
5729
675
3835
3094
1597
3395
9589
3709
923
7854
353
2365
7841
7451
3569
93
3525
3114
8859
1007
27
9095
8836
9368
380
5658
1164
7215
4976
1307
3795
6437
2545
5240
1607
9989
1062
2143
806
6649
2731
9888
5658
9919
8247
3240
3941
1781
1576
6367
9927
1837
1759
2461
1390
68
562
9716
3177
4656
2313
8027
7395
4017
866
5006
2800
8357
8813
4209
4995
4685
1997
8278
8814
6884
1842
3723
1157
7534
9665
2812
849
5085
82
5143
8358
4220
4872
3028
5707
5196
7623
6750
8678
1731
5888
8712
6774
8384
7977
9495
8599
1799
2175
24
8342
7652
3327
7321
4046
7761
8035
5287
2226
3854
1391
7058
5918
1216
1537
7986
5772
3238
4372
3627
3442
8156
1392
8100
8708
2870
3850
9034
7565
5619
6540
1809
4387
9165
7856
9899
7166
7016
846
6775
5936
2132
1338
647
9491
2006
8882
343
2319
8218
8344
9125
4412
5055
6283
7880
9911
5864
8949
104
8535
481
5968
1621
1802
6585
6861
9907
420
5208
1902
5847
4542
5829
3834
2762
9911
2016
9599
2990
308
3165
831
9457
30
6586
7850
8393
3835
3090
3439
3373
1913
4547
6325
6413
4874
1390
2683
904
451
1165
3841
1981
3709
3527
6697
5949
6534
5591
3368
6018
4136
7701
7585
654
4045
6946
5427
5823
2733
4347
8192
3389
8027
6254
6794
6035
8734
8102
9922
4677
697
9654
4468
8893
7644
1773
6069
3571
5863
6949
5558
572
5440
9689
2941
6988
1628
518
6882
5396
1326
8351
8824
8459
217
9791
6566
4090
5394
1664
6468
717
9903
6789
6938
3240
5603
2913
1769
7076
9482
8634
5780
3653
7328
279
9196
5016
1128
2638
6691
5483
1685
357
5044
2499
1639
5995
702
6019
4367
5319
1733
4477
1142
6778
3674
2720
5213
2184
7911
332
293
897
5469
2047
7740
8626
6546
5775
9126
6911
9597
2403
7580
1593
6055
9964
996
6431
342
4131
757
393
3475
3427
2811
1503
3188
4211
7592
1112
8406
4713
4192
4566
8480
2394
7750
6175
5374
2742
7667
5788
7139
7325
8292
4075
1642
7067
1394
7549
4711
3858
7881
7173
5835
492
1172
1675
7900
2167
2150
6992
7307
4997
3358
5425
1057
976
2521
6416
2482
6094
9960
1875
7787
1797
1983
5456
8875
1361
5312
4972
7177
7384
8938
8668
1265
5773
6830
515
7263
9334
1065
2803
2997
7788
6711
7131
6894
6318
7303
9214
9126
8709
8243
138
3764
9312
6296
2737
5821
874
2633
3105
1940
6420
9208
3076
1318
9561
3843
4534
6692
4302
3724
6794
4790
6541
5863
9124
9810
2491
3024
3543
3382
2191
5367
4732
2004
3610
7441
2263
7187
7354
6820
5400
8569
3054
7964
6268
6998
3738
4604
983
9883
7492
3956
2211
8523
683
9554
1675
1429
5463
1491
8101
1657
5181
6325
4634
2615
9622
1953
3451
6128
7689
9723
3074
7225
8401
6760
7900
8902
4157
1918
3739
2158
9686
8089
4323
3332
77
4367
4751
2400
3998
46
5576
3580
6012
8258
6950
2105
3251
802
6654
380
4751
9401
7669
7942
2541
3607
5707
3484
6424
1623
1983
2398
6090
7163
6729
2817
1840
9748
8023
5477
3032
8582
5614
2556
8637
2998
6612
1937
2781
9362
9517
5300
3634
4881
9108
787
4294
8400
4969
15
9707
9955
5096
8667
692
6868
2201
6384
4992
9062
8619
4008
7852
3516
7500
9405
7595
5721
7633
5455
2071
2398
2332
5097
3498
388
9244
9019
4562
5849
5307
1497
3303
1863
6135
4751
8603
1504
2068
5455
6247
9383
7012
2840
1743
2189
821
9982
6128
3868
5216
5379
278
3914
8155
9681
5769
2143
4718
868
8129
3972
1396
5014
3825
1359
6324
3418
8157
3406
7332
6523
1413
6489
8766
6770
8664
6058
5799
5142
8721
9176
7608
9258
3041
1036
6622
9754
1090
7717
8130
4687
5581
9666
680
8652
5966
6883
2788
9908
9447
3832
5767
9777
5339
1787
2281
6019
7255
5288
3106
1658
9805
3554
6696
9407
6164
3246
989
4671
2699
760
9498
3715
7431
4804
2781
9614
6582
4480
837
5106
7179
8631
2738
5924
2061
4775
1868
7059
6154
2229
1844
370
1816
3411
945
3021
7672
6271
7139
6051
1013
8744
5219
5660
8844
4673
9745
1756
5443
8663
4589
2987
8846
2294
3615
7496
3159
1997
2079
9121
4842
6399
6556
7048
8102
1928
5808
8329
2765
7317
7064
2061
3709
117
7613
9425
8904
2310
4111
9046
8485
4520
9036
9104
8084
2143
4418
8213
2985
7138
5110
4765
8580
1480
5289
3501
5699
5251
1175
3132
4749
3171
4243
6259
6225
9253
3724
7372
672
3981
7185
3003
8224
9117
5228
8858
5487
9681
9355
432
6600
2790
2328
5894
6182
418
354
2018
9215
4013
6920
3690
4708
4261
8447
3131
7864
5510
8772
7091
9080
888
6783
5438
8857
3544
6990
4675
4147
69
6703
6743
4768
3528
3446
9449
7513
3089
9515
8915
5639
2456
9506
2650
4944
2425
6393
9318
5624
2660
5536
3919
2269
7330
4137
1549
6387
7905
1596
2805
4941
8149
5219
1820
9794
1098
8731
3293
3627
3019
7752
7514
8198
3166
2653
3081
3953
9271
699
2211
288
38
1428
3581
1981
1910
9635
2732
4803
5046
7481
6585
7581
9336
376
135
8616
8120
6727
8267
7974
7326
5918
8021
9960
8080
5850
7023
9099
7718
6586
4416
5549
19
7380
2251
8686
4206
4882
9169
22
7125
1147
2024
4705
4719
9088
4643
6405
8092
8776
6276
8621
840
3013
4076
3062
7205
257
5712
5138
2917
7642
4786
6697
5846
4308
3087
6204
9243
6000
2522
2942
2024
9990
5276
4299
9783
8757
9365
3784
9477
5401
2724
2993
4272
4945
9971
1946
7959
7298
9530
5741
4085
1150
1411
6778
3479
4360
2289
8543
4921
9437
2809
2232
3468
4479
2787
4676
5726
9159
2488
5885
6755
4776
8899
4428
4659
9642
615
6664
9446
7296
3253
8121
8656
5123
8963
6805
6373
6970
5083
3359
8623
120
7961
4463
9854
583
3138
1706
685
9837
2139
8018
2193
2799
4354
6718
2504
5899
4201
4684
1941
2348
2277
34
7575
1033
2174
3551
1664
949
8573
2901
8125
4488
8108
6928
4082
6886
680
7874
9871
7765
4221
1639
5186
8938
3487
5771
5152
9220
6569
5067
735
1812
3509
3227
4837
3215
9476
6982
128
2298
87
1178
6374
9811
2252
365
5435
3036
8989
1678
2994
2000
4234
4412
5709
4679
2985
2982
4168
664
7910
4007
4232
5097
5219
9558
7365
8913
664
5775
9838
1511
6890
8342
6135
8178
5381
4606
7420
2373
4858
8277
9485
7827
2576
5619
7162
5737
8996
5174
7897
5039
5365
4547
8803
1356
6016
7444
9971
10000
9916
853
2327
6378
1081
2016
1363
820
2786
7497
9567
188
3347
5621
512
3307
6122
6768
6613
2599
2772
1952
9278
4816
5356
5824
7876
9782
1491
710
2263
9074
819
1238
4521
8133
5666
1149
5275
8871
3296
1084
8553
6895
9669
9690
5831
3270
1394
4794
7540
9810
2480
8587
3638
803
8119
2730
5246
1320
8095
5283
9935
3863
1330
9832
4067
8063
3792
5680
7335
8409
4760
9728
7331
3796
3675
1207
7314
7691
2943
7026
1559
4701
5023
4038
2885
4370
9778
8876
605
9812
5122
2048
8987
73
1600
7277
8004
5941
5339
2666
3393
1346
425
6781
1272
7223
5582
2790
8648
1444
3977
6210
5588
4551
4577
1827
6432
5650
8399
7373
7801
9910
4757
5908
7488
9739
5645
752
9974
2626
1154
2300
2380
7363
8035
8912
1116
8628
273
3416
7617
5321
552
5074
5581
8445
6850
6330
302
7099
9134
2898
8726
515
5392
2638
2857
523
1237
7240
8849
5683
8204
6830
5334
2166
6684
1446
4570
2109
7102
6536
2635
506
5897
3705
7965
9871
7182
4655
214
5680
1882
6123
5889
9466
9345
1609
6633
4676
898
7668
5214
8092
2144
6948
1358
7362
1070
7298
1389
25
6188
3396
384
3842
568
3695
4752
1485
6725
2665
8323
6314
3336
1139
126
8467
3660
514
6653
3798
9481
9281
4419
5094
9002
2239
4910
1278
1978
2921
9117
9599
7672
8620
9496
961
6053
5784
1032
8693
9885
362
4182
250
2270
641
9117
2067
9234
5222
2665
861
5681
413
2004
5163
9525
5167
4532
9710
8136
2881
8054
2490
942
9742
1505
1329
7332
8996
4798
9301
6385
1986
8044
9737
6403
570
1468
6642
1309
8304
5278
2408
7751
3084
5482
66
4270
4434
1971
1207
1210
2312
1946
9555
3196
9023
2921
1044
6089
3539
9497
7161
3524
5838
476
4036
1187
5089
8911
3328
8519
1754
6962
8207
7317
1762
5729
9414
3884
2162
9597
5456
8335
7
2741
6725
8731
6907
6246
4968
8449
4809
655
6063
5225
607
7548
7609
2873
181
8263
4370
2665
9398
8300
3544
4988
6496
3778
6980
7017
4011
9863
8882
2031
438
808
98
8690
828
4795
4059
7645
8520
4972
2961
8729
9339
2259
6132
8459
7959
8149
8125
6526
7765
7254
614
5932
898
8523
8988
390
8873
8566
1313
3214
7891
1231
5721
9376
720
381
7689
1009
21
2279
6359
9119
6505
8917
4781
9691
5619
5708
4347
8075
6127
4165
4544
3653
1294
7198
9957
9289
5495
4479
7220
6270
2677
8216
1548
7804
6314
6923
8487
5121
7276
9935
8303
5448
3323
6379
9641
8694
9342
1246
6707
7545
9551
553
579
5341
7505
4624
4368
6463
5919
5300
3194
3407
2067
3671
3925
2572
5723
8579
1626
5847
6028
1007
2921
292
8468
5116
5804
2908
762
6741
4834
5873
8924
7432
9947
2712
6243
787
6365
5219
3077
7743
9454
715
9301
3117
686
5478
9339
4010
6511
4589
5615
9077
9505
7465
2153
1934
9098
6482
3639
4872
3528
3940
8106
6792
8813
7943
2383
8456
4227
2209
8591
1273
9970
4184
2424
8476
3436
7238
6252
9257
9294
6909
1378
923
4888
880
8276
7038
7779
3401
5117
9506
8568
832
9174
3245
5603
7439
4867
528
7460
1994
8040
6013
1205
9079
4922
1304
697
3644
602
7149
1899
5416
383
5454
6575
9682
8104
4919
7143
3421
1088
2564
8390
9924
2362
2319
7882
5221
3871
1747
6601
658
7172
1284
9818
3880
9058
8983
8369
3624
1348
9114
5405
4856
4700
1255
2848
4304
1054
2882
9472
8518
2608
6607
3578
7798
2604
6284
7118
3196
3513
3946
6143
1445
611
4567
7009
7919
2840
5052
9918
5211
1236
2808
2850
7737
8245
1964
3903
8818
3174
2420
2248
4107
9492
6919
3358
9387
797
6572
5284
3433
4823
6880
2075
6557
9988
251
2082
9078
965
3332
2526
1867
7154
9628
3289
2755
57
7892
4101
2900
264
6249
2431
4693
1073
6462
7435
2419
219
107
3085
9453
4632
1171
8229
9512
453
7086
5440
4760
4005
952
1861
3743
356
2833
4035
5369
4104
6832
9143
7405
6867
3293
3034
9907
6458
2494
1246
6906
9969
3459
8678
7805
1270
7589
5421
6395
1065
280
2660
241
6884
5133
7792
6884
2997
1891
4141
5256
2965
707
6146
3876
4843
6552
1345
7523
786
691
4112
973
8341
2709
7510
2123
1163
4607
9292
2533
5530
9481
4040
5514
2163
9367
5447
6785
1125
7305
5967
3490
7792
4331
7856
5947
6500
4813
3713
1678
2740
1677
8543
21
9057
7424
4748
9758
6313
6875
9040
2780
625
9613
9145
5345
6967
7784
3521
5378
7431
5039
7913
5436
2245
3938
1158
7777
1393
9497
817
4515
5653
2436
9244
7091
5505
6227
5082
4894
4273
9631
7036
3815
9813
5504
2483
8477
7767
9233
9037
3316
6367
1275
659
822
7384
1424
4929
5694
3076
6501
94
5996
7185
4971
7964
7215
8720
6052
6876
4472
2803
6750
318
2705
882
7707
2492
711
6528
9597
4835
9212
9540
2674
2698
4606
1890
2565
5662
425
9440
4306
7599
5768
6043
7840
7503
4940
5995
8754
9379
6772
7054
2422
5442
1514
4508
4983
1780
8336
2536
4847
1076
5311
5409
751
5016
2038
2505
7165
9929
5165
1757
8297
2930
8753
5237
1943
8578
7455
853
1854
7648
1965
1821
4534
749
2777
9598
9800
3182
6247
6598
6024
2240
9277
5727
5457
8696
8572
537
2314
5124
4831
6934
9840
8454
8462
8831
6638
3785
2531
4093
1055
4024
7965
1957
42
8144
3678
1371
2404
8811
5722
458
5881
5793
1520
6029
1620
6551
990
8011
511
2350
1619
7374
6405
2134
3459
149
1193
9747
9007
8470
7609
2038
9598
7483
1468
928
6392
9948
1915
4584
2616
6675
7983
3666
5140
6383
4989
9890
9521
7899
5508
4446
7676
7258
869
2300
988
7130
8614
6872
8221
9282
8211
2662
7588
5527
2168
6706
3353
6410
1194
4836
5346
4652
2257
2920
8898
1542
5364
3667
2739
1410
8329
5291
5700
6685
4363
2223
5301
5457
7164
2102
125
7717
5244
2201
5044
5344
2064
7874
6818
5239
6764
6769
1109
6648
694
51
7066
4523
5225
1113
2236
945
1381
7799
6138
7521
4402
7841
9361
6861
1132
5012
8827
636
160
2329
3792
8180
4116
5711
7268
2198
5426
5
7683
5992
872
8852
6306
8262
4063
9113
5410
1407
1098
7563
3492
9356
5464
457
9826
1422
4370
2697
8129
9090
4267
137
4954
9778
472
1864
7507
2201
5747
1957
7355
6964
5783
9767
4874
6714
2679
545
5278
6696
3562
2366
6673
9735
4540
6276
3500
2797
6739
1589
3026
9817
5505
3381
2556
7310
2260
3505
5190
8623
7677
9021
8425
1255
8509
489
1021
5566
2243
9887
2414
1638
1810
5076
4225
9473
8205
617
451
9021
955
525
3215
5008
8509
4996
651
9616
1234
9273
2836
9305
8703
6605
1724
3802
8726
5032
2527
2412
7947
9594
2904
8979
4620
1771
3293
7775
6642
7614
8536
6251
8439
4226
6904
1609
1231
493
3649
5863
5874
3506
5976
9084
3288
5511
8470
9218
6359
8325
9725
888
7613
3135
9453
4102
669
9404
9080
5127
7563
8108
9325
995
8786
221
3000
1880
2420
3501
3709
1820
2907
9463
9027
778
2699
52
7858
6175
4570
2788
447
7051
9670
5129
4404
7372
1600
8250
5751
4135
2925
1478
8942
6188
8866
9680
9608
5784
2938
3027
1380
3080
2616
4
1095
9339
9061
2260
3414
6102
1773
5654
5531
8561
8990
8794
5332
3781
5593
7608
9530
3856
4504
8722
9299
8514
9464
4529
3458
3149
9425
6995
9773
5981
105
817
7905
5918
1332
9462
1927
3105
177
6358
7045
7053
5781
9645
6115
8083
1582
5998
1401
4396
9665
7811
1511
9997
866
6325
2845
9922
9245
6944
2626
7955
4167
817
826
3280
8953
7852
6275
3289
9548
6227
1519
8386
7094
6088
8598
5366
7167
8022
3509
4994
9682
1270
2499
9107
8130
7696
3314
1060
7512
7527
3114
1604
877
3512
4469
6053
3519
4202
