6548
4607
9356
6456
5216
2095
3166
9547
8104
657
8143
6682
1345
2556
2355
1086
9004
69
6253
7559
5265
3509
4428
2232
5206
2299
1741
1886
7697
587
6183
8568
3317
5325
8339
9004
8385
6664
4689
4139
1913
1280
3601
1580
6412
1775
6692
9284
875
7717
886
5412
444
1486
6663
7661
5547
6325
9898
418
7265
2981
2513
9272
6364
5350
1957
4621
8463
1537
4517
8089
4980
8025
6337
8392
1037
8400
2629
356
7863
1519
9583
9675
4951
7268
5990
6663
734
424
9790
4827
4011
9776
9852
217
476
6011
9116
9348
8432
8442
9498
3134
2816
2651
1078
3673
2026
4039
9332
9098
321
9625
4817
343
7995
4847
929
3652
5056
1975
6214
1527
3293
8748
3523
2117
4086
2903
5130
1794
3210
4018
4061
7276
7882
325
1994
674
3524
7321
7074
1336
6753
9299
8535
6999
8349
2434
1104
7781
3539
3434
7315
9179
1789
5431
1581
6140
9680
598
1226
8980
6999
6486
9022
4159
6974
6231
3131
8489
8195
8231
5393
983
5266
1750
8907
881
1419
4802
7014
2688
4663
8198
2209
2880
9889
6321
3155
3048
1711
4141
5795
9102
999
5619
3321
3563
5878
570
1557
1064
1443
9507
7261
2980
7314
366
4855
8090
4492
5523
7818
8192
1207
8005
6448
4546
2409
1346
2118
9971
3951
8763
6197
8061
6517
1431
8631
3843
9744
8871
7427
6964
2590
6306
2652
2819
6842
6981
721
3864
1664
7984
9246
1908
4670
7327
44
5823
6350
5211
3338
1376
9788
5377
3665
6204
8322
4638
4264
2857
3360
1686
5238
3630
6383
5044
3211
9170
2038
5149
5854
8110
8114
7207
2264
9658
1307
7862
1545
9370
1830
8899
4816
7233
4864
5929
7168
6225
6651
2830
5365
2377
1102
5725
2928
8978
3950
8037
7767
759
2317
8732
9159
5418
4738
6382
4230
4607
7519
8125
6530
4129
8034
2473
9320
7210
9478
2783
4401
7798
4348
535
3870
6421
1642
5396
6141
2126
2731
3205
361
6218
3757
8042
2804
6126
8730
5338
2586
837
9722
5131
9611
1483
835
1027
1246
2423
387
9080
2734
8543
1469
287
1648
5246
9386
2058
342
1883
2914
8338
606
4404
101
44
2238
958
7626
4636
2700
2812
7479
6724
4419
2436
6239
4793
1149
3603
9815
5708
7055
933
2939
5486
8887
2010
3552
2307
6672
3511
4057
6292
9907
1721
5511
5345
4107
6404
7063
8758
861
6322
2233
6364
217
3745
9548
7655
4956
9426
1584
3194
4174
6654
1250
3975
2063
5327
4527
2582
1240
8884
7391
5336
9469
2630
5913
1751
3803
7545
5037
2554
371
5821
7533
9509
7608
8750
5267
3071
9579
7275
1660
5056
5447
3573
912
3546
6869
4592
5116
4237
9363
4078
1763
6080
8555
2676
4521
1339
5617
5543
3618
1253
1497
7018
3303
4164
3408
7192
7749
1363
8567
4381
364
1819
8201
8884
1823
9139
1750
9738
4099
6212
1238
2558
4475
4717
9389
5287
8143
8064
8867
5922
3707
3951
1507
9357
2008
3944
9258
7945
5659
1890
1841
1769
500
8796
8433
3221
6252
428
149
5064
3091
1687
8392
4904
1333
3641
1313
4570
3523
9358
5117
8401
1666
1225
8049
2049
2521
2091
4003
8509
7761
5423
5505
3914
3715
6936
9526
9516
6183
6419
9852
9827
7177
9568
517
8846
121
2667
1471
5077
9803
6864
4939
7878
7482
7999
1989
6240
388
7355
7519
9229
5386
1778
697
9937
1439
3471
8869
7669
5934
9368
8672
6590
1842
159
3267
5055
4902
1648
3518
6711
1314
2308
6573
1166
2400
9475
3121
3471
189
1108
3766
9896
1165
3223
2865
2548
255
5460
2309
3101
5925
4637
6348
9669
2544
2435
8501
5508
3468
136
2081
4817
7262
5167
1843
1784
9907
3792
8813
7325
7154
7951
7106
6322
2446
5453
5040
3111
3955
289
9736
8878
8196
6340
8693
4083
4526
2189
818
6463
5240
8414
2795
7769
3300
923
9231
2472
6391
5225
5049
6438
5013
3683
6648
5906
4589
288
3042
9678
4280
8994
2347
4720
1500
4926
757
6243
5626
9715
6147
2081
6884
9542
4592
3565
4688
6349
6363
2415
5373
6080
4216
157
4233
7122
571
1738
1457
7916
6317
698
5444
4927
5512
3794
3443
4991
7949
2562
3964
7736
6671
4432
5951
1498
8482
3777
4892
7597
2414
4405
8317
8076
6710
9274
9318
7726
249
1627
3961
1780
9213
4874
7899
5733
5419
218
3991
4285
6243
7066
2347
8671
2150
5342
1244
7203
8177
9400
6208
9631
3256
3393
7948
5740
7816
6001
9934
2504
8405
9544
1972
7592
9488
6216
2721
7848
9687
6206
880
654
9169
1790
3291
2646
543
7963
1875
9794
7325
422
3028
3861
2980
2086
1416
1389
7080
1614
7353
5102
8906
76
1003
8592
6509
2843
6423
4197
4307
2682
9466
9595
2824
6837
4599
6666
2080
7991
8757
2887
34
2387
1488
2302
397
8665
1189
3522
5438
2674
7977
4553
6183
7174
9101
4627
2342
4151
4732
214
4675
7509
1528
5082
4916
4662
2922
4788
740
4811
7767
9797
3323
5981
7267
8203
6273
5331
1496
8597
4050
7062
3044
3864
7382
6774
4145
4357
7529
5185
5053
239
3958
521
1087
2130
5058
2686
7393
4280
4483
9000
8134
3076
4566
6890
1941
5435
7018
5350
7111
8681
9414
8785
7161
8214
4714
8175
9030
9142
3547
1125
5296
3508
1746
6786
1634
352
3651
9824
6690
3882
2956
9942
6566
8964
1900
3065
5199
8121
5213
7985
1656
8613
5912
887
3057
3826
9470
5400
2415
8117
7029
9757
415
8468
7123
2111
62
3259
8172
8409
2051
4537
8508
7941
2104
9039
5762
9442
1241
4887
7267
5305
6516
5921
4988
3610
7848
25
2611
1340
630
6875
2379
9267
4170
9487
1468
4901
141
9752
5626
3503
6622
4701
5740
2761
8944
3935
6728
1383
8613
1055
9767
2939
69
6735
9420
5250
8996
3391
9833
6181
7842
3647
6994
2645
6331
6415
6333
7001
2292
1570
7911
7630
4927
3048
42
6050
993
8063
4968
7856
213
9965
6616
6749
8035
4701
7045
8538
7061
1680
4115
5574
7283
5513
3628
6063
4590
9408
9082
455
376
7873
3180
7488
1925
3659
5170
2403
2943
3330
7250
8189
6954
5419
4777
4428
8411
3263
8325
9902
6569
8089
1732
9975
5791
8316
5118
5522
4511
4562
6815
1820
2965
8841
9894
8090
1693
1618
2891
8462
179
9153
9114
5660
2245
7058
3267
2346
282
4904
8210
6021
1199
2808
9323
8825
3499
8432
8985
7470
668
9425
6530
5089
800
5002
3423
3233
1855
8957
4178
8133
9481
9163
1144
6206
8758
8468
6808
6629
9928
2012
4837
4771
9737
9024
3424
586
977
8971
7619
7980
9329
1655
4932
2554
352
7773
1279
9728
3788
8395
3116
3756
3293
5252
5704
7125
8938
356
9212
2949
518
1967
1705
2090
3448
7694
5040
5855
909
9844
2302
3441
7688
3148
7674
8330
3289
3224
3665
1856
3159
9671
7102
3451
2233
4187
6353
6560
4484
6116
9570
433
3301
2569
5929
5708
737
1887
5003
6650
8883
5576
2148
4930
4044
3007
8245
1082
4280
3361
2337
6710
3944
2107
7669
380
3653
8745
4528
7399
5675
9909
8567
5270
9441
8164
263
5788
497
6283
2485
6829
6790
1085
6056
5527
4791
4538
7262
8032
9222
6207
4231
9340
172
730
6244
1606
2626
9781
151
5744
5552
1212
4418
867
9122
5055
7042
7714
1848
7902
382
7671
7775
5343
7264
2220
5934
1031
6274
7042
9955
3805
379
7219
3975
4370
4931
4752
5440
2406
1103
80
4672
5354
9984
6870
1692
6797
4166
4605
1338
1346
3105
4061
3300
2705
7061
37
2457
8354
9363
4868
83
3131
1146
4720
5630
4064
8017
5917
5034
976
651
561
6773
888
5754
3455
7136
4013
6849
227
7597
4891
1174
7418
3143
3945
8765
2475
1783
8745
7003
4129
2712
4237
2795
9051
9186
6385
5904
1454
6687
2732
7239
5594
8960
1892
6979
977
1554
2223
8599
467
7541
6479
9938
599
8275
1450
6551
4976
8487
7471
2634
6871
7888
369
1005
852
2124
98
4176
807
8180
307
1954
1555
9444
4132
9802
2291
7872
7719
6460
9424
5993
6931
176
6704
3701
8951
7834
4701
9832
1546
6157
3895
807
2849
6979
2299
4499
5970
9296
693
4280
9253
7562
717
1939
1319
7459
7546
6304
9672
4732
6454
5815
9173
2688
7615
7639
690
1452
1722
5371
732
1951
8663
4537
3637
8599
4824
9121
1391
6624
8197
8764
8846
8233
2285
7152
8884
1358
3324
1125
3012
8893
2644
1320
3456
3716
9104
858
8569
5726
3607
3069
6658
8239
6083
564
3341
5938
5468
5337
7931
10
6107
47
2961
5890
715
8414
8982
3598
4245
555
3893
946
9380
9520
2790
3341
5239
2704
6973
4653
2441
6517
9443
8242
1845
5059
2782
1406
8315
257
9106
4349
7585
9794
9370
3104
981
1624
2623
9317
4280
1284
9647
9315
3821
8714
7832
7462
3653
8427
4563
4728
8227
5521
934
5509
8518
5099
6235
7507
356
3691
6250
2507
1424
3924
3544
2118
6907
839
9637
7083
1164
342
6016
7455
7778
4824
5597
3007
4416
6972
2917
5938
7263
1238
3189
5779
7635
6658
2221
9682
2417
8179
7781
310
6481
7314
6456
1611
3335
7223
748
2903
6077
5964
3833
6672
7901
4584
7856
9551
4375
5332
5510
4905
8088
9585
3124
1723
2915
9181
750
4808
5824
6403
3347
7671
5477
4958
4998
7517
7458
4338
2141
152
1135
8248
5057
6255
5977
9499
5248
9321
7544
3657
782
4238
2499
8288
8266
546
6454
5688
4752
6584
5691
2182
4830
1904
2013
1178
6533
2781
4478
5293
7891
9908
7700
7836
5022
4065
3049
7298
1615
3881
6985
9324
5077
9202
8094
4491
28
5383
1877
4410
704
6588
1421
9768
7526
3885
3607
1331
3496
191
7961
4896
7261
8973
1822
7887
6863
9510
8958
1571
1817
6992
7706
8152
3577
8376
5752
4304
1624
110
4737
8079
4957
4135
8114
6175
7374
4278
6699
1368
5473
2091
5513
8831
6406
820
227
8185
6165
4609
541
9693
9545
901
6773
3518
6882
2604
3363
2677
8081
3597
9239
5126
6637
9690
2513
5509
9226
2820
850
2658
610
2638
2370
1355
6630
6053
9583
3963
2196
5962
1321
5485
2397
6006
4707
2774
3928
8126
24
2940
6923
2992
3683
9100
7112
9331
7429
6340
6488
3256
2799
877
5238
2298
9084
3662
9032
7914
9862
1129
4354
6122
5574
550
1853
2250
3893
5428
8781
5227
8046
7222
5405
7660
1610
3784
9855
1964
2246
2288
1937
2349
8155
9375
8922
1323
9442
4639
884
7950
6720
2987
6881
5406
5607
8301
907
5468
7224
3840
833
4359
190
6306
1457
5821
7634
5984
7635
3145
2038
1705
1607
7333
7886
480
116
5242
8428
2202
9320
6482
9826
8328
2442
7375
4803
7933
9761
526
4852
2353
1134
8593
3747
6408
4359
4712
3265
3023
6514
4862
5275
7619
9014
9119
204
8697
6031
1500
5321
5273
8277
1855
1890
1453
9530
5755
5036
7555
4484
5170
7909
5872
9305
1874
9489
3030
6582
1780
4265
7770
9883
2233
4617
9508
8264
6764
9507
1492
6072
7827
3088
6042
4791
9561
609
8792
8806
2316
6794
2695
1241
7676
1140
7151
3710
155
1955
2523
1115
691
3908
4308
1454
3256
1954
8642
6455
9157
119
9937
7367
250
6774
6094
5089
214
6452
7518
4300
9797
9411
5118
4177
4480
3535
9321
242
8319
865
5132
4860
1807
6014
8369
9296
6951
117
8982
5367
4605
7245
4470
2012
9301
3346
3490
8657
4877
8029
6296
7899
8790
7433
6950
4405
9056
7875
7533
8638
7818
6480
3220
4139
6835
8043
6608
3309
4670
491
3280
407
6033
2569
8189
2528
5306
9817
2327
4445
4470
9414
1055
2717
9274
528
2513
4787
6908
4937
2732
4781
2952
5553
9798
3470
7341
9470
4153
2516
1147
2100
326
5390
3697
7402
583
565
827
6157
5986
7567
3452
8245
4853
8093
3076
8462
7640
7929
6415
4534
3179
7573
7852
1732
7318
3467
2473
887
1708
4825
5422
4046
4299
1402
1176
8371
9486
4997
8217
6282
7895
861
9244
670
6139
7578
3947
1264
6966
9298
6788
4732
8635
900
9553
4397
8159
5130
9822
1879
2999
933
8252
3019
6516
8229
967
7447
5353
5535
4185
7702
9107
3741
4711
8280
1274
2617
7143
930
3000
6174
5555
8775
7302
5469
6091
2291
5957
5449
3257
5722
258
3524
3321
8593
3932
7520
5899
9404
7306
7664
6542
8185
5914
3096
9852
8341
2067
8132
8433
2258
6290
1354
734
4198
1515
8059
5556
9156
4998
8368
1200
429
4415
4856
3284
4477
7935
619
647
9586
7500
3016
6290
8410
2329
5629
3787
1448
1040
1045
9023
8630
1844
6470
3500
5381
5798
6822
8599
9372
7633
7872
9081
4209
27
3888
1744
1168
9578
3917
6084
1166
9051
4795
5264
4063
894
7047
4510
6237
4485
571
8403
1908
9374
2539
1477
6494
1917
6844
9114
6255
506
1937
2742
2872
4233
1425
3150
7493
453
1095
2779
3467
5036
2530
1948
2347
6022
1354
6450
2583
7929
2129
3773
9886
3987
7724
2538
5534
2228
4933
5935
5902
8303
8633
143
9030
7707
6684
7813
7350
3758
12
3027
5187
1761
4992
7862
4855
2869
5067
8469
7045
9985
3740
9666
6078
2977
9129
7536
4146
428
6823
5576
4797
4578
3762
6777
6072
5874
609
7209
5402
758
1314
9014
3314
664
5200
6090
8628
2320
3926
5626
3074
2255
2601
9895
4210
6449
3490
6699
8354
723
5152
8204
8470
8943
9017
5911
641
573
2587
638
7823
3777
8261
403
3152
5196
326
4687
6713
7271
6794
7697
2839
8650
5366
3749
1734
1872
7818
2233
4732
6475
4459
1697
9245
3739
2616
220
6194
5880
5571
9311
8905
8030
9869
1270
4283
9668
8044
7917
7640
8529
900
3994
8659
2633
9361
7070
5429
7657
53
4315
8868
7965
9986
1456
4596
6047
785
8347
6623
4189
2971
5848
8318
1140
6042
1627
5558
6313
137
6757
1563
8449
4141
7978
6431
1214
9488
9150
9090
1936
820
5786
4661
2679
7403
3498
8551
5458
2137
7565
6652
3014
4979
8171
4676
7367
2909
9165
8602
4865
9311
9140
2407
1484
2050
3907
1148
5118
6110
3474
2098
5887
5054
7969
1856
3848
1219
7216
7323
4843
1947
6765
8360
3987
1425
6304
1820
1573
1270
8441
9430
4211
7341
252
2260
202
1051
7666
6700
9104
5597
4108
6162
7978
110
6596
8984
558
3072
4775
1430
6973
6397
8454
8621
4800
225
9897
7262
232
6209
5240
4431
7582
2557
8325
6178
9782
8872
4508
2736
9646
7130
4162
4048
7226
9861
2303
3913
6261
9560
8976
1634
552
3401
3249
5896
5545
3486
9452
8265
2292
7864
4378
2174
4922
8189
256
9803
162
1029
9933
6014
9811
6362
2325
3255
3019
2203
5098
9074
9250
5815
7735
6243
3210
457
8703
906
4217
4351
7530
4118
7080
2963
2271
3930
2451
5433
4275
8555
4877
4498
6779
6214
4782
5400
5970
5452
4943
9680
568
4841
2118
3403
5791
1384
8882
6627
8192
152
5541
7525
4759
3180
4420
6438
8289
2868
6397
4656
1014
965
7683
6836
9797
6031
1871
7950
3987
4372
7792
4443
5886
3301
2283
8814
3141
3328
7990
7412
1103
3017
230
6390
7751
6504
1839
4695
1835
2370
1560
4424
1773
5769
2078
4381
9469
2745
3368
5040
8673
6853
6910
3880
4690
6691
4926
7051
6806
7243
9058
380
1679
4854
4542
6343
3107
6464
8377
8223
8274
6351
5138
9676
8416
2034
8198
3833
603
5980
8716
8638
9765
3197
1302
3603
8819
4051
3659
9307
1086
194
7247
4614
3717
7668
5963
8454
8819
8048
7699
48
2230
4087
5918
3803
9133
7155
4453
5557
3341
404
8072
7024
2394
4025
8919
9330
9457
3672
4606
8580
6534
9375
9772
3802
9071
7756
438
7526
5856
3266
6974
5912
1571
9861
4032
3639
7193
3042
7260
6420
7429
6217
6445
4217
7114
8421
9765
8258
145
6455
7459
4070
4948
5510
7782
4392
7264
2158
3836
1208
5696
9730
4026
6386
8770
6930
6532
2740
2611
8738
7338
9709
8469
3627
166
5098
1757
693
8236
715
5810
1886
2517
381
9095
9982
7789
6099
1228
4215
1731
736
4174
7013
5269
9524
5340
8707
3056
714
2525
2436
6195
5411
1206
4518
4553
5194
8702
4596
3226
793
9708
8922
3928
9907
8068
9615
1604
6705
7258
1798
4010
2940
2294
6987
2680
1484
7469
4204
1565
1908
9443
6996
2606
2541
7171
7389
924
6537
5794
4964
4981
5420
4014
3668
4798
8104
1039
9220
6822
344
1869
3048
6894
3466
7106
1910
6587
4446
3438
2967
333
6454
8852
9288
123
1924
6601
7163
2474
3405
3861
5989
8407
5860
1100
8643
4050
7293
3257
4542
5981
8438
7595
9937
9571
4711
2690
1675
6583
7493
1424
2364
1599
123
2197
5124
827
1839
7254
3358
119
7931
6654
5908
6954
17
1369
855
6224
9856
4405
2398
5132
9030
5338
3172
4542
5439
8315
7914
9610
5263
6564
2115
3403
1015
8872
7491
782
7427
4025
6
8792
5076
4786
4163
444
8375
1134
310
2243
1086
7915
3657
1515
5750
6974
4880
6253
335
4918
2922
5017
1337
7892
7613
3961
8817
7470
6323
918
4499
9394
888
9774
7427
9205
8118
3891
571
215
2057
3999
671
8959
3237
1124
5952
2568
341
6019
382
3941
3128
9930
1122
9034
9644
9995
860
3043
6953
7789
9468
6391
421
1899
7047
407
9740
2315
8528
5565
6520
6328
7599
7807
9515
7644
7046
5322
6515
1932
4105
128
8294
5509
2541
5188
9250
7237
6273
8098
4052
245
1971
5845
5355
5585
7470
2128
5767
2375
1480
9806
1244
8108
5104
6206
2885
4017
8533
7601
9003
4520
3032
679
9565
2715
7501
1896
3859
2504
9849
5460
1893
1835
2782
925
4670
8491
4869
6737
4213
8
963
628
6915
8037
3603
6042
3539
4667
3497
4876
4154
6655
1591
9957
2355
994
4412
3619
5757
305
9486
8476
6461
696
9180
2128
9677
7315
2088
1363
6167
1691
2236
624
8425
3807
9638
5964
9651
6706
5542
5124
4816
3435
6999
3000
7922
9414
5006
2333
9413
2645
2198
8199
1691
7489
9268
2045
4323
4502
433
7638
4551
5383
1507
2025
7532
5726
5557
7530
8005
992
1860
2912
7659
919
8230
931
3992
6238
1292
5812
1997
2341
4964
7511
5554
3414
612
5752
7857
42
1410
2573
5805
9355
8400
5453
5091
9732
2545
1383
7691
1904
6551
2881
3400
7699
9316
6319
6837
5773
1608
8474
2022
4338
8470
6243
338
8156
1500
3276
6222
3105
6632
3284
4603
4677
3499
4169
9310
3904
3520
4700
8939
3072
2064
6229
8066
1252
8450
5794
8502
7593
6313
101
5641
1172
9157
4503
3926
960
1491
1495
4185
462
8084
8539
8263
2156
1014
9565
3321
4406
178
9315
8897
3946
3645
5025
9318
7085
499
186
5415
9726
9176
1723
5964
4859
5627
7532
6528
2706
9769
8041
7820
2128
7006
4195
138
34
1343
1997
4696
8544
8385
193
5838
4583
1551
6366
4026
7854
4150
9921
3194
7709
9600
4036
9496
1919
6512
115
3998
3903
5945
4369
3560
9329
4675
9552
2809
4842
9989
3424
8870
703
410
3837
7019
8141
4006
962
9825
4791
6655
689
9998
8813
3465
1271
9390
1625
7015
8196
5605
7283
3118
1793
552
5135
312
6580
9296
9499
6244
2017
1166
3035
4096
2831
5482
8976
3778
9048
7091
8391
5856
9215
1567
6544
2108
1290
4231
6001
7922
2401
4902
683
2216
3527
1505
7502
7408
85
5018
4230
4710
5289
9774
7481
9661
29
5317
556
3853
3558
3690
7223
6962
2679
2553
232
2035
547
5041
8778
3299
5913
4056
7034
4286
5531
2303
6173
7528
6421
3029
7885
2654
4182
7229
8894
166
6754
950
4070
6594
5935
9562
814
3591
3281
2178
8528
987
6099
6056
2569
5825
2967
7432
1499
8074
2878
3708
501
2027
5175
9172
6035
4182
1629
6506
401
7972
6052
3140
6241
472
2788
215
4022
2102
2782
4574
4907
2102
9465
4243
6844
5713
7723
2903
3284
6668
8346
5505
2441
3271
2843
6787
7053
412
105
1833
7290
4578
2089
6697
1124
4562
4875
8624
9442
3452
733
9317
8439
2324
4156
8230
7246
1413
1657
5820
7852
7807
1783
3801
9775
9380
8937
4155
9401
610
2990
3258
6848
8717
6669
7071
8741
385
1207
9316
3313
4288
3130
8836
8373
1569
5747
6540
8586
6001
8457
493
2595
3150
8145
5919
2177
3046
9808
8622
8275
5340
1614
896
7340
8098
8937
2696
6021
8947
3865
6327
7299
4662
436
9514
4589
438
6532
3022
4413
1424
573
6681
5541
8513
2696
4471
2196
2609
1370
2763
537
5036
3647
1463
7883
4181
3485
3276
3506
2392
9426
670
1615
5193
732
3631
7434
9207
1562
3624
3436
9113
3774
3094
2686
6406
9903
9766
7084
391
7869
6483
4038
947
5159
1110
8503
3740
5223
4880
9729
9473
5745
3237
9485
7217
2876
8167
2105
2640
4048
3675
60
9599
2815
4705
7857
4500
6491
5062
1014
4285
973
6745
3441
9060
4650
6497
4616
6937
2023
8633
772
1641
2286
5852
3092
5291
9692
6060
308
1604
5638
4844
6624
4654
1452
4667
5658
9538
3256
627
467
6909
2541
1489
3198
5443
8432
8730
9441
8439
4000
2504
3037
6242
9001
878
2094
820
7041
9379
1968
2761
3401
5383
9755
1267
2764
8894
6589
1635
4509
3097
1908
6149
3391
2891
7867
6806
428
4989
9101
5045
104
5514
2835
2243
2458
6601
3447
8041
9507
2580
905
7468
3216
5298
6538
4587
5057
4630
7589
9004
8419
3828
3848
2148
3408
7600
7493
8640
8340
2345
7424
3236
267
7415
8082
4341
1307
9937
8331
1429
5985
4941
2635
737
1593
6961
7612
8868
9629
2202
3480
5713
6312
309
5119
3254
4352
5476
6542
4146
1738
4030
8037
2955
8351
8155
3897
4117
709
6655
10000
1532
5028
5202
8157
5123
2460
8415
645
1169
6282
9738
3064
2619
8321
7481
3396
7475
9757
1880
4307
6517
6489
3569
498
4746
8166
8841
2637
1160
1571
9658
9138
6613
1367
9050
1334
4299
5637
3437
3546
4182
8707
5326
4356
9690
4958
2776
7640
1829
3306
6679
4798
4737
7871
2039
3643
3223
1701
3605
6688
1885
9087
7137
3298
5600
9184
1041
2067
2557
7295
6520
3964
7717
5471
2316
8169
1862
7055
4751
3101
6519
2048
485
9514
1869
9111
5301
9036
5848
4192
3113
9944
7476
7512
9570
1269
6142
5365
6850
787
2088
9046
1078
5456
3402
4459
21
9026
5966
7754
8809
2932
5510
3055
8937
2972
7404
4728
8472
1027
8608
7410
5999
4302
6603
4432
9104
4411
547
5839
5049
2760
669
603
3154
5323
5296
1329
4911
547
2324
9992
6907
122
1106
241
3296
8209
2115
2070
2319
5144
9250
1372
7677
9928
7048
882
5657
466
3933
6033
8939
8811
4547
8285
3776
2239
8455
9193
3902
1953
120
6424
3025
707
3336
654
4115
2228
6611
4863
2162
4485
311
8779
6277
283
8166
971
7959
2
2506
5066
268
3905
1635
2739
2913
7704
29
5203
5896
233
3242
455
7200
2682
2076
888
9303
2348
2028
3460
2845
4054
4118
7500
9614
1181
5207
3609
782
5977
7360
102
6768
7774
7992
1644
8329
2667
9039
8393
333
1508
4068
4667
6693
1535
3993
4674
8450
6528
3695
3561
7062
782
1651
9590
3554
4430
7801
8432
1992
3473
1289
6094
6151
6754
999
5671
8986
8097
8208
4166
8624
2179
1273
7827
5187
5904
9703
2271
5927
3813
2903
591
6890
7066
2410
5359
3450
4611
5016
4666
4414
2221
5159
9105
5200
1793
4532
5973
8682
7348
4561
5388
9023
2208
4962
6793
696
4129
5018
1008
5553
7160
4253
9904
5938
5073
6433
7342
311
5475
355
2344
7855
8683
8293
6133
9214
2532
6602
5955
3142
9842
9334
1795
3381
8897
624
8000
2430
9985
1369
31
1562
9133
3903
9981
7007
5508
44
3314
6400
3721
704
7927
7888
9668
5366
790
4177
4559
1288
9224
9294
5526
3711
2954
8093
6607
5913
2326
8455
8167
7176
2617
5990
6876
5379
5627
6161
1642
1494
5390
9205
6168
4892
5556
410
2470
3448
7818
7862
3903
5106
6280
3455
9817
5172
250
3515
7754
7262
954
9540
4871
6262
4725
4472
4820
3224
1965
9137
2391
2852
7205
8138
8413
6642
2903
5825
6350
9583
3165
4470
8640
5389
4239
9285
8004
141
7745
9061
9743
9278
3647
6763
2525
3402
5440
1544
6485
3765
2181
8773
2860
1344
4391
8517
4364
8544
8463
7676
8170
5405
1327
4380
4285
834
2634
7454
6311
4469
5086
9337
4043
4907
4827
8080
4078
3292
7203
1978
1317
1669
5383
9390
6456
3615
2880
1302
764
7802
9956
3975
9127
2711
6030
430
9252
7237
6969
2856
1901
4715
4774
5584
1873
8651
7351
8403
8140
4587
5637
9791
8899
6257
2546
5488
4193
7101
885
4598
1014
8330
5849
462
9644
1271
3407
594
1059
4296
732
9813
7303
2477
734
4488
6157
5017
996
8357
973
3790
8718
9679
4493
5346
3686
741
9360
7213
3124
1132
6736
1752
7241
6947
4036
103
8041
3
3743
2445
7388
204
4551
4206
3450
2766
7102
5139
461
1220
4574
7820
9576
4844
2492
8790
9118
2491
1064
6187
5886
6402
8081
2408
6113
5694
9252
1917
7536
1587
7377
1739
9686
9625
682
8530
2484
9025
8366
442
3530
9507
9689
2301
1406
9515
8953
8650
4209
3032
2768
170
4465
1982
6741
3188
9429
777
2614
9238
4074
1150
6446
5580
459
7565
4738
8683
3696
4015
1946
3025
8577
4370
6836
5648
8746
5475
4918
6282
2134
8823
8186
9479
7420
2901
4260
7931
2480
1419
7056
8964
7129
3193
2075
133
2094
979
8629
6987
4869
5100
2628
8503
3196
824
6279
9547
5795
6969
4459
4070
9677
5914
7867
8898
1764
7099
6079
5093
5238
2409
2683
572
7678
4838
4708
4015
1229
6451
6889
5468
8488
9641
9681
1239
2393
4007
9380
3800
8538
5372
2875
2385
291
6356
1400
7652
542
7797
2323
1035
7360
1651
7942
1196
5982
3683
6071
8549
8941
5954
1452
65
125
4350
4168
2838
3927
4004
6581
1388
9651
555
4453
4448
9848
5167
8798
397
7058
3025
2505
8154
2999
643
3034
4238
6792
6327
1923
3072
7605
57
5627
2394
5246
1623
303
6346
5970
1564
1308
3732
1671
8608
7951
4732
301
890
9665
3971
1055
2325
9376
1817
6971
972
6686
3736
9263
2403
4125
4677
5374
8481
1956
1498
856
206
9238
4323
1784
6735
5027
3609
9647
2364
5135
1170
4439
7285
2012
7850
867
6191
5113
5347
7662
4524
942
5451
4313
7367
4864
6223
3641
7422
8335
8483
7049
7138
900
6143
1487
4070
855
2105
1654
9689
4501
772
7016
2726
1033
4026
8969
9690
2903
9755
2175
7458
6963
3230
4588
8358
4965
9336
894
4201
1774
5469
5876
5119
1252
7552
416
686
3076
5130
8155
5887
6612
690
6337
4800
4163
3993
9176
2256
6016
1963
4151
2817
7644
2148
1926
6763
4197
8534
9368
8337
3206
6088
374
2323
8497
5489
8862
6298
821
5944
2559
6683
2905
104
3897
3157
4309
6807
6827
1740
1742
9571
8540
9669
8328
5179
1686
5428
4057
1176
8010
5997
3727
6677
1931
3400
8684
3633
4456
8771
5933
4998
1774
8707
7010
2703
1334
5552
312
3998
7636
5199
281
3604
621
3957
8618
2262
5102
7801
2156
7078
5847
394
942
1421
9028
6726
9030
9044
3980
2641
9527
4876
8341
2144
3842
7666
1731
6789
610
1363
1762
5189
7915
4012
4408
579
1658
804
5076
7314
6072
8236
6563
7991
5310
3483
9157
7725
8394
4906
1273
1492
5054
6170
5971
6311
582
3537
8380
9952
5518
1510
4222
6083
7485
4577
1867
1202
7658
4827
7263
5791
6804
9003
279
5879
5237
6891
8232
1569
7780
3644
4827
5340
4070
2956
8072
715
4967
5139
217
5957
5208
8798
1000
5123
790
6366
9960
771
7584
798
4678
2214
3754
8789
6469
8838
9353
8951
351
5644
5409
9854
8218
1639
5385
5224
1970
9196
8746
8680
9782
3958
8900
5797
9854
6418
1094
8445
6153
8290
6506
6719
7280
4190
6812
3670
2025
6389
3958
1159
3164
9765
4634
7322
7217
3450
3766
5703
5991
6915
379
9838
7176
8981
1043
9961
6066
9832
5231
3595
8459
5312
5168
3414
8724
5859
4467
5152
4123
2120
9515
6689
7385
5965
2158
4433
520
6211
4893
1768
1781
2460
7387
2162
7438
3212
7463
778
4846
8305
2630
5373
4983
1168
395
9402
9430
6768
9313
585
2089
5813
104
3449
3662
5090
618
3524
9301
3184
5564
5003
9491
9913
2540
2156
5781
2804
5060
9722
2258
2877
2961
7614
9353
1263
3492
9351
4273
1279
3654
6990
4603
9806
5457
8380
2643
1635
1453
4406
5368
7012
6042
7741
6073
8970
3219
2173
1360
732
3934
8916
2275
4790
8301
6492
3150
4443
2496
2490
6224
9073
9864
6317
6626
2481
2615
2839
132
8420
7059
8505
9468
7355
4939
6277
725
7441
6870
7859
3898
8415
6405
2059
94
103
5901
5445
9940
3186
7494
6732
5182
3675
8502
5186
2153
9721
7677
1539
9791
8678
567
5748
9453
2934
525
2303
5892
2131
5686
9609
2081
879
6873
232
9674
450
2853
336
2194
2816
1280
1780
1238
2022
4850
8719
4905
2405
5468
6493
9364
3698
7223
4099
9395
367
7156
1173
5995
1641
3522
6632
722
1415
2710
2615
4087
9997
1091
7078
7205
1313
3222
1097
6924
3772
5968
548
6774
1170
7049
3957
8999
5770
2586
4129
4347
1735
8525
7106
4622
8837
9108
7463
1850
2390
801
3519
7854
3810
3572
6803
5136
7106
6764
2673
8539
9162
2775
4705
8561
5171
7587
62
7157
3798
4601
747
5826
3023
796
7873
5097
5671
4336
5736
5857
5126
615
5175
4043
7431
3785
4905
9318
2448
4229
6942
9156
7184
1820
5917
8108
532
802
493
5864
1177
1758
7161
7886
2852
5436
4948
6380
8313
5248
8435
4965
8211
4773
942
6561
6212
249
929
1146
4587
4050
5750
1769
2642
9585
8055
8613
939
5605
2592
2076
626
6483
7459
449
3195
7909
4960
2142
8092
4125
8309
7392
9149
9534
8858
3902
7884
6692
1080
5121
7538
6401
4953
7075
3390
4442
8517
6352
7545
9514
7305
7189
6759
995
7804
7527
1169
6448
9330
7820
6025
5975
234
8496
954
9670
3109
1950
2290
4490
6579
7509
4896
5482
6702
9521
8244
3321
3181
5312
3939
3533
1223
8731
3035
2342
8646
8747
5972
2942
6877
6694
2734
211
6797
7629
4992
4289
6404
6225
2836
8626
4101
8074
5134
4016
4859
9692
124
6120
1406
620
9257
8144
5470
2910
9841
2576
3942
4250
7504
9995
3705
2162
5118
6035
1295
1144
4877
830
1810
7310
4996
8538
9304
2447
7324
3984
9646
8629
4121
1053
4069
5001
3232
5797
3215
258
1450
2889
477
667
2779
7325
4247
4845
2563
6970
9871
7337
8796
4292
7839
9244
8213
4381
180
2606
3741
2166
9284
5449
9984
7380
656
7194
7886
50
6146
57
7622
7027
4790
4519
5258
7466
3795
5907
8247
1222
2555
3683
4743
1718
4196
3423
463
5001
3408
8153
1491
1101
7197
6243
5583
5902
2619
4996
1512
5831
6394
4914
3071
5843
3218
9272
6420
9435
3816
2477
4712
9330
1584
3263
6891
1670
9574
4456
9737
1612
9730
5769
3541
1012
4617
2138
4075
2764
5940
7810
1633
4665
3093
2994
5184
4847
2765
5207
180
6863
3189
6313
8025
7052
1225
2766
227
2425
1915
2015
9741
3831
1104
278
1925
241
8727
7879
6442
855
1322
7194
8691
551
260
141
8186
768
301
2079
1477
9908
1727
2451
6146
5554
6409
3746
6327
1286
7674
6406
4621
6474
1140
9503
3848
1171
8090
706
1136
6001
5961
8004
5861
4582
7158
2294
6405
7701
6237
6128
2733
7845
2035
8088
5175
5214
5979
5098
1150
2770
1393
9647
5452
9911
5954
6619
5232
6775
7361
8854
124
1253
7951
1347
6436
9537
8297
9781
5105
1392
6310
3662
2224
5473
8464
1117
1305
540
2078
6427
6900
2815
1293
7707
2581
1945
1315
6496
5756
4314
9956
8847
6553
193
145
4499
1421
7751
1245
1555
9002
388
9369
1289
8558
5587
8175
8044
3987
1681
1307
813
8181
1611
5047
9770
5323
5349
1214
1067
7137
8300
3122
3773
6746
559
139
1409
6614
1060
4522
7862
2121
793
8149
4481
1149
1891
1712
8722
380
3776
5202
1522
3848
5975
8952
5356
3131
8063
977
2852
8584
5606
7821
6826
8981
9821
9036
5419
7035
9915
2772
4726
6712
8009
4334
1153
9117
9880
1947
2467
9940
2093
7479
9345
1678
806
8078
5799
7125
5206
18
5197
3439
7186
3213
1313
1462
5593
9880
619
5417
2624
7211
8725
7039
2
9426
8993
662
67
25
1761
4527
1821
2224
6383
9734
6732
8449
5479
4745
1090
3960
2624
3016
3387
2750
5921
8775
4828
1978
8940
4245
5414
4420
2365
9196
7470
349
4472
7610
2480
1653
3090
6355
9087
2778
7180
870
9463
45
1353
3934
8581
8839
4726
5564
4815
8683
8254
897
9981
8873
7030
3047
139
5519
6281
9423
96
2871
166
8695
3087
2262
2620
8619
2623
2178
2833
295
755
988
7828
2949
1591
8322
4571
7826
479
7567
5084
9789
4646
6705
5036
5078
4807
185
6299
9137
5918
6821
1062
4033
9988
2647
7390
5939
8695
5140
5012
2613
7395
3872
496
277
8132
815
1557
2506
8127
8711
4134
2900
5281
3276
1860
145
8290
3252
3931
7048
1621
8467
9427
7526
9262
8951
6040
726
3690
8111
1017
6197
9520
7271
6425
8495
7292
3590
5834
8711
1962
3350
7228
200
8384
2027
6426
8050
435
5217
1717
9829
9963
1596
7464
3797
1817
6635
1590
8930
7328
7860
5226
1570
3027
2693
3392
9862
6972
7713
9270
4349
4830
9340
1883
1078
4519
7790
7745
1581
1991
5890
8337
5327
5080
8851
7600
343
2242
2179
902
2225
8517
4755
6079
8094
4232
5958
1416
9740
4718
3548
2480
4010
2913
6958
2863
4230
8455
5762
9266
6671
5426
5421
2707
562
8457
6448
4422
6747
9338
8268
4043
841
4478
9614
6429
1628
6941
2693
9745
7151
4365
7797
5287
8155
9954
920
5286
4167
2935
1211
9894
5275
2108
9825
7621
4466
8575
7179
4353
6673
8539
1666
5058
9140
3641
3336
5402
766
4300
3634
3350
5118
3463
2424
2710
6378
8910
3984
9423
636
7798
9638
1061
4487
8849
8888
845
6368
8574
8881
7437
881
8402
846
2937
6595
1092
1295
1184
5844
1156
5959
3070
1691
4456
2051
5508
1407
9961
5184
9649
3677
5131
358
6346
8064
3817
7107
4885
2945
631
1470
5081
8140
6954
8376
8244
6309
3460
8628
35
6133
7656
4211
6971
2929
8
7044
4074
2142
4527
663
3855
5280
6216
7510
2528
1420
4888
2914
8135
20
1759
8384
8589
5179
8062
1920
4843
6072
7982
2469
9421
46
7813
1256
904
2695
3119
9446
205
945
6271
5029
5330
5006
6247
2366
4734
3451
1128
6478
7271
6175
7599
7898
8985
1960
9077
7351
1660
5985
480
6441
5657
4937
4938
9359
1950
2746
1044
4930
3528
5719
2697
6762
772
2516
4290
7533
5757
9770
4561
1951
859
7042
8601
1126
5304
5913
3850
3713
9959
2328
956
152
3856
4319
1070
2707
5073
9470
479
2694
904
9142
6501
7012
1577
6681
4300
6324
4346
525
6325
5230
3268
8402
7840
8900
5860
9343
7652
8142
649
945
153
9522
4808
5318
9449
593
4151
8296
9006
9921
4509
4532
4799
303
8081
6121
4222
5602
3603
6273
5406
6796
8920
8918
8236
6431
4852
471
33
1980
9187
304
8625
7471
9340
9987
2887
7420
2105
7279
6176
7099
9354
7571
1160
2121
7277
8360
8324
1012
1540
34
3313
152
4770
1202
5590
868
2409
6625
3567
7619
9386
4949
260
2132
1401
4233
3831
9226
1657
9415
5049
8093
3262
7478
9384
951
449
5870
1408
7368
6517
3266
6244
1819
9698
861
9242
9976
394
1919
4900
8544
8469
9885
842
5797
4783
4433
5671
380
5414
4101
5298
9947
8413
9317
2499
5433
9009
2973
81
508
1490
9193
1837
9322
4424
9696
1356
6280
4124
974
2243
2614
2739
7417
8187
181
5023
3372
7518
632
600
1077
9005
520
2305
9602
5001
3805
9288
220
8924
4633
9841
440
8844
9832
4736
1118
766
4906
3687
4309
8466
8953
2353
2515
9315
2119
9095
6681
1555
2021
2804
5205
2661
485
6843
5946
3434
2392
2262
2717
2643
4045
5528
8005
1605
2014
6850
7628
742
5960
7566
2969
8544
9389
6849
6315
6972
7474
7307
8503
397
2007
3186
1888
2668
9997
9899
2950
91
8320
5211
3418
3825
544
4232
1995
8186
8532
2523
810
7443
1063
5883
4367
8421
1445
6866
8855
6662
503
3905
7957
8353
9659
7410
243
6678
6955
4622
2483
9843
7734
8547
3013
9658
8543
4933
4890
5685
2611
8925
5505
5006
2364
9141
3845
5616
5568
9995
6578
8872
7550
2319
6260
1664
555
7970
7404
4439
3424
9404
78
6814
7948
3766
6679
7272
2268
2149
5884
6675
7727
3217
824
6319
1050
8546
3376
6510
2089
3757
9648
6389
9316
5188
2325
1402
2335
832
7397
9340
7871
5549
5171
5995
3205
8971
9492
9320
9297
6644
1673
4997
581
6297
3162
3975
5956
7627
7834
5736
2960
491
8586
863
696
4241
1092
68
5970
6133
895
2082
374
6422
7322
838
649
1885
8913
1031
1236
6204
8646
6789
609
2378
9777
4702
7622
3967
6419
4902
9004
1127
3645
633
2351
6908
434
5338
2524
9552
8480
2963
3727
3767
521
9368
6928
3043
1400
9881
4895
1535
9159
9521
1599
1225
2544
7555
8764
4393
8008
4687
1115
9203
7697
8852
3041
7277
3656
8566
7005
894
2134
871
6341
8904
5176
8525
4170
6061
3266
9554
7988
3147
1150
1701
154
8037
2938
9751
2547
9934
2554
7918
7248
2786
9588
3756
9159
88
8714
8693
528
8586
7975
1105
8583
3727
8173
8739
2809
2658
3400
6361
1699
5901
1916
6614
6808
9773
3820
8788
6610
8979
5613
6097
6367
2603
3335
5256
5599
8868
1026
8812
3324
6922
1671
2219
1428
7611
3509
3269
1611
124
6841
8865
566
1588
8524
2800
5481
6230
4577
4366
240
3869
4322
9419
4566
4065
3699
4442
256
995
1449
6073
8446
7217
4964
9571
8247
621
1072
4336
3954
564
6446
7636
9921
3135
4628
5636
4064
9934
2212
8613
5503
2219
9654
904
3095
9508
8012
9667
2236
1510
2210
9703
1512
1870
7230
5851
6962
3754
8833
2966
5973
232
4767
4417
6763
8378
4956
8899
6712
4879
9100
1594
8461
6568
6780
3331
3344
8235
7626
5486
8306
717
1136
5496
7797
6720
9824
5291
6306
3247
8918
6379
8231
5053
6790
1909
2346
6310
9994
2764
8882
9201
221
3957
9698
8525
53
9274
7550
5768
8379
8410
7526
2635
9207
714
1798
2471
1212
6832
7967
7785
265
4
8730
8451
3118
9650
3897
2869
4004
838
1016
4739
9539
7733
694
3296
9004
2888
9386
8982
683
1239
2532
2590
9863
5976
4258
8532
2019
53
225
2682
8647
2355
3925
8237
3575
1767
5085
8146
6490
7261
8847
3444
6659
2731
248
5206
7233
4470
5490
5653
3566
286
5956
3568
1068
8446
349
6672
1544
7823
7240
5008
1854
6605
491
8372
751
2117
7652
2548
9476
4689
5555
5535
5783
3373
1413
3302
2314
2800
1723
464
5586
8514
9875
9716
6863
3007
4235
9889
3521
308
3210
3884
41
2552
381
9345
984
1249
7987
6488
3944
1414
8967
1622
9898
3437
2804
8094
9858
692
6520
6311
9898
2390
8678
8499
1811
5076
5144
3337
9755
3
7964
4893
4391
7372
5754
6197
109
5803
3946
2432
4761
1874
3520
6852
4577
6289
2975
890
6925
306
1860
6130
8822
4146
3531
1856
5348
9714
7268
2495
2594
1576
4930
26
5880
8750
3122
8084
3736
5015
9922
238
4387
8487
7315
1396
4083
514
5367
789
6742
3308
8617
1067
6279
6762
5541
1662
118
402
5330
2518
2151
1177
8858
4685
1874
9351
3014
3238
1487
9528
6052
9211
1232
941
8138
564
6617
2826
4978
8048
3469
3500
8422
1225
7493
2309
3850
6625
2573
4419
2314
2303
1056
7051
5706
5256
4041
8354
8111
2314
9545
2118
1165
9107
9860
9043
4587
9509
3320
1474
5568
2893
4273
9333
3733
436
4222
4876
8115
6617
8195
5676
7461
6128
9428
8870
6230
794
822
1217
4899
4463
4074
3758
7147
4442
6514
9700
7801
9154
4217
3481
515
5653
1333
1244
8241
8703
7402
8726
9760
1149
4049
6166
961
2501
5509
3225
9375
6157
9748
8579
5389
8966
9499
2436
3262
6795
2492
212
8145
100
7052
639
2351
9480
6768
2451
8171
4431
7258
8409
2276
6451
5534
5188
4688
7247
1922
6760
5132
1486
2929
3636
6595
7786
1458
4154
9209
5663
5279
6018
9581
4496
9941
6029
2099
1752
8465
2132
6885
2958
2379
2271
5788
8889
2880
2721
9145
8899
6677
6366
3124
6253
2056
4102
4514
6935
2931
9901
2603
2274
1414
9041
6335
2088
1302
80
8537
4190
5101
5588
1127
7808
9914
486
4917
1312
466
3133
8628
5432
7961
9156
8521
5367
2294
4256
6071
2755
1269
6407
841
8331
5762
61
9706
4491
4670
1922
5105
3925
5393
3532
4539
5388
1584
3368
4345
911
7982
7990
8000
5707
1121
668
4559
1707
4381
6399
6520
2263
9689
983
2824
1771
1942
3590
1394
1006
2778
7692
8043
1761
921
6671
1142
9034
9082
9183
3199
1308
9677
5321
8806
8534
6903
1357
4825
3390
4177
6048
2474
3895
6044
8228
6178
4297
5421
2373
5278
6398
9617
802
7274
2066
5639
2143
1479
8684
8566
5471
8376
3173
8419
3115
8260
9461
7256
8262
8657
4544
701
6143
5825
9452
8407
7265
1234
8170
6714
8701
8589
9910
9117
5898
2684
8440
3066
2362
5529
3084
8145
5163
6063
5114
6357
6834
8034
9733
3190
2035
2891
5209
6972
1305
9190
5788
2290
5352
5684
7987
4306
4102
4008
5589
969
6695
8083
6671
4918
357
9919
8338
2562
8927
5686
2687
2388
3569
9979
1891
8017
4953
8712
8245
8462
9357
9049
5406
1237
9034
8568
40
4012
2728
5325
194
2023
6935
5595
245
8091
3694
2694
7674
7244
1329
5677
135
8674
3592
7060
4506
3957
1200
4604
3881
496
9589
9570
3581
6687
9188
6694
6111
3935
3208
5781
519
7335
2632
8690
6971
1242
8553
7350
2300
6434
3854
4741
3012
1017
762
3520
1366
249
6199
3712
6158
6443
4562
1734
1844
8465
5046
4094
574
1589
2717
63
4414
5867
3791
2497
6404
6205
1990
4486
6801
710
6008
6114
3159
3773
7412
9109
113
4133
6062
2471
7915
9547
9627
8804
4440
2676
114
8893
1273
5817
1574
9788
3278
1593
4839
5477
1386
8364
2111
1840
4779
6065
4104
7946
8902
2047
3343
1557
1555
6292
3874
9714
5709
8313
7593
5813
7100
6047
1091
9720
25
9213
7366
1322
4858
1170
2689
9671
5785
1616
1069
6483
8591
5012
3729
287
4199
7817
4299
7528
4825
7042
2435
947
2887
2656
4812
6400
2260
8990
5532
9179
4152
6931
7127
6774
5609
4016
758
9556
3979
9185
650
5062
1406
6692
9715
7794
6544
65
8719
6898
7132
8499
2497
424
3922
9282
5309
4866
4292
6523
261
3224
3694
6270
1125
5682
3320
3500
9903
9181
2948
9258
3325
7760
1688
2493
986
1497
7481
6498
9296
7529
8924
6466
3195
5690
8799
7920
2258
6138
1629
2654
2988
4618
4614
3315
4946
2359
8905
4914
661
1476
3865
4755
2169
5111
3743
613
1199
2108
4980
4502
7732
3859
1360
3798
3839
2437
3685
1501
9052
4291
5397
1876
8673
1800
8843
7823
3505
7680
8070
9454
7831
3516
6818
4096
4483
3713
2261
9919
8159
3408
9818
309
373
5686
3613
5980
2546
3555
9435
943
6978
3380
2323
1740
