7419
1941
7322
4023
6864
1066
7641
1630
9226
6680
6646
6449
5658
2501
8082
755
4730
732
2482
5466
4358
1511
2212
3506
7111
4260
5861
9046
197
3365
9129
9375
268
1861
586
6935
3747
8958
6265
4128
2493
8261
3501
4424
5300
3590
8318
7685
3653
9240
3486
5358
7583
7373
7509
5643
1862
2682
489
6342
1572
9388
202
6437
78
6786
6434
7238
9436
8449
9864
3760
9600
5107
4097
723
1582
2429
248
1893
3422
2899
604
6709
4224
6603
6745
9127
4789
8668
6242
4296
7261
4503
53
8766
391
7165
9373
7124
7088
9746
3863
4728
6126
272
8959
7476
2311
7488
4805
3471
5373
7179
8248
1029
425
1085
1752
1330
4319
5773
7418
5090
7458
9474
8075
3316
9491
9456
8406
9866
3306
2757
9577
9454
7617
5911
1853
1079
9830
7900
1647
4363
5483
2961
180
7648
5829
3533
584
775
1260
3072
3167
6275
2533
7993
9534
8823
4485
7559
6765
9000
2780
8405
210
8697
8808
2117
9042
10
6301
2280
1765
4795
7054
7295
9490
7104
8804
6935
4248
8004
9674
2549
6498
157
8036
71
1142
3261
298
1120
4437
7052
4399
7519
9169
8391
929
2112
9373
5073
7362
7632
4322
1641
1199
1696
9584
3189
1503
9209
4851
3741
5821
2464
894
6082
6829
6459
1666
1489
1491
6290
9400
5259
1249
6857
8908
5520
5941
860
2216
8967
6384
9790
8141
1783
9634
2033
3937
7307
2837
1809
4856
5672
1197
5441
8409
3059
8085
7983
5801
3449
4739
1062
839
7155
2171
3097
2939
1258
5982
4489
6386
8739
4531
3485
9505
7117
9594
7336
6818
8650
9168
1752
739
640
987
9482
2016
7555
4380
7410
8877
1227
3518
3172
8985
8934
6366
8693
611
4284
5392
1128
2845
847
7890
6091
7137
9730
5518
278
8063
1023
7317
3220
438
4584
7846
2625
4471
798
8265
3788
4499
5911
6078
8206
929
4573
6266
9426
3096
2843
2201
483
8567
3673
2088
2975
4925
9134
6957
8250
4806
4564
1741
6338
6221
7590
4151
3031
3175
4122
5197
2283
1558
3705
176
4554
3566
8109
9409
380
5462
3790
4742
9899
4354
1362
8848
7838
8323
7344
3104
6023
6835
6377
1510
4841
4465
4105
5760
7155
7999
4333
3463
6275
5600
7523
8593
3157
1881
9715
4104
5716
2453
37
7142
5164
6231
7198
7113
6536
144
641
6688
6019
8281
8611
1206
9634
6376
3332
195
8105
1322
8938
6724
8854
216
280
4576
5480
9640
6140
278
376
6520
5141
6093
2010
5392
3935
851
5172
747
5587
6894
6893
3510
7507
1406
2353
4341
9889
9580
6987
531
2456
6986
694
6711
4606
3146
4473
1877
1947
584
4010
6033
2904
8423
2980
4410
9557
6233
4358
7256
3155
5721
6329
1859
5287
5408
4868
8029
583
9228
6299
1469
3968
8263
6537
3020
1536
4680
6354
6587
6963
6420
4589
6736
7821
313
4571
8683
6800
4941
8518
6518
6689
3769
3233
5824
5487
3453
6603
9883
2671
696
4452
5391
8887
9112
3925
4787
6556
4885
5617
4560
8942
3228
1734
3359
9699
8730
9801
9401
6580
362
9196
5150
689
1791
7038
6152
9869
8012
9466
1767
6382
7187
7
8055
3286
7549
3806
2577
7598
913
4607
4946
3755
7908
3184
2199
5183
9537
3135
7290
270
1302
1924
1164
5451
8354
1762
9264
1853
8128
9970
3418
8452
9068
6646
2344
9104
1687
5879
2703
3192
2461
9197
5912
8392
3395
8128
7065
4364
5849
9395
2602
4425
9770
4913
4365
5356
1970
1302
8745
2173
5970
991
5391
8142
1952
4355
6395
5894
7486
5347
2044
2751
6513
4632
9758
7973
981
2869
4097
4823
8732
6013
1312
4248
3029
834
7285
8205
8120
7401
6888
1666
9343
3233
8898
5764
1746
84
1524
5542
1014
3712
1134
9699
2697
1648
4196
6176
7886
3193
1151
3020
7479
3339
8776
4097
7330
9873
5687
4328
3599
2666
9625
2355
6352
3501
2223
5817
4799
4554
2574
3743
9737
131
9661
3599
8013
3429
1036
2319
402
9041
6217
576
7051
8180
6890
1776
6083
5716
1859
3528
1921
5728
946
9038
7892
6437
3491
1407
6083
9602
9222
2837
84
2591
4502
2211
9797
422
7123
7958
3637
1123
4396
2169
5025
7942
4324
1731
9276
4516
6576
6498
4599
805
6028
1941
3249
2135
6260
9442
4038
8279
8834
4324
1786
8331
4129
9944
8834
9198
744
5288
8171
5742
1018
4148
5003
8647
4053
8395
6607
7153
5866
8009
5834
9612
4966
2573
7259
1632
7759
6540
2724
3172
2725
7660
4492
2064
8909
6005
2851
2829
5205
8211
1191
9824
2797
1185
2267
4214
8056
7280
7718
1064
7542
8313
4038
8866
2030
8607
4415
9347
728
4054
7876
2669
3878
5289
1254
7736
2696
3321
3669
6616
1425
6122
3860
1415
5084
9938
1229
7035
5493
8372
3778
996
9341
7887
5726
2901
9196
564
2392
7441
1935
596
6048
4683
5690
4395
1430
5964
9218
1013
2663
3755
3968
5910
9111
2042
4203
5060
2670
8461
5130
1766
3053
6638
178
1709
3921
1889
9940
6808
4893
6487
8871
8
1069
4981
1400
9581
5376
1183
3275
8088
3008
7831
8641
6246
9473
445
9169
8762
6475
6435
6677
3772
3578
5089
2040
325
625
1977
6832
7927
9373
6177
7026
2587
393
4206
3266
4142
9753
7889
5765
4801
4311
9769
3370
701
464
3345
6741
3761
5159
5150
8859
9806
3680
359
1204
5431
4599
4678
6192
1213
136
2142
5155
4108
3705
8441
2407
2152
4265
8324
7955
2666
2200
829
3891
1640
8467
1327
790
7562
3543
2424
3480
371
1799
1728
1367
18
4277
7237
9355
3530
8395
2172
3121
6795
233
4281
7081
5893
6902
8454
8732
918
1956
4526
5343
8737
997
9419
4664
5650
1907
8380
1439
7535
7
6805
4528
6228
3265
8275
6266
6108
4960
1943
2087
4520
9240
93
3072
8268
6232
1644
8857
6108
3067
9137
6812
7763
9824
7347
2089
629
6028
3194
1911
7828
9260
8227
3316
5369
2580
1550
9969
9829
9037
1629
8239
5944
7403
2413
3040
8377
5157
5457
564
913
6938
6453
1823
7433
8712
7086
5780
158
4269
1892
2116
7474
548
4377
6884
6683
3490
4610
7717
125
6006
5524
8721
5916
3339
5344
9116
9751
673
418
298
2620
2903
8197
8808
8980
748
8265
7116
1549
8265
2926
3540
459
6933
52
6464
5787
2833
6184
9141
9864
7914
3545
6346
6430
4051
6704
8805
4825
5128
4757
1864
348
5586
7463
9699
3892
7834
6478
867
3088
2971
1396
2736
9007
2303
769
1328
1540
8961
2024
4280
6489
2390
6229
810
7096
5909
3916
1699
2710
1587
4269
516
5886
5734
7237
4353
7430
1588
7084
1931
9307
3545
8979
4705
5264
3466
1569
6093
4362
2630
7895
6338
171
8449
3699
4188
7873
1465
5014
8892
8517
4012
2945
1912
2636
3717
231
6244
7156
2992
9097
9045
5350
4675
4226
8285
5599
9447
5901
8373
4560
9178
4139
169
1727
74
1251
2852
5520
6090
641
2561
61
499
5035
1556
9227
9150
7820
8275
4855
7689
7784
798
3518
3989
4036
8545
8586
4060
4718
5830
6926
3878
367
1751
1255
7954
7352
1018
9363
8234
337
4820
3034
8651
9474
6320
3794
6182
6375
2591
6110
7933
9710
3425
460
8318
6732
6384
2326
2231
6627
3499
1015
6857
2334
2638
9749
3273
3893
2812
6254
9034
5882
7804
3934
5628
895
3140
6505
1711
5365
2529
4670
2646
628
8333
3345
5381
8862
5827
1409
8202
9561
5836
349
6384
9744
1234
1775
7962
4054
2283
6577
1552
7346
236
2564
9175
5113
3466
1693
7685
5256
2062
8535
7519
8021
9295
4964
5629
6156
3214
4347
5641
8881
9371
752
3034
890
2941
3013
7989
9486
7319
264
7785
6004
5962
8597
3222
9184
783
2615
5793
3596
8500
4827
2457
4259
7314
1311
4120
2995
9259
1007
8153
4924
246
6221
5564
1509
2855
7667
6079
3027
9529
384
7600
4025
7726
3378
3021
4085
6572
3008
2860
8236
3003
4751
5108
4932
3427
6194
3353
6843
2210
3184
8504
380
5173
3056
3199
7149
9142
2125
9936
3511
6225
9710
620
7691
8873
297
1945
297
7848
2890
1543
3162
420
7483
7286
6980
808
1032
2205
9489
2475
6379
7714
8718
609
8116
373
8493
2955
3253
8545
4577
223
5046
4076
4790
9573
3934
3467
66
5240
5064
7455
4418
3500
6450
2108
1528
3436
3476
7663
727
9595
5804
8349
1984
6562
1211
2685
3020
5976
8980
882
3957
7110
6554
5525
9418
2294
4318
9789
2335
3784
7534
5331
1721
8372
6651
418
5893
1001
6415
5049
8248
8894
6473
5113
556
1870
5352
7412
8615
5864
7505
3333
7298
9839
3915
6431
661
7111
592
4911
1762
7175
2546
7925
6376
4296
5524
2554
674
9894
6554
9705
4455
9957
6377
8214
2290
9246
3562
9197
313
6534
5855
3294
5624
2023
9657
4750
8080
2104
1291
2393
9338
9137
8814
5797
9762
4353
3863
5277
9253
2589
2653
9545
2079
9188
831
8360
5313
9375
1373
2799
4774
34
9460
7752
1536
845
3830
4769
9937
7679
3884
5034
5130
8836
803
6112
5848
9642
9661
7790
860
1652
9900
8034
9604
1845
9522
3992
8699
6352
1234
9247
5847
4806
5764
1046
5006
7965
620
2427
6746
629
5044
5611
8512
8692
9420
2327
6724
303
9972
9353
4665
1817
4103
6852
5263
9069
8351
5599
1747
9421
2558
8724
9671
3010
1341
2460
8612
7936
7036
7001
197
7947
3324
3992
4432
8925
3579
7186
8691
2646
4503
4713
2896
9719
9305
7807
3574
8964
4953
4440
1531
1258
2641
2902
9064
8082
6605
8536
7642
5167
9387
2202
5035
6751
6332
127
3745
4082
6636
8667
8366
5712
6444
7471
3883
6219
1249
3864
8000
3827
4927
1943
360
3440
3351
9369
3787
6536
8554
7352
4643
7465
2146
639
1414
582
1151
8733
9630
764
3276
2401
6931
1689
2075
1473
9846
3736
8519
5988
1161
4514
4491
6779
6843
2125
997
3797
1975
7397
9078
4532
724
6890
6184
103
2652
1774
3911
9932
3778
1934
2328
8535
6996
6731
6994
9930
214
9976
5152
7694
72
8720
3982
1882
6424
6831
5106
1907
7157
6609
8312
408
8971
3165
2062
1560
4646
918
4398
7867
9877
9295
6057
9080
4613
5397
7458
6650
3111
8618
1657
9238
8954
617
6223
8866
7940
6045
7807
5245
7339
8407
4111
4748
3780
9182
2978
4143
8522
7113
6594
1691
5068
3893
7637
2036
524
9936
3602
9479
904
77
4721
7694
6236
4515
1497
8478
273
8396
3393
1550
1637
3978
5796
4032
4966
9203
2927
1810
6368
2166
654
9992
990
4484
1581
1947
6259
4929
2501
3358
3399
6099
2485
4979
9755
6294
1480
5227
3084
9565
5734
6714
7465
7686
332
5845
7873
2814
4173
5402
6903
6965
3414
5283
9168
7928
9119
9251
8223
6192
2611
4248
4844
631
4879
3991
5166
6104
430
9099
3361
2047
1652
7533
7118
6426
2639
7713
4351
4426
9615
695
3602
6642
3053
9513
5408
8524
7236
6640
6791
8663
1716
4200
6065
7648
647
4276
9672
9783
3379
2424
6462
286
1763
3284
2834
8504
7778
3793
9571
9921
9167
260
5582
7723
3805
6455
6315
7918
9192
4760
9730
5000
6102
2666
631
9889
6659
1939
8282
5563
3192
9272
5963
570
118
9357
9041
4737
1494
8405
3237
5728
9962
7026
1407
5390
9856
1088
7386
1472
9580
6870
4862
1375
6111
432
588
534
2813
3892
751
8240
8106
3756
1682
8223
1265
6452
2559
1117
8595
687
7975
9242
1751
4560
8412
5909
1128
3328
270
3708
3982
8541
7399
3315
9700
6816
9846
3962
1789
4437
5345
4408
9376
5862
9242
2914
7240
2493
1309
8985
8434
2677
6019
6359
8170
9275
3988
8063
6845
9245
6433
4969
5392
8293
4583
8567
264
4781
9648
5046
6977
8063
8972
9210
7555
1623
7208
8082
885
1767
5505
5079
3546
9598
9326
6681
5655
6504
3976
5225
5772
3110
6540
6379
5500
438
5151
6879
7180
1682
6608
2303
3230
3714
618
6089
4983
5355
7434
7354
3107
756
6309
962
6295
3907
4251
2225
5707
2527
5206
1401
3718
5540
4067
4843
7672
701
8131
7757
385
5155
5329
9618
7246
782
2601
3481
898
2382
3150
734
3191
500
9697
2046
8632
5142
7132
5059
8961
857
5428
3948
4327
9231
7923
4014
9437
899
2894
1297
705
661
1927
5320
3349
6252
4644
4568
7747
4349
5102
7108
6066
7729
2056
6613
7557
4249
2657
435
2759
926
1289
7039
2076
3570
5158
6403
9524
205
3099
2407
6466
5521
3170
6750
1396
7912
2839
8705
9742
2126
9790
8870
1890
5708
8901
8480
9201
1659
633
2786
6725
4402
1803
1042
3088
8910
1404
1787
5267
9454
5343
2903
7067
8011
9082
9252
7876
2904
7787
4285
8305
1818
9859
6420
4241
7386
5103
3789
7562
2896
1335
6567
1438
3677
1065
7978
5371
7054
4973
1763
7752
1764
2971
7929
956
6427
5666
3596
7607
2882
196
1124
3696
3108
510
3683
8778
2165
9927
3796
2341
8826
5772
6165
2035
4401
8103
6186
1737
8427
5478
9797
2840
9005
9071
2736
1946
5707
5407
6193
6428
1772
4010
579
4315
9412
2030
9313
2384
8638
959
7919
9725
4197
9098
2763
9934
5762
9716
1485
8954
4048
8819
7527
2385
4644
2987
9868
144
7219
7926
6924
1240
1644
290
5304
432
8920
7512
621
1956
5035
1226
5003
2385
9822
129
4137
2595
5051
4495
8054
8022
5053
3162
1374
9155
5560
6845
5306
52
4146
5984
2478
6475
7395
8055
5475
4981
1298
7148
239
8255
3730
1651
6361
7520
2697
9341
7360
5969
5934
2339
7780
8667
1024
4527
5032
4314
2095
4895
3586
7582
9704
1875
2220
1099
436
3704
8007
9907
8898
9212
3103
7676
3528
8011
1646
396
8850
9717
7911
8325
6618
9327
9764
2685
1382
2851
2478
5466
7053
3399
4012
7471
2742
8723
4710
2192
4774
6350
3165
9105
528
599
3616
3989
7003
228
407
2171
2549
6266
496
4387
5537
7203
497
7052
5854
6395
2994
1929
5586
4550
3746
5990
9823
9127
6551
3046
6643
737
3731
3963
4911
2098
3217
8935
9126
4882
2549
6846
7764
2934
7950
1217
5630
188
9037
4074
1485
2360
3728
4144
1746
9744
3747
1554
8409
4074
7573
271
5774
9288
6402
8118
1750
7880
5003
1434
2472
6607
5704
8188
7708
4787
1684
4493
3465
1682
8400
3861
9545
430
7752
6774
1999
6829
8634
8460
3435
475
9162
822
9917
1654
8518
8176
387
6880
2876
2788
8826
8232
4701
1646
5104
5743
4078
4795
3876
7776
4557
39
363
1574
2533
7657
7104
510
4218
5306
9721
949
6948
1169
478
8652
3044
4989
8566
3912
2543
5483
6040
256
9222
3323
8463
9640
549
6070
7332
9610
2182
1191
4599
9452
9876
4561
2429
4255
2958
191
6392
3569
3061
5356
6295
3316
9558
6194
2138
8822
4438
9023
2949
7329
908
2766
9754
5146
3075
194
8508
6609
7821
5440
8833
1750
1441
8458
3584
328
6820
5645
1046
3558
2071
8955
150
387
1417
3397
9002
4303
2356
5143
8128
4723
8874
9944
9874
745
370
9043
8631
7156
3925
275
1904
8115
3627
6477
2101
9756
2878
8104
3375
6753
2714
4000
2695
3179
3911
1288
3835
4984
3017
2401
1179
7038
6716
2437
3779
8602
1942
535
6938
8923
3708
2554
9380
3131
2077
6970
765
8788
3603
8989
4322
8716
7247
2074
5968
2229
7186
2974
6494
3543
4735
4665
9226
746
2633
6981
6273
1571
1142
8479
292
6663
2488
1832
6045
6471
3113
231
2926
3627
8602
1730
1017
562
1111
3620
9794
4322
4726
5101
7058
773
8944
6359
8078
9392
1950
3128
8424
1244
7572
183
3845
5052
8131
510
5965
537
4066
4137
3715
5252
9245
1692
5251
2599
5661
5216
2360
5860
8549
7316
6098
1167
1743
2609
1292
4380
4950
9642
8092
7412
6532
5726
1613
3836
1959
4107
3561
4251
592
3233
2010
9215
5912
3156
4039
1077
7241
5657
2126
2364
3613
4941
6524
8499
7742
9025
6920
2578
9220
4241
4314
6919
8843
9331
9267
7552
244
3270
5208
5321
963
6322
1605
6158
4042
4505
1981
9440
2113
1765
2075
7067
1539
2716
948
963
993
8129
4435
4969
7090
3125
9577
5476
5539
8583
410
6265
4943
9039
5884
4429
5541
1000
8920
8214
3697
8296
7296
1852
6098
7618
2595
2697
2379
4098
5560
9743
8367
1728
7400
5161
6657
1783
7727
7448
6674
5564
2704
456
2923
7672
2823
5651
4520
8010
1830
955
8045
7327
1890
2806
2309
4190
2322
4082
5686
2898
962
2291
3022
5867
5018
8508
1653
7521
7719
4281
7127
2812
8597
8510
860
9031
8433
671
5556
1962
5130
7927
6455
2980
1954
3635
4315
424
8806
5426
68
2844
6039
9833
6564
8586
1960
4782
6915
2634
5450
2764
2039
1494
6712
1352
4706
9262
1978
8038
1814
7083
2823
3774
3612
2061
7817
5605
3727
6202
2162
5202
3554
5591
4688
6585
1063
7895
5283
8868
4901
8539
3837
9156
6946
1030
4428
5673
6168
4077
2506
6896
8470
7977
7600
5266
8351
2145
724
8893
1861
1330
3813
8418
9635
5277
4034
9661
1847
6331
796
8603
4994
2387
8579
1291
2059
5626
4466
8116
4787
8721
4118
3437
9306
2458
4444
6370
8394
12
8229
1004
3026
5054
9158
7374
6648
5428
6609
7751
8476
4290
1973
9502
5611
9379
7128
3383
4317
7391
5486
1527
8751
5017
3189
1971
8489
1165
3311
8745
5319
410
8945
2555
1107
8526
262
3510
5606
1383
768
2751
1533
8895
4355
2378
9387
493
2083
1224
5728
6769
3985
6077
3077
9797
7993
6689
7315
1054
2350
5071
2255
8887
3545
8739
2710
4578
6044
5070
7329
6409
3580
7301
9247
8375
5965
1284
6776
5065
1074
9744
68
6765
9377
5878
9395
5551
5786
8670
1226
3238
9663
9052
6213
1686
8813
4625
4875
8099
4822
4079
3961
4756
1694
4436
3185
3612
220
9413
798
5765
7494
6449
544
8331
571
3863
3320
8865
7654
9252
8258
1333
7806
363
1424
3795
2599
2800
2874
8597
701
6786
5679
3461
772
4920
6546
1214
3973
4664
6648
6415
2819
8562
9378
3658
2407
8243
2062
753
3483
8868
38
6216
8870
6386
6073
4368
7062
5974
2213
5840
7723
7431
3726
1354
1231
6109
2078
8710
9205
4718
4616
8184
2015
8281
3370
8286
5277
2070
2288
4317
3246
8450
6738
7553
7858
5330
6628
9752
3571
5624
5429
4245
8745
3570
7472
7810
13
2998
9449
7311
3957
2417
8401
5743
8723
806
621
9808
7136
3507
5052
6475
7669
8560
4193
4168
7787
6869
6197
3856
8356
1420
1925
9677
1245
5539
4478
5403
6255
2250
108
8022
8493
3533
7074
7179
5825
9796
4677
6941
217
9076
8362
1648
5188
9853
5338
7518
7234
1901
8015
6712
2621
9392
9898
4862
6341
9803
5063
1138
4444
6454
4443
1744
8825
3200
5762
9012
3727
6879
3428
4370
9345
1032
1465
7268
1415
260
8002
8142
6294
942
1292
6178
9074
6354
5779
8474
3815
3945
3262
4272
8983
9398
9537
2065
279
909
1588
2694
9343
8065
3027
3134
979
9906
4181
5539
5164
6364
2302
8650
6359
7027
2632
7430
1395
4835
8472
9173
3560
2697
5868
3949
3703
9394
7874
3641
4815
1798
3124
7259
6286
7811
3338
2913
841
1075
5567
7518
2865
894
9409
3508
2911
8444
8080
2469
2200
9538
7221
15
7169
4601
9033
9378
3162
3071
6769
3448
9469
1923
9350
4565
370
3163
3058
1299
1419
9574
7625
5543
8252
8111
1376
5776
6282
8243
9514
5097
4898
4458
4304
3959
7444
254
6934
4681
3343
2203
635
3709
8726
664
8207
7759
5064
4176
5133
9854
8319
3408
1623
4823
1513
4611
1234
3088
6111
2368
4421
2890
5516
9433
8732
8532
4527
2050
2796
736
6095
8426
5954
6157
9741
3263
5193
3398
1796
2201
8133
8430
8560
7539
6081
1492
3433
4979
4224
8351
7644
54
8782
1095
9521
3794
5820
3354
5586
5331
6332
5639
265
8481
1963
7455
6271
6337
4401
8422
2531
4082
5922
3179
7629
5985
4124
1873
4076
8669
8780
2867
7682
6747
6113
4119
2056
6836
2935
257
6690
5859
4758
1447
9204
208
6079
1795
2008
2242
2134
505
7551
8706
9700
3322
1813
3598
4312
8809
3176
461
2501
6700
8220
479
9315
870
5822
2111
853
4869
3555
5603
9180
9378
1758
80
4432
7416
2140
4860
5072
5332
2457
610
9008
6432
1403
7200
8862
8407
8405
4354
6644
8923
4983
4201
2240
2912
3467
4207
8725
2146
5570
5248
1150
6443
3806
3046
4619
5015
6201
5185
9080
4675
4256
2691
1267
869
1650
6540
6123
1134
6261
3464
5856
7352
9250
4493
9665
3526
5045
7815
5795
2298
601
3633
1904
5868
8455
9121
9116
1596
3580
8735
3126
5550
2158
6352
7253
7079
8317
908
8144
6482
8355
6294
4479
8829
7231
3791
7774
6971
7711
1093
9443
3229
7525
2268
5510
3936
2780
9715
5043
3493
2269
182
423
3802
5889
1646
2423
4058
312
1287
5097
4824
3592
5843
670
2736
6238
2035
7581
1170
7155
2019
8061
8258
861
4523
1896
5397
7261
7078
8899
7861
7326
9350
3212
6823
2902
5926
7521
2559
1478
5367
1369
6434
9625
3962
5267
9753
9589
5324
938
7172
7406
2014
9568
7442
9874
7917
5253
1000
5530
69
9099
9999
7361
6424
185
9943
8393
6706
7915
6659
5528
8667
3666
3471
8956
6687
7094
2778
2954
1117
1413
3186
6502
4504
8868
6257
4372
2608
7143
9398
5207
4653
6372
4218
6822
2607
6926
2
2298
7761
5820
5984
7955
5311
68
8002
9435
6956
2831
5833
6244
3792
3101
4593
9992
3678
6229
4654
159
6283
8932
4883
6531
387
30
6338
1718
8578
9440
9508
3343
9048
9883
2183
2370
7612
5249
6993
1763
5099
3421
8362
6134
730
5960
8266
9546
675
8498
3093
5319
3388
7913
647
5042
9587
7569
2801
1507
4644
7911
921
6090
4829
6372
224
5105
5786
6735
370
8115
848
1179
3333
2662
3554
9823
689
6505
1959
8864
780
4023
127
8449
2268
7870
6447
468
8574
7262
2047
9589
5609
9128
3268
730
2364
5386
4399
5084
2162
2897
835
4530
8515
5431
3587
738
918
3589
9080
8726
5749
9486
4057
5500
5240
7221
1575
9846
3709
8062
3705
3357
7718
210
7360
1244
2239
4443
5782
5169
61
7829
6776
3086
2174
6227
7774
1796
9259
8847
8994
7414
5892
9423
3563
3910
3322
711
9003
7667
3877
7950
6697
3034
8145
8491
6308
9880
4183
2408
7479
5245
6012
2089
4444
4247
8569
6032
1448
4434
1014
4395
4671
3602
4222
0
9236
1378
4727
7377
6411
7826
6398
6297
6285
6334
5789
4076
9708
9225
694
2726
4728
1027
5598
7017
6939
6151
3807
4930
8296
5130
1385
4537
9633
3580
2939
8192
6532
6854
1165
229
4276
2110
4783
3491
7404
3027
3444
3469
5329
9200
7289
7578
6853
5484
5240
9783
799
8165
7577
896
3725
3812
1018
5382
5567
7678
9922
3238
8354
5968
9910
6191
7496
3441
5010
1058
279
1674
1201
1648
6784
606
7979
3756
4186
9796
3350
9905
9870
9658
4434
6224
5579
1139
9019
9068
7245
3449
7483
9621
8079
4134
6673
336
7041
2639
5865
3482
1053
7680
5810
4231
8168
6775
1200
1125
6892
2823
2854
3090
1636
398
1484
8609
659
1766
9806
4382
5137
7847
4722
6012
2343
2601
8694
9845
5069
9937
434
8955
2326
5587
5481
3171
1800
6141
3823
7468
4299
5696
9176
323
6894
9618
9187
5598
8260
9070
8050
3852
8295
4364
8770
1871
9589
9319
2940
6372
4297
7725
3560
7824
7974
1260
9011
3536
3469
8249
6590
8032
2362
2759
1808
8234
3701
5056
4018
7603
6772
1724
198
5312
9316
2192
3804
4412
6175
8474
7929
1040
1858
3537
9760
6959
8722
2462
9
8669
2101
2400
9495
7010
8826
4992
515
1791
4176
7842
5145
1847
325
5791
6365
5898
3055
5154
809
149
5802
3667
6310
1138
4849
9993
6841
4246
6874
7194
4679
9571
9101
8921
304
4914
6206
6262
3439
8758
1088
5228
1828
7992
8991
6461
8590
5774
2908
1716
6908
7948
4908
6454
6108
8676
6876
3412
4936
4315
9992
2333
268
3176
9397
8153
9295
9324
3325
8662
2272
433
4770
6225
7328
9619
8805
8350
7638
3581
5849
1906
3568
2194
8240
7516
5555
9779
6085
7216
8947
7114
9561
9329
5033
6654
6478
2626
9094
6230
4081
499
5352
7702
6115
3075
1556
1467
8756
1537
4360
8641
4068
4178
1935
3356
224
7353
1835
3712
9936
4041
5972
6450
9935
9395
5432
5032
3672
5123
4208
4632
5344
5561
1438
4263
3030
3834
3414
4900
6334
966
2480
3895
9360
4123
5790
6199
4724
6942
9786
3289
6661
5805
1981
4222
2635
8035
449
6211
3762
3038
8638
7362
5878
2081
38
1666
4533
9666
4260
9808
6180
1667
2334
1960
395
9550
7696
3698
2222
7261
8788
1723
7770
5255
1819
9969
9989
4844
6001
174
6164
5818
6718
2130
8026
3996
1325
6675
4596
8869
4693
2529
3801
7399
6211
6473
9383
1691
2347
3321
9605
4962
9803
5883
1530
6903
9187
4134
4835
5976
3679
4612
9167
8919
7263
2339
5724
3381
655
3756
1968
7689
8796
6840
9689
6609
9194
3179
6729
3937
6852
5754
8940
3580
1785
2430
5400
979
144
8076
2534
8177
2799
752
2534
385
8868
9641
5792
3901
1009
436
2232
9012
8504
9711
309
7244
1311
9589
6332
799
3919
6670
6903
5397
4461
416
7231
3322
2550
7335
7795
1885
2751
6935
7251
623
7493
9990
2
5224
3791
2484
7594
2989
3400
6647
9492
1620
850
5139
2762
2219
1263
7356
6164
4715
3681
2317
7018
6889
462
5629
9859
6192
1710
4818
9470
1027
2488
7715
8714
7133
4860
5753
6930
2652
6265
2227
5226
8129
4843
7173
249
3834
9603
7703
4813
4834
6032
7361
6545
9954
4789
6319
6158
9286
527
8612
3536
8548
5784
6030
5058
6141
6794
9770
7687
3776
7848
7772
2811
6881
6734
6191
1304
2340
115
3509
7049
7959
9880
4943
925
1613
7394
6727
1014
1150
742
1940
6820
1091
1345
4508
6192
1091
2609
4600
9477
6433
3249
3875
931
9838
2930
5875
2555
8511
6058
2865
3698
6432
328
2770
4166
538
501
5183
9714
654
6514
2628
3410
3491
9616
5384
4997
6101
1260
2115
9303
8700
2135
8484
6704
3667
7219
6909
661
637
4846
8687
1337
4034
2329
3604
9594
9396
3445
9857
5902
3695
9961
8649
6167
9857
2580
2302
6963
9772
6130
8566
2221
5875
923
661
8923
6682
8247
5983
2592
1799
5951
8979
997
9621
3867
6587
766
1415
8209
3461
8511
9529
3085
6052
4819
4110
2376
1858
3528
2453
9688
6224
7644
3783
855
8111
3112
2516
5240
863
1874
9665
3745
7469
6517
9227
6035
6935
7330
6541
2948
6037
6678
2375
9884
5849
4936
704
9230
6528
6475
3063
557
5533
5456
1801
5369
9158
9235
8289
2869
7943
4648
5517
6461
9452
850
5020
6525
3635
6064
7567
6477
9482
7701
9826
564
4296
8633
7485
3889
3210
158
9102
8926
7142
31
3490
9386
2079
3100
1687
4581
42
9732
5972
4785
5609
3144
1547
4512
4993
5232
5213
2708
5122
7720
6902
2917
7116
4043
1537
6298
195
1413
9056
7510
5537
9192
9708
33
4688
847
1241
6289
9956
7988
388
9102
8723
582
9695
8111
117
1126
2678
594
6213
220
3731
145
1623
1894
6496
852
3312
9063
3222
8420
4411
4997
8034
7666
5840
9372
3649
8075
9629
3162
4992
9450
9043
170
9366
9072
6559
8183
3614
4720
7481
3734
7043
8316
8884
4939
748
2570
7792
1662
1586
1916
863
3367
1232
7527
2367
8036
7244
2610
7539
1523
8904
3002
4467
3157
1603
2608
8919
944
9591
781
5941
8420
6566
3494
4541
5602
1652
3103
1385
2305
6213
673
533
7676
6511
9039
3038
4526
2359
3701
4830
70
1983
2710
4074
406
5065
2706
4717
3037
9293
4606
6217
275
7930
6950
2698
4170
9451
2035
1413
3604
3513
6541
6728
1837
9587
5867
791
4897
2011
7484
7470
6709
658
381
1987
70
7380
3247
7226
4028
4231
2804
3646
7064
931
1072
4112
4519
1626
4842
8291
4836
7938
2779
2732
2003
355
6118
1825
1548
4948
2413
1117
1195
9606
9747
3397
9952
1699
3795
8964
6918
4256
1363
796
781
7271
4447
8567
9351
1207
6838
5231
6785
286
5434
5774
7968
9132
6938
3631
7013
438
4827
6872
3984
3935
7029
976
3433
9466
536
6295
9599
408
2786
705
1877
2265
4084
190
8579
2431
1630
2760
5841
8996
4290
3496
8489
888
3372
4390
6376
7696
3223
2046
8252
1484
9462
8648
8610
9080
4000
7673
6199
2135
5632
1876
7736
1481
777
9769
6512
9861
4534
3979
3527
6324
7741
3633
5757
1958
7165
8171
6817
1492
9216
4759
8044
4679
1149
1480
1064
291
8018
7588
2174
8082
3605
9106
3808
5474
828
1276
1346
7615
1093
2843
8080
472
6551
2680
400
3568
172
2470
5873
1303
8406
4098
5450
8459
7894
8022
522
7241
4412
5917
7289
1341
5066
9427
2900
8952
313
607
1212
5657
5421
2338
5354
6760
5678
8152
7421
2302
7320
3386
2355
3844
4181
294
2008
2838
214
1895
1857
5055
4372
6033
8705
35
5094
242
2361
6305
2628
4255
960
465
7972
8801
8076
8729
3724
1663
3635
1924
8269
5126
8021
500
6590
2052
4047
6306
2498
4226
7314
3565
2465
5881
5824
7303
3935
7131
7674
5051
4129
5502
5222
3591
5911
8534
1649
3612
7279
3298
7758
1047
3283
830
718
4475
6902
4842
2161
7495
3534
2997
5311
8646
9680
3614
9176
9634
3957
7129
9242
6377
4664
7313
2026
5276
4057
9270
6013
5360
999
1190
1161
5260
5165
2742
1534
1452
5636
5840
1719
3833
2335
5921
5854
1071
2292
3000
1634
934
2727
5339
7544
4381
722
9454
7545
4108
8012
5443
1707
2529
8827
6554
4460
2833
2722
1649
4852
2655
6988
3691
236
3102
1541
6115
9749
872
7866
4412
462
6380
8539
2358
3789
9322
6970
7378
7954
465
3144
9752
1884
683
7796
3462
8846
1347
3861
4121
6026
7821
4833
9951
2929
536
8674
1431
1725
4734
4349
545
6687
7581
1119
185
3617
182
6906
3507
1660
5867
7994
8040
9612
7790
7296
4318
1903
3829
3876
7321
6218
3480
2572
5117
2412
1869
679
7504
8945
2804
5875
9339
3769
6126
6555
1213
2053
958
1503
8904
1038
6822
9263
4808
4030
2746
2348
5593
8377
4072
8273
5576
4408
2890
8800
8613
3671
7356
9751
2066
1605
1607
9777
8175
6008
6152
8761
7369
8020
626
7770
8111
1705
3172
1267
329
2891
1733
108
1728
3277
6601
6354
203
6659
5468
4381
6146
3599
6160
4558
7502
1099
3320
4015
9250
4290
2421
1934
3131
3960
1452
1629
6729
3773
4481
3589
8447
1158
779
9629
3444
555
9422
8292
9276
3558
5561
7416
8007
9771
3178
3371
2265
8738
6581
9139
9818
8279
1502
5982
8444
581
8367
1758
2006
2004
8398
1265
7377
6715
8878
4353
1693
8440
8807
7308
6956
3434
3789
9748
9567
8567
2671
5493
1318
482
669
5621
1573
2741
5754
4326
1425
2453
2413
1739
2254
9937
1534
3448
8857
3459
4198
14
4017
6008
2972
6451
1279
1762
891
7667
5122
6469
4894
6958
4429
9280
8964
9618
3690
6896
1113
7872
6338
9127
1880
5895
14
5401
7868
4246
1110
6033
4145
7989
4734
670
8165
5255
688
8642
5915
9423
6098
8078
5229
3964
3518
123
7448
7480
3141
3780
4166
9508
7883
1349
2681
5633
5197
401
2730
9008
5664
8297
9073
7563
6018
7938
7041
3573
4577
5689
2390
7441
6531
7916
2364
517
8012
1162
3854
3056
4572
1622
9508
7087
5502
9082
6133
2589
6169
1599
6194
8419
2065
2766
3606
826
6375
3448
115
4909
699
7305
132
5085
4053
7076
7641
545
2067
7996
6197
7404
5630
2689
4315
9067
5612
7123
6107
8017
5882
7566
2077
7142
4656
8065
9113
9731
2821
3207
9092
53
5800
1819
4304
8985
9246
9672
3328
546
4443
5848
1050
9727
6010
5382
745
2570
6584
2316
7735
7394
2615
4579
8698
7059
2008
4975
1325
9502
4192
3067
1783
9676
7677
4440
1165
1392
9214
5357
9463
3686
5319
9947
2896
4172
8497
597
4595
3366
5173
3530
4671
2604
3621
690
488
6808
4412
1488
5745
4244
9093
1790
8
3062
3051
2751
4407
2563
5724
1045
9188
7945
2318
7444
7630
7235
7917
8042
5982
8751
1688
3365
2984
6649
8738
457
9724
1032
14
896
7789
7865
7035
8757
9627
899
2390
9995
7496
5463
6514
5102
7532
3476
7622
7959
4717
2200
7207
2479
2277
1748
5692
6440
8131
9416
9987
9483
3675
2721
2896
3657
5112
8
4233
5582
9100
9835
3863
9508
8137
7327
3558
9335
3829
935
5309
6532
9813
4143
2848
5524
3591
6799
2184
5050
1699
5721
9578
5685
1338
8944
9030
7973
116
5635
9844
9697
9625
6866
683
5520
2890
3561
5235
2266
8619
6596
2929
4162
3903
696
5898
1898
6020
6579
7556
3997
5439
3481
2908
530
3020
8822
6150
3527
447
3124
7035
7586
4583
4597
299
2463
6654
5324
62
2625
2809
2140
8850
3266
8506
4242
2309
7541
4843
1332
4459
5709
5112
1910
4629
9556
3893
4481
1613
9121
2598
5735
466
9640
3015
1237
9248
3398
5073
6909
1048
7665
8277
6280
867
8440
677
6815
1534
3338
1036
327
8853
7836
7204
5816
5426
5662
4030
5690
6706
1665
8421
3856
7178
6287
5344
162
3151
9103
9302
8146
1750
2586
2227
4279
7602
2638
3144
443
4183
2564
3608
774
8412
6388
3591
1428
8971
8576
1285
8590
2319
8660
8038
3079
6527
4497
7605
1077
6005
3738
6221
7463
6813
1009
2038
7108
1022
6240
4364
7100
1814
3869
7393
5744
9443
8357
364
9883
4582
7014
145
2585
5818
1530
1768
5048
4545
1553
9744
6184
4740
3717
7777
6350
3542
1297
5119
7579
6575
9407
549
2648
6779
6958
1175
9656
7803
1160
4947
6705
3973
3589
2098
3661
2293
7622
3721
39
3252
5915
6846
6554
7795
7854
8952
6028
3366
4908
3169
6880
4233
15
8606
5662
836
9074
1921
1220
8713
5267
8393
5485
8014
8894
9214
5947
4601
4997
1513
1205
6399
4545
166
5073
6744
3130
9358
1056
1170
2157
859
1380
5968
7513
3296
1406
6733
5929
4479
4630
5514
145
7700
5544
1145
7099
5219
5208
6364
8365
5408
4982
2685
8559
1565
846
7921
3569
4091
3313
4932
7801
456
8109
4954
7099
9925
9438
1962
2071
3804
2840
5782
8755
8567
1953
9008
6639
7131
8787
4845
9495
3048
30
9755
2592
5883
7113
1881
9421
7511
7959
5399
4150
5301
3933
915
9398
3822
4204
7582
9923
5860
1896
7530
9606
2354
9962
6121
5280
3870
2000
5709
5774
5406
1485
2606
7462
5774
3341
4757
3260
172
4408
5728
640
8412
7705
2556
9978
5865
5598
2778
2522
6995
2273
839
3963
3688
1351
8242
7949
2702
4212
5600
735
2507
6963
4593
4137
4747
8048
1842
2872
2876
1826
5330
4709
2471
4146
2120
8265
6842
8908
9630
9175
5018
8069
8375
3369
1682
338
6434
9977
7234
600
9300
4006
1
9667
5187
4982
3227
299
2541
8174
1465
8215
7045
6783
9810
7573
9086
8797
50
5104
1429
9742
3296
3392
4900
4657
9255
1979
6692
2817
8626
3565
3137
6748
2591
8334
5477
487
8894
359
5280
622
9523
6857
9817
6440
5258
8256
2826
6605
568
5559
1030
2276
6866
9150
1551
1229
2865
321
2564
5898
8769
5829
912
9411
9890
5047
8896
2193
5783
9893
7424
8745
1821
9656
364
1536
8960
2887
3955
5677
2385
4260
9097
6947
2898
1984
12
6340
7603
7104
2994
5207
4042
2016
3875
762
927
4469
2180
2602
1539
6950
6310
7209
5487
5550
3584
2530
7026
8499
4078
469
3407
3081
2726
1369
4360
8962
9589
2086
7765
4746
7257
4635
915
9893
944
9536
5146
6277
5502
4571
1942
2730
2643
710
840
9731
6114
7208
8713
991
2691
2817
7876
9345
3603
84
2999
4049
1838
7186
5573
2159
1426
9434
5525
8681
1625
3136
1071
9757
718
2617
5070
8248
1318
8106
1998
1737
6410
3306
3019
5844
3104
3543
3652
7692
6291
948
2189
1338
9959
2721
8486
393
1457
4915
4793
9833
1362
4282
7789
9020
3000
4890
1640
3516
1979
2979
3852
1549
5905
2182
4856
7951
4309
1033
6967
8840
3072
587
9991
3682
4855
5241
8512
8868
8574
6621
5952
3263
5414
8718
8769
8082
5925
3941
1801
691
9309
3036
9911
976
1790
8602
3236
8238
5914
974
3836
6981
8651
9279
6980
6574
4109
8258
5553
5079
6572
2418
4460
6003
6013
9530
4313
9167
3099
5473
9689
6
5082
9262
2059
292
7567
6608
1826
311
6424
5610
4508
7746
5415
8214
4072
9225
2169
149
5804
3025
427
6047
655
260
422
6622
5818
7137
4786
3130
7795
7670
3027
5136
1371
5962
4053
8224
5709
5959
7810
6984
3693
5102
6690
5816
6852
7543
2975
841
3246
3624
5916
1189
1312
7621
9634
4711
7175
5610
9051
6169
5832
8333
7053
4952
940
4885
2455
7169
4617
7968
8232
9033
2141
3975
8711
3353
3498
9393
7404
4714
6255
9434
6596
5258
1153
7140
5266
6817
7317
7262
9446
199
2607
2296
2297
2687
8095
3943
4468
6587
1600
1834
6629
6979
7171
6487
8008
8062
8914
3575
8800
5084
902
9217
3267
4197
6642
2300
2467
9416
5473
6716
3125
8359
7448
685
4801
9063
7267
4561
4617
8880
5925
6830
5164
4467
6928
9343
6380
3162
5713
1126
9009
2842
8777
3631
8588
1468
8755
4595
6611
5439
5276
3694
5331
4407
7765
9337
8902
7903
8999
1335
64
442
8950
8485
3759
2286
347
6176
4826
5459
4454
323
607
4722
1732
773
4154
6295
9214
79
6547
625
514
6899
2284
9925
5748
5099
2136
9745
8066
2062
5908
6725
8290
2849
6401
7056
5267
3131
1726
4440
1466
7231
3359
637
3567
1576
7823
2968
7509
2900
4394
9203
3292
1679
4935
309
6422
6586
2491
9199
4621
9367
3714
6993
1901
3730
8545
1170
8323
5151
2342
2854
5545
562
3444
5528
121
1094
9829
3669
7012
6483
5354
7054
6521
1215
4271
824
8622
8940
2719
3619
6209
3362
2507
2837
1094
2230
531
35
1863
8941
5183
8924
7564
2534
1565
6481
9107
9031
7324
2556
8013
8452
3567
9910
1760
2253
7439
5708
1530
7937
4156
7164
5612
9500
3959
4743
9667
5969
5114
9272
3807
1423
2892
8753
6412
881
5215
104
3589
2521
7261
8850
1557
4372
7624
7214
6949
5011
1060
1439
9393
9421
4720
4480
6064
5272
4685
9563
8537
322
9153
9990
210
4865
5136
8843
6729
2079
3254
3188
1391
8545
1861
223
6895
5891
3844
6060
7245
8040
2518
5625
4396
6189
5938
34
9033
4403
2907
3382
2008
1239
8606
9248
7997
2957
4132
8636
1513
2701
4573
5853
256
5581
1270
4832
3461
4566
8279
3151
523
6720
621
5438
4627
2837
7443
2378
9109
9898
6007
2541
2609
6077
9215
6846
1736
7935
864
6120
308
9421
7247
761
5726
8845
8213
8282
7468
2567
2454
6830
772
1922
666
9779
1448
2192
5788
9767
5963
9129
4756
3000
2277
3314
7967
853
8532
634
5213
9896
1276
2597
2246
3877
5638
26
2579
5004
7032
9505
1286
8628
6295
9788
7720
1247
2180
5866
9811
378
7487
6304
8620
7049
4842
5378
8849
9391
2883
2341
9156
4484
7098
751
3728
6276
4079
1712
9074
2372
2185
7699
5016
4388
1069
2118
9192
5037
598
3588
6865
9803
6877
764
3396
6858
1763
403
5009
6142
9644
4182
6599
9761
2205
1707
2953
452
9216
3415
2490
7470
6484
7355
8731
5779
8127
5677
9483
8890
8549
392
5138
9405
2916
7928
1157
971
4125
5076
6736
9192
1616
8910
8432
8462
7303
8223
7155
1308
1631
6697
5442
9110
396
2010
433
3271
2976
2009
1101
9840
9442
3532
9215
5705
8823
779
861
3689
6566
519
3164
8901
5347
2280
6397
1351
1619
278
4430
8035
6110
2044
6363
2937
8469
7158
509
3071
7632
2719
8936
3450
6723
7654
1361
1563
9712
2429
2518
3979
5595
6173
7160
3205
8725
1829
1869
7904
7899
9372
7524
9729
9423
115
2847
7137
2603
7583
9955
2894
6995
4215
9495
9508
2646
7214
6811
4897
2687
5033
1003
7505
8639
9637
4549
1620
7970
2368
4329
7806
9082
6635
5911
2651
2072
1979
7269
5663
4574
1830
7759
7939
6518
9594
4035
2480
3210
4187
4766
8717
3437
1035
3866
8009
5267
2440
9945
5798
2842
4122
6380
3463
1062
3990
8741
1003
1794
2801
2771
919
9144
9819
1254
7032
4225
1201
9648
4449
9649
3161
985
6602
7830
1752
4456
5204
2413
4176
6348
9489
9280
3165
9994
2445
1863
5135
9693
7259
6472
9599
7356
9193
4362
855
7455
3823
3129
2802
1061
8323
7518
205
1519
9788
6371
7369
6538
5695
3959
6973
324
9960
4529
2169
7622
3734
4203
6864
4833
3318
5971
6796
9379
6832
5906
4616
4013
2306
7594
4773
9410
1445
693
1190
7809
3599
2021
5361
3805
3065
5047
4968
6754
6088
7752
3874
169
8421
8881
9858
6988
3221
4549
3262
7821
531
8827
4457
5223
9303
2484
1935
187
5609
3591
5072
9656
7598
4065
4396
3911
6805
6068
8231
2658
2034
4476
1140
7073
8340
7235
9470
6088
3498
7827
157
171
3963
6339
6432
5185
7613
3486
2384
4000
2595
9530
2026
5582
8552
2002
4537
265
6456
6462
1663
445
9189
7601
3458
9658
5150
5359
4906
8920
1709
9727
8867
9811
1167
3268
1085
5927
5662
1299
7858
9386
4078
3459
9842
2943
1790
6750
8862
3293
231
911
8479
5853
5089
5024
8859
2829
5228
2077
5304
5954
5109
6790
768
1078
1425
3825
6092
98
2101
8932
3080
9065
945
899
4748
623
6879
8138
2066
1059
2098
8422
8474
1556
4810
8850
5718
3743
5165
4933
6582
400
9011
8241
4825
1188
2775
4137
9370
1393
2214
1620
9454
5506
5408
1021
1087
9387
4566
4687
4676
6449
9054
1668
5385
6895
3608
2440
3676
8117
2968
3059
1556
517
3709
9667
4192
8429
9903
3629
4939
4820
6244
557
8669
7666
7458
4093
4571
7063
9441
6945
8567
9434
379
6409
2268
2828
8219
1206
1485
8122
6950
9377
2929
6042
9749
5889
4733
7210
8753
1530
9914
6812
2456
2768
4617
1545
8333
8840
8816
3492
8
2486
1960
1828
4803
1840
8407
6169
6914
7797
8988
1093
6627
3604
8145
8472
5830
36
8014
494
6895
8636
9796
8596
3464
6869
1890
9350
6553
9103
9738
4142
9905
2464
948
3833
4027
66
5076
5429
6432
9162
4308
4633
9281
6625
906
8065
9127
9384
1212
5979
6746
2639
6285
3957
1073
7775
7465
5671
1115
7190
3094
1943
3913
3253
3883
6312
6082
4369
932
7882
1330
5654
9571
8637
8393
3525
2233
1365
7563
7039
9806
5455
8778
2577
2535
1601
282
7915
3586
4312
9093
7214
4279
5879
1821
4102
3045
2057
7766
7534
2583
1968
1449
8544
4078
2685
410
9602
7291
614
5870
8461
7956
6440
1707
3178
5949
7340
571
4694
5602
7131
4033
6082
2209
4796
7093
9723
5146
2606
5119
4644
5765
3091
2501
3561
5781
3219
6307
697
5744
8705
8079
8619
530
9432
31
8
1460
2067
4415
4577
5689
3669
2519
9122
5190
2985
2147
4477
5762
9479
8282
6843
5079
4767
1569
2726
801
9087
7821
4818
9556
4032
2683
2384
3269
3293
1777
637
9921
9398
8202
6520
8445
1377
2588
4573
63
913
81
3801
4746
3361
7567
9472
782
4029
1027
7853
9340
1500
7166
7747
1085
3082
942
6128
7247
6694
6528
3304
2984
9608
2052
6021
1894
5459
233
6847
1379
2621
9148
9572
8440
6234
8593
5715
1133
743
7960
9029
3634
4576
6567
2550
1784
6352
8417
1288
55
6912
2976
2132
5989
6250
5474
8514
6589
1607
9378
5146
3311
3543
6203
6724
7560
2397
1975
6768
3694
7438
1626
7672
1577
3499
2648
2340
8841
2535
245
1657
2728
5267
8947
8006
4391
7797
5882
5350
1663
8191
9658
496
8770
3073
9789
4865
5831
7977
9176
9896
4989
4163
4858
3888
4629
3876
5501
3014
4831
8404
2454
6014
7987
7836
3347
3348
9049
3786
9819
372
6672
5979
8623
8522
9280
7216
2217
6284
2258
6342
6991
4829
4473
690
7867
6526
754
9826
8101
1093
8823
3894
8377
582
6539
9805
5156
933
32
3552
6469
8776
1244
7341
7345
9776
1304
1366
3405
7731
5654
7799
7737
9123
2028
5604
5478
6807
2135
7413
1591
3502
4366
4009
8310
8354
1151
2710
216
9149
7140
5999
3292
3173
6378
5448
3124
2015
5094
8672
6043
282
4971
1271
8748
1087
3881
1625
3617
7837
7844
5662
2827
1510
2164
4478
2548
9639
1109
1842
736
9031
2709
8031
2607
652
1872
9309
4999
6489
2140
1676
5304
4943
2507
9818
1992
8506
6478
9875
8473
7944
5768
3533
4315
3161
8156
5013
8118
3954
8782
6925
6716
6647
2132
4111
8595
5689
2806
1854
1805
3668
8284
617
4814
9060
6731
2483
9263
9382
681
8197
5326
2328
9472
8208
1381
1428
414
6810
6328
3698
7918
8016
2259
1730
812
2152
8797
6174
830
8117
6319
7885
2882
7832
3505
2143
9165
8307
8516
2102
1379
5064
6188
6239
4339
1188
5082
2073
2874
1369
7516
2255
6699
3764
2698
18
5289
1129
5082
3124
6009
855
6812
8327
554
1545
9547
7815
4450
4443
2628
472
3470
8270
6548
601
7685
3630
9578
2942
7606
6801
7992
8655
3445
6371
3835
7534
4155
9786
1721
6156
2532
819
5112
6925
469
1963
1744
5278
7191
1106
865
4136
7762
1908
3384
5301
4430
6595
82
3820
705
5084
571
9149
3023
8395
8141
8728
2386
1600
3198
6783
9937
3713
4598
3954
363
693
4320
6148
6029
9526
5903
9360
4159
8564
9843
9401
281
2105
9711
9351
6420
8052
2022
3443
6470
395
5050
9506
5099
9351
3092
8506
6888
4528
7028
6228
3294
8216
1299
6032
6601
4307
9560
5416
9316
4169
3965
4650
2342
3049
2023
2315
2265
4185
2082
3877
6899
5460
5692
13
2917
8683
2480
6366
6555
4195
2606
2264
7829
5267
8068
6211
2501
8539
9731
506
8008
8219
1838
8599
8674
5990
1922
6083
7679
3485
6139
3839
218
525
6327
8176
9507
7967
6071
7817
6049
2438
452
1771
5799
2839
4312
9990
3925
9135
4995
5948
1436
2876
7499
7998
6891
3539
8879
9578
8809
6136
6730
9826
9803
1426
7726
2693
2673
3891
5957
6554
8670
3423
7892
9409
4658
4407
7986
3467
9692
5545
7693
6569
4277
4724
8510
7777
7980
4042
2446
2709
9982
3437
7368
6975
5586
9974
5042
656
217
2272
4052
3188
977
7244
95
648
2115
7838
5881
4573
2168
4179
6666
3878
100
6725
1429
6719
2904
7297
6716
8316
8418
889
7030
1768
2702
5593
651
7155
9702
4649
4526
385
6109
9300
1822
9375
2829
7092
4055
563
292
9283
3696
9971
8489
8433
4160
9635
4237
3907
733
281
9188
128
1799
9644
6927
6723
7890
3012
9207
4137
7701
3090
2566
7580
1913
6957
1583
7795
6999
4682
1281
7561
6504
4345
9792
3864
3499
6257
1389
2145
2131
6943
782
2042
4022
8858
8441
6622
5483
6236
5188
3507
820
3258
5871
8568
5481
8441
3155
3608
1192
5131
672
8600
3752
525
7963
1743
3726
9824
2201
4441
1048
3697
399
9876
1425
3955
3934
8194
1427
9107
6054
1694
5412
7821
8028
3485
3035
2118
2514
4526
4788
394
4639
7402
5091
2387
3997
2677
9251
1732
3192
1212
9935
79
3254
9943
67
2471
1758
5124
9365
3419
6112
9434
3036
1300
7851
869
9192
6594
5554
1675
2861
155
7252
3402
4089
4977
7282
4997
6263
8007
4420
5263
5505
6278
1480
2303
7043
5377
5275
6629
7103
3495
5106
5023
9023
391
6167
191
931
9659
3333
7692
7896
4244
8330
3922
2510
9532
3857
3221
2364
5220
2111
1079
1534
5826
7938
1919
8196
9982
8892
5124
5468
967
6917
9460
9988
1652
5931
1594
4670
3759
7782
4323
4833
6340
9959
3915
9882
2652
3522
2878
8356
3432
9666
5343
4554
1590
87
3204
67
2923
1073
3138
2411
9172
164
7970
5549
13
3246
3394
189
1921
8911
3163
5645
8826
2448
8514
6956
6536
2031
4334
2658
4210
8935
8427
6728
7327
8430
9304
1354
6271
5880
9816
6232
7149
3264
371
5747
4458
2532
2186
9893
8919
6384
6706
9478
4288
5721
9191
4626
4905
734
425
7490
5056
982
4449
7826
7920
720
4591
3343
2918
3941
2516
7377
9068
773
7680
5371
5927
8167
6355
3758
1239
8319
9634
4480
7939
5930
2868
1944
2291
8908
2532
124
8919
498
8071
2905
5051
7837
5386
9040
7243
9023
9709
2015
4240
532
6672
5722
2406
649
6964
3273
1983
4859
3203
7730
5700
3805
5334
8553
3856
6245
3055
5116
9657
859
3022
5354
5184
6302
6890
4614
3501
6893
3150
823
5875
279
8884
1520
1592
708
4889
157
3335
6714
8509
5341
4947
6105
5952
2613
5623
7566
7164
6849
5512
1981
9460
256
2567
878
6575
4848
1781
1940
1854
6089
6815
8214
4441
6118
2617
7663
4364
2116
2228
9921
2304
4218
4912
1071
6785
3720
5944
667
1021
5417
2986
4297
3318
3438
7100
1482
8914
1764
2746
471
4753
1792
9536
7950
2979
2829
5653
5831
478
6789
9150
2535
797
8125
39
1185
6946
7350
4690
2701
4737
7427
1364
7815
9082
7994
6632
1229
3078
6491
2574
7616
9028
5746
2162
5338
2753
6886
154
2093
2154
7888
6451
4910
1436
9401
6701
4322
973
2587
9189
5801
7205
8433
5380
7254
7207
4139
4679
3742
8249
4347
4113
3161
7127
6741
1298
6050
8002
1013
7665
200
3982
8110
8520
6941
5046
2683
2518
1808
4526
3886
9735
2301
5532
1632
1280
8248
3962
4253
8579
7383
4091
4565
7464
1891
1168
3020
7518
1938
174
7574
3537
5867
1375
6302
8077
2509
5776
223
4984
2691
4790
5986
4511
4106
1099
9158
4601
5771
4115
9504
8305
2575
672
8244
3419
6437
4830
7431
9233
7416
1384
6888
2505
1084
4604
577
2090
2973
7806
5301
7369
3566
8436
5410
9938
7423
5479
5735
7725
6308
6850
9923
9651
2978
6486
7096
4550
9904
5371
9372
6623
5404
8490
7268
6329
1167
9287
6254
4674
1259
8266
534
5493
3445
871
2655
6240
296
8575
9162
2509
2083
1513
252
3328
5821
420
8865
1712
7863
7258
8490
231
1212
5023
7
2490
169
7360
6329
2339
1698
6396
9358
3498
4880
9251
1976
3844
1442
209
88
6693
8833
8333
7803
3658
3171
201
6634
7654
6909
9862
5602
2566
930
9423
2982
971
5463
2381
4421
5070
2844
2441
6221
3675
5314
2326
4270
443
3793
2672
1271
9268
8606
381
5430
1612
9108
2087
1584
4445
372
1518
7436
3441
7812
8586
643
5222
9881
5622
5266
2800
1652
6011
7125
5879
507
2899
7651
8171
3003
294
8263
7231
1647
5478
8001
9811
117
7989
6868
2807
1109
5171
1269
5890
6066
1801
1190
3084
3352
4816
9443
4572
4476
2358
6486
8766
2095
9722
1056
227
5170
7197
4535
8776
7762
667
3387
2178
4662
4599
293
6963
1771
155
6904
7207
5356
6163
6256
9138
3462
1124
428
9968
5818
9145
2270
7303
7204
1348
8115
6652
5170
6917
1220
3899
4731
1766
2618
751
1936
1305
9710
4972
7976
8097
3866
9094
4293
2961
8152
2677
487
3747
1673
2069
3737
2300
1259
4389
7696
8656
3860
535
3784
9417
39
9709
7920
8101
1259
8966
1197
8955
3982
5094
4939
9820
5013
1830
5694
4525
3294
3015
2654
8219
1760
3270
3048
7313
7602
435
5862
7768
887
6307
9358
2503
5856
6945
442
713
9744
7827
9840
915
8597
7485
8966
9103
4487
8078
2906
1593
7843
5710
4238
4423
635
9088
4686
6263
4097
7662
3839
5033
5257
9275
9756
7032
3128
5725
9619
7910
820
2083
3286
1491
2873
5006
4910
2256
6042
3651
7591
4807
2647
2809
6110
5058
9556
3538
5268
1305
7449
2715
4956
6278
3488
9687
8210
9799
9192
558
7027
8063
2667
6814
7464
7229
2371
3097
3983
8253
2128
5697
6888
3626
7769
5329
1843
5897
1340
3731
6941
3728
9571
994
6782
1804
2169
2211
3884
3309
5350
2611
3571
5297
3632
118
7227
3487
6990
6175
4936
664
9859
7667
5158
8350
5578
7533
8973
2808
577
6986
9675
9578
5188
194
8063
511
1147
7020
6313
8951
7092
2313
9430
3187
4965
2014
7234
336
5515
8397
8473
1001
8517
9600
4039
6730
2409
5349
3065
9773
6441
9465
5561
6628
5663
4324
2947
