7948
7747
7641
2098
3696
5172
6272
8439
6424
2512
5361
1434
7268
8064
7457
4542
201
9742
1369
6706
4179
6765
4547
4865
3995
4165
4478
4829
5001
2081
3929
6341
9929
5164
822
6006
8641
1682
3753
3477
8743
3000
4808
767
6402
7518
6161
5683
9162
1941
888
6154
674
4139
239
7812
5848
1032
8717
1821
9907
737
8829
3013
9866
4821
5374
9253
9286
7239
1814
1297
3200
8559
2752
7338
1042
2447
7764
6679
8622
3838
6086
9153
5547
2688
3068
6260
7557
5952
8919
7993
787
9661
3056
5481
899
6919
4630
3962
2942
4807
4769
4357
3597
4244
9691
3039
4128
1561
5352
6816
5678
1566
4962
2115
2427
926
988
986
7114
705
3217
9105
8396
4108
4960
4178
3429
9404
9429
3944
5894
5427
8862
6550
7681
4064
8209
446
5097
6326
8048
9230
1103
2244
2822
4935
3091
669
4671
4694
2235
9110
5630
8420
4996
1290
4893
1356
9105
6076
7064
6560
6115
301
2043
4108
7145
6973
4712
2377
2692
1078
1450
5029
236
881
9065
6842
3229
5997
3669
271
7649
5877
6582
86
5481
3296
9302
2769
3548
6255
9687
9614
433
5886
9572
4498
3861
3703
3706
5892
6988
7664
6326
8035
9505
4003
4277
9583
213
2685
1233
8359
7649
1978
2894
1623
9931
9042
3628
4506
2621
5233
5524
4830
1693
8022
1945
7143
4061
1514
960
48
1160
3249
7574
754
3305
5456
8796
1888
9995
4113
4805
9043
7593
6218
2684
9116
2599
8842
3359
4061
84
648
8303
7746
9930
3672
5714
6100
1426
2611
2440
3849
5010
7344
1138
5765
2465
9712
5443
9824
8351
9286
4699
2099
8507
851
8930
9898
832
7867
3402
8595
7998
1496
3332
1447
6885
7621
9458
3171
3197
6207
4787
6501
8110
1400
7464
7043
7990
2509
7777
8403
5395
7104
6300
8823
4691
5404
3392
4441
840
7844
3716
6423
680
8610
394
1980
3588
1131
7048
9143
322
9746
6808
267
668
6202
394
7413
5766
7214
6575
5221
4594
1714
9937
8873
4379
7161
4939
3550
1348
1150
1130
55
5118
505
1456
6224
6641
2888
9688
8491
4477
4871
4810
2969
5431
4983
4068
3413
8789
3316
5020
6562
119
128
6964
8292
2744
4665
8069
2910
7081
5615
1707
3613
1609
2512
2122
4730
2886
4689
9949
4170
3867
6019
5618
9869
2368
9691
3952
4539
8751
5263
1658
1669
7050
4823
4540
2803
5765
61
5810
8260
1854
148
1201
9945
5640
3811
5053
1566
9158
7839
5969
2892
7518
8204
3531
8633
6382
9219
3240
1656
9013
6714
4467
8445
9665
1917
8895
1251
6405
1966
8111
799
9113
7807
1587
1473
4316
6887
4787
3498
8365
9330
6173
7226
8138
7899
8302
6408
2276
4335
6203
3370
9127
7238
9113
7161
2471
5323
7145
2852
8112
5989
4929
8913
3516
9738
2462
6026
7426
3800
3224
792
3162
5946
5962
7579
9129
4585
7898
9670
7628
7651
7760
8107
3355
9326
3039
2269
6986
3475
3658
2490
9477
7324
7696
6626
8423
3707
9742
9533
4454
1991
6777
1168
7556
5486
6559
5932
5903
8836
3269
1458
5703
8026
1891
7316
2643
3620
3765
3553
2078
2318
5740
9336
7991
2701
5086
9494
1549
56
3942
7329
7938
47
41
3837
1992
2818
7354
1925
6920
8719
5513
4800
4338
446
1042
8467
2495
8281
8015
4617
1475
209
1304
5786
8159
1070
218
2584
8208
1726
9869
6112
1930
5610
4146
232
6564
1006
2317
6067
2235
1553
881
9105
9178
2062
1722
4952
8699
7196
7147
1507
6630
5735
3777
836
312
9054
2481
6616
7705
8151
2329
54
6922
9492
8997
1909
6831
1153
4893
8126
9206
896
6759
8621
8163
2363
9601
6776
9243
9757
5966
5783
8809
8778
4389
7064
5349
8979
8158
6852
3958
133
8284
115
9108
3302
3754
3956
737
3055
8132
9457
9194
6544
6004
9897
7459
512
9399
1800
8674
6249
9839
2850
2973
1754
852
7223
6953
4347
784
4376
6398
5518
6359
2491
3024
3634
5893
7298
3324
6537
6879
3741
1574
7359
1202
7812
1877
5443
450
1740
5170
873
14
453
6721
5133
1688
5669
4780
1387
2810
6461
4652
6072
5487
3965
6053
5691
3898
8825
4988
5967
3446
2191
836
3696
9039
8199
997
2331
723
6600
5158
1325
243
1878
1002
236
6798
3169
8849
6256
8641
9733
1919
2838
2130
5311
9803
328
2547
3006
4685
1326
6563
7190
8448
7631
1814
9899
7965
9895
2151
8601
8882
4375
6555
8300
1515
9545
1750
4701
5566
8888
4109
5078
6363
1492
1414
5507
1553
7172
2311
8112
5379
9902
1519
8565
5139
1266
27
5918
6492
3723
3649
7922
2314
1810
3210
996
3873
1425
1114
1472
3787
8583
608
2317
5103
3129
2364
6401
9458
6881
7821
2088
1363
4260
9220
4193
9945
6404
3899
4312
9618
1373
9278
4072
9109
6734
6462
746
4418
9596
9291
4265
4350
5615
1512
2969
9285
3210
430
6592
9170
2157
960
8620
2122
8838
7385
7362
2568
1129
4111
8252
2341
3096
6560
6945
1901
6153
5145
5671
645
889
155
6880
5937
250
7095
7273
6494
5403
3865
5899
4866
5951
5611
1806
5841
5065
928
566
9542
1424
1369
6110
2699
9525
4845
875
7743
621
1396
1500
6720
1770
714
4431
5910
2241
3535
5299
2988
3408
7339
6095
2211
3120
164
9463
8183
5842
7567
5250
2829
7000
6563
81
147
2747
598
1676
3805
4677
7835
9370
772
7818
6791
7197
559
2614
5891
2084
4920
3031
906
4766
9059
7810
1276
1983
4222
800
5029
454
7996
1177
3474
1731
9311
1961
5726
8995
6626
3222
8888
960
9849
8397
3760
5721
1770
790
8659
3696
5108
6348
4063
8010
4108
9333
8028
7348
815
8727
7818
6761
5339
8962
157
1437
1258
7899
773
8666
7979
1611
2530
5492
9343
8190
8921
211
1703
2341
7569
3635
2788
2711
3448
4527
8060
2335
210
6063
9662
2291
1256
8747
5565
798
5334
1725
5691
5261
3818
2313
9077
2190
1423
4231
2790
1038
3586
6544
399
1161
6132
5804
6738
6096
3593
3504
4213
9637
3522
3338
5845
5726
5870
8163
7830
8980
2401
6444
2496
8367
8746
1795
1534
8112
4297
7160
7185
6253
7135
3743
2296
7859
2195
6103
7662
825
1257
9352
7720
3876
8027
6814
7574
602
1946
6765
5147
8678
3275
8572
8656
1918
8531
4031
3768
7608
1939
70
8778
5896
8608
8160
6658
7324
186
313
1591
9278
3690
8131
2471
5474
2206
4290
6300
6402
4325
696
4397
5375
1763
2003
9217
7368
6464
8889
5092
3271
3200
9441
6723
7832
5570
1604
4892
177
7114
3600
8108
8422
6892
7354
7224
8050
8301
7994
6174
9042
787
840
9247
7727
2108
8412
9079
30
1709
3269
8912
5822
5404
9536
1279
4034
4148
6652
4083
6168
6523
4865
3220
3588
8986
3165
8461
2540
2494
5736
6215
6996
7518
69
2517
4659
781
8810
6279
723
7523
226
6185
3189
4696
3027
5183
7464
3378
1966
1471
1450
5117
2815
2077
6365
4057
5569
9315
3720
2156
397
390
8208
2784
6599
6964
5264
4142
1708
2862
2665
2339
7359
3166
8083
2523
2783
8848
4600
7928
6401
4553
8889
54
6949
4272
7713
6137
8602
657
483
1449
6213
8675
9397
4409
4209
4236
3565
7073
5221
2096
8568
1239
5713
3652
7635
9899
7707
1093
5792
2586
6647
6681
4290
7951
8018
3716
117
3979
5660
1789
4806
9537
8661
3698
983
8087
852
1543
1022
4943
1229
9808
3990
2140
5832
3514
6252
9180
1113
5649
4495
3327
8640
2770
5235
9311
1320
5
432
2668
5439
2096
8117
2958
8659
917
4476
2288
7989
87
599
5534
8845
3913
5701
2648
2548
5985
9359
6420
8360
7282
3641
1861
4770
4024
7991
3898
120
6139
211
8940
330
4912
9600
5310
5507
2050
2199
9603
2028
5708
1072
1164
1143
3066
2414
3966
5478
7413
7853
6288
4740
9059
5726
6498
2269
1404
2548
1558
1356
2691
6049
2572
3911
7211
843
1943
966
6942
3869
3134
1903
8840
9237
1017
6151
9511
6016
7048
1696
6119
4699
8493
3684
2311
7694
3019
5360
7181
635
8455
9451
1884
5160
9619
9503
1166
6262
5105
6541
179
8924
2632
6872
3267
5385
2549
9487
2782
3322
9661
7860
9407
3807
3980
3057
4624
7908
8240
9426
9810
213
8916
887
8209
377
9751
4802
7242
6700
2213
7710
6332
3010
2122
3118
3110
3030
1059
2286
4698
9844
2724
4088
5835
6901
1950
9932
1614
3689
9153
8611
980
1286
8532
2724
6877
2036
3870
8950
7425
2066
8859
2797
1098
5729
2346
2379
9062
3364
8533
4619
8252
5231
4930
6528
9920
1707
8538
9379
1789
5785
3083
8253
2452
5647
8577
7338
217
4821
9888
5063
6424
6324
3855
2116
342
22
6745
3394
6875
150
379
3743
9255
9883
8103
9642
3675
7058
1359
7944
3725
2980
3139
5150
176
1293
8961
3949
1098
8030
3998
7712
909
6125
1286
6077
1853
452
3024
6562
1572
1792
4107
5377
5242
5002
9231
7406
6414
7715
6877
9622
8449
4925
7730
5048
7431
5670
2178
467
7618
8122
7662
3685
8603
3370
234
9137
5977
2592
8941
1151
1747
1270
3915
8652
2688
5558
6268
7232
8356
2508
5573
8119
1020
9052
7396
7707
9464
3180
419
742
3937
1433
1152
9478
3277
8896
4884
7397
9820
671
2747
4933
2027
6993
5581
5993
9870
9087
9635
7900
5744
5574
4592
9754
1103
1206
1312
827
5273
1114
1427
5529
7101
8984
7308
1040
9781
1484
3811
7435
1561
8787
8796
5090
7257
9985
5624
3971
3929
1512
3243
756
1679
7480
1290
7476
9750
1147
194
9339
5347
362
5045
8742
7662
7448
2192
1382
13
243
7913
4904
9714
9076
9203
9992
2619
6154
7251
4237
9264
6800
6092
3368
4840
4742
4306
3487
726
3744
586
6428
2851
7260
7877
4113
2525
9782
1973
9165
512
9
6345
5227
5535
3290
9944
2447
2452
4691
3165
8066
1804
3020
4840
2345
3787
4898
5189
6270
5760
6404
1689
2092
6385
339
1020
820
1429
6383
9600
6427
780
1474
9430
2832
5332
665
6199
5474
2532
9113
1534
9549
8000
8170
663
9299
9624
1365
5618
2593
6445
573
5066
156
4706
9880
9484
4962
3970
862
1835
1135
9129
2274
7242
8387
7484
7760
552
8568
5038
5297
566
5141
9702
8163
6062
4571
2481
5301
3783
3867
2044
3752
6564
3759
4227
8104
6334
6039
8795
5192
7233
7271
7861
4994
8076
6400
1494
331
6819
9712
5998
3564
7289
1854
5255
6703
1317
5049
2104
7302
2797
264
2912
5266
2797
4454
3926
4899
222
2328
2645
5733
6105
7494
4334
7574
8209
5105
3130
6177
5760
3579
6780
2701
5914
5979
1089
9531
5470
8056
1327
735
7277
2721
3195
2627
4579
598
1790
6023
141
5532
9053
3765
9054
1328
4445
4292
3121
2761
8200
6043
5621
4987
9561
7936
3929
8061
7594
6558
5905
4784
9659
1820
56
1111
1995
3809
6368
2932
8231
1030
510
2182
4119
373
3518
2097
73
6470
2643
5786
9035
7415
3132
4530
1018
1600
3006
6113
1352
7471
4842
4479
416
9849
4397
6809
9366
4958
2530
707
1273
3543
2394
6822
5816
5254
5406
4742
2349
2312
2697
8382
8614
7289
9229
340
1783
6518
7773
3844
8902
1047
5434
7521
2821
9647
8114
7220
4903
6311
4730
2832
1466
8348
3566
2161
9697
4558
42
8424
3787
2433
8247
9521
9276
8526
2177
8285
7602
1915
2863
6102
3366
3555
908
2128
5083
3801
6384
1026
3352
4330
9537
3914
2208
537
3157
8340
3314
1504
3265
2383
2939
71
3862
296
2579
6806
5116
385
2486
2648
2016
6921
6312
1636
6645
6352
4241
7936
3235
1070
8259
9553
8125
6558
4425
3540
6163
2556
3616
1369
6006
5853
5204
7554
7645
1213
9959
7769
6925
2071
9431
4830
6974
6604
6726
2706
1551
5872
8663
8353
2827
6842
3401
1096
4188
3836
8538
7052
2570
2802
9994
9206
8843
2540
8407
2438
1918
8102
6870
5461
8243
236
6330
493
3927
6980
6327
1494
4929
2401
7325
1196
9571
6586
8223
1903
2996
5137
9441
5434
4321
4719
2226
2801
5760
3634
7347
6248
3566
3124
8403
3020
8908
3184
756
3525
434
8034
7136
5242
2005
8845
7652
5719
5115
5147
5472
4459
8042
513
9169
6566
6446
1183
9260
5664
3806
2724
9249
3102
3437
9797
9142
9282
4952
1162
1525
8538
6398
8891
7614
3036
160
2622
2024
5641
7379
6859
2751
6352
5366
1972
8951
2451
494
1946
2139
5492
6436
7862
3518
3798
2212
224
4647
4944
9755
1461
9584
5997
5631
8762
8148
3280
747
238
6121
435
3588
6845
2952
2357
1044
4369
632
93
6302
756
8451
522
4618
8752
5410
4460
6724
4360
6014
6362
9064
6068
5125
4179
2486
5120
8640
8394
3481
3308
1281
7793
2439
1513
5574
9672
4115
7748
2804
8896
908
9100
3336
6548
6632
6165
4858
9645
867
8246
9488
3052
1828
4470
80
6819
3113
2953
374
1290
2304
6661
2139
880
5555
1873
4305
5299
3711
4078
6949
1163
9875
1030
3595
3879
8534
7465
2318
499
2873
8390
6545
3223
2614
256
5632
1542
7950
471
2757
4789
7552
7132
9802
7997
9444
3580
9389
8837
2672
1304
8307
9909
4017
7038
3200
7897
6864
1227
7272
6813
3096
4182
1395
6138
4413
6118
811
1148
5219
809
3320
6243
5213
8407
260
5591
2775
4846
3869
5899
5468
2678
9659
367
7848
5974
6573
3169
494
7789
3589
3516
271
617
6632
4782
4307
3521
2800
8102
2209
7382
1224
7309
7998
6092
4221
7187
2720
2490
2231
3125
3609
2416
8422
2
587
2613
4406
1670
484
3809
2504
1710
6893
5258
1692
2610
7913
4338
4552
8864
2253
6293
8881
4080
5371
84
2650
1163
7737
9171
5113
7915
2316
9684
5416
6258
3140
3799
7527
7577
6738
7588
2201
4006
4181
7461
4863
4458
8341
7707
4697
1590
6504
5456
8661
1249
7372
8509
1231
571
3680
8282
9305
8925
7688
9954
3865
5377
343
6778
9364
8275
2237
4016
9262
9333
7542
7202
5707
5738
5597
4600
2704
9849
1765
2297
294
264
5912
7485
1325
5898
2556
2477
5003
356
41
6576
2315
9180
7792
6092
5767
7726
5014
684
5764
8432
3090
3498
7605
7613
7159
6408
272
59
7990
8993
9637
9431
8769
7256
2300
4346
8253
4536
9371
7269
5651
5506
788
4510
9351
8706
8971
6268
151
6528
3574
4922
484
799
3851
8630
6162
1741
3357
305
8546
4929
3265
396
5546
4044
9640
4847
63
8405
5305
5443
2034
348
5774
2384
7854
5429
5179
4164
220
1985
6415
144
6299
2180
9139
1667
4806
9561
8361
7865
7260
8125
9873
2496
1527
430
5482
5936
5440
5062
5586
55
997
6769
4692
2556
7247
3731
9223
2218
5077
8323
769
8268
7248
8139
1233
2912
800
6780
9288
6715
1382
2539
8234
8358
8502
320
4727
1958
2014
2441
4925
7217
8698
3295
3634
3524
2585
9491
2477
9322
4291
8351
8096
4139
7815
9849
8339
1960
3286
3810
5867
2513
3683
8619
8905
1796
1409
7343
1554
6536
971
3124
6467
2195
4403
6598
8551
6605
4204
4258
3079
9620
479
8588
4779
9954
4563
2214
7240
4141
4287
5865
6216
4765
5507
1146
2318
7689
7237
8032
3903
4164
8155
5161
6025
633
9963
450
2916
6452
5992
5193
6134
7252
5125
6807
930
3741
4312
8028
4922
5045
1740
7113
769
6544
1954
8174
1472
9427
8305
9808
4276
3122
9374
9501
162
8543
7038
9205
8520
3452
9565
8611
8652
4792
7541
9964
120
8058
9146
2466
4833
8573
2188
6047
5625
6523
5650
8092
9645
7503
8589
3615
4020
9612
81
4818
5525
2368
1987
5976
9908
6496
8726
9485
465
9053
813
2349
643
8657
7098
7311
6173
5755
7044
1886
9426
7512
1008
2832
8731
5129
9214
9777
7777
5282
735
7438
6246
2793
8696
8290
2675
7002
3418
4872
3873
9182
425
8708
6728
8194
2431
6138
5752
9586
8727
458
6619
4274
3272
1890
3135
5159
72
7930
3224
7464
1414
4692
5474
5323
3692
5793
4102
540
9212
9579
7009
5954
1716
5782
5660
1422
6779
6266
4056
6783
5774
7414
2118
4872
462
3283
1144
2325
7056
5216
3208
8931
4141
7181
9657
420
7712
508
3908
9807
6558
8534
3414
3136
6488
3399
4915
7079
6708
1234
2167
9228
6151
5441
262
6907
5189
9730
789
5895
6989
134
5160
319
4628
3875
5667
9186
7827
7298
104
7277
8796
798
7299
4752
6605
8657
9285
6767
7697
4393
9507
9369
4671
4680
8940
64
845
4663
5427
6600
8071
9490
522
4938
9250
6188
3080
9219
8166
9135
483
4342
5394
1722
7823
6196
660
755
5732
8552
1933
9080
9949
6634
6509
7305
1325
8210
780
8215
989
2733
2285
8636
8319
4282
8852
9387
8325
3754
7067
6931
9093
1585
8816
7856
1772
2681
1844
4972
9196
1454
6687
4183
4175
8442
2092
7451
9435
7751
7940
8638
6769
5691
333
1691
3881
2325
4382
7499
3129
6619
9285
5752
5192
837
2960
6048
4200
5407
2864
1069
6975
4870
1902
7922
605
9144
3851
1224
2176
7497
3764
6991
8230
2595
3560
2110
9331
5994
441
9030
7733
4152
7304
2903
2863
9642
7897
1191
7278
8267
9980
6025
5037
8183
4667
2805
1299
5840
1843
5771
571
6829
8744
5011
7588
7748
9331
8447
1230
1485
7980
6317
9673
6958
1120
6741
8866
2461
6773
5395
4629
7895
2666
1386
5709
7746
9754
6216
8914
6394
3388
4270
2534
6864
9181
6058
7863
4165
1094
619
811
8835
3652
1111
8748
7694
2157
2640
3885
4213
2252
9288
1326
5510
6592
3381
5686
1061
5525
2096
4102
5783
5576
3363
3978
1631
4815
691
1721
38
4392
6596
6064
159
1252
3029
3859
2662
5500
2681
1751
5101
354
8397
1951
703
6837
3169
540
2576
2806
9970
6356
9342
9782
6421
9232
7749
6638
9184
3911
3872
6310
8321
7322
9131
8359
4771
9527
1645
9345
2210
1964
549
8234
6865
1902
938
8117
4542
2848
5382
4126
782
6942
3256
818
8837
1505
7591
4381
4385
257
7730
3355
1247
7635
8904
7890
2738
489
1064
5835
4162
7898
4345
4702
8647
7627
6044
2032
9699
299
9244
5072
6194
6743
8742
7088
9010
7726
6892
2912
4192
4422
3059
2798
1299
6689
8623
7272
4679
1978
8102
3706
266
3501
7400
7923
6660
2278
7003
6761
1203
4571
70
4460
4794
7016
4417
437
1294
4195
4630
1537
2473
4031
7011
9162
3097
7994
5254
3879
4721
9906
6744
7575
7039
266
7471
8579
8651
1218
5754
3855
8695
1490
2725
7
8028
7014
5153
9193
375
4345
6035
4666
8841
3503
9855
2033
200
9587
2615
3434
4294
14
4130
1721
9303
7287
1199
9316
9505
5020
3285
2157
1052
3160
9340
5660
5012
4407
9726
3909
335
7489
9357
5434
6774
5447
2659
9927
1652
8434
4011
8215
5275
3457
4800
5557
2291
5711
4282
9912
9539
6536
1455
9513
4468
1978
9451
9711
1356
2256
5556
5615
1275
5368
6376
9680
1070
8776
7029
7495
879
7862
8481
5369
2680
2665
8277
2574
8967
7217
8719
7785
29
2442
1108
2750
1862
8089
7922
67
6103
1687
679
2310
5597
4271
9890
3759
576
3980
906
5205
5734
6256
8322
5236
4522
8163
1229
3625
3228
1967
5964
7369
7544
131
9115
1630
7774
6550
4932
3199
208
9123
17
1189
8216
2763
5210
6329
8997
6207
3365
3317
5011
1786
5478
6693
6199
1502
3728
9644
3827
9664
6
583
2308
2205
4319
99
5654
3550
1755
4181
7942
5314
2745
9883
6530
9956
9139
5705
4290
4038
777
3015
9903
6264
518
4622
5795
3056
7897
7455
4560
1172
7759
1475
8006
9796
2653
2806
4292
1032
5357
6063
7109
7346
9753
2343
4832
8830
793
401
6267
5252
4680
3719
4179
2659
6288
935
4510
5245
2571
9905
1686
9683
6208
5921
3293
8829
4293
2903
4043
4969
1776
6062
3902
2374
3764
6151
889
6759
6164
4121
4740
5664
8056
795
5736
5389
5360
8494
2438
3309
1007
9255
1212
1859
2370
133
5691
512
4344
9834
4946
7245
2195
2265
1296
7085
2460
1907
8942
4614
376
2134
1084
9491
7328
39
4930
1237
7731
7354
182
2288
712
2948
9962
2593
5982
546
1750
6623
4444
737
6754
7054
6895
2794
3890
885
7529
1666
5412
9403
6855
3431
9663
7972
7088
9024
7132
2541
621
1862
8973
6813
8333
5159
5505
1078
50
9163
9983
3576
4075
1929
4371
5371
9960
7505
4416
6461
6341
3519
9751
8258
1953
2130
6541
7087
6084
2413
4361
2687
2743
7117
7408
6750
8712
7807
2219
5793
9859
3367
8903
7838
3210
186
3131
9131
8491
1375
8623
2703
6581
4810
9406
6512
1838
565
3127
6055
4530
3754
7065
457
7024
3716
9773
8672
6968
9761
5008
9514
9979
832
4655
289
9707
5124
2640
821
4301
541
6501
650
9965
9953
2161
8503
2958
8306
6860
3834
5704
5053
4833
4664
4509
9135
9767
5614
9224
9244
8871
2507
1996
1672
2961
3650
2327
2448
6422
6490
927
224
2358
7593
7040
6591
3144
8804
8353
8215
2524
4372
9842
7535
6687
8808
1664
1299
4729
9160
8954
1193
5742
4653
282
5497
6141
9784
5308
8517
9177
9583
6539
838
3821
3245
715
3789
1998
8
5372
627
3523
3159
6167
1396
4223
2374
6584
4227
7029
4047
9640
9585
4441
5196
5566
2421
7589
5099
1865
1911
9360
958
3974
326
4227
10000
6158
1082
8096
9357
2058
164
5800
662
964
3662
2010
665
7697
3659
7336
9310
2469
67
6424
9291
2138
9803
4527
855
1071
6709
6710
6536
9672
1045
511
8403
8705
2284
4380
1816
7473
3537
4587
39
6220
1508
6756
7600
3224
1265
4421
6407
3574
5953
9158
7851
1266
8247
914
5381
9046
7627
9088
567
9542
2586
4448
1841
7917
5233
4091
4068
6373
9513
9952
8667
3395
9363
5553
4923
5046
2493
988
6332
2132
8958
1425
4712
7545
218
9724
6050
6038
5079
2440
4856
9470
7913
3971
2517
4806
2952
879
4031
8930
9756
3295
9353
5247
594
2207
9892
7318
3939
7980
1725
8141
4019
839
5758
1634
6354
6360
2435
9648
2145
9512
7810
7391
1577
6228
4509
2244
7617
7898
3144
421
5106
9055
3897
6275
5852
3185
8609
7775
1122
2545
6945
1044
3571
3345
6159
1113
8499
365
3976
5364
9845
2330
8815
3669
6274
5880
6201
454
3556
4013
8699
8031
9814
8767
4042
1864
5583
2968
1149
3439
6976
4207
2063
4035
2978
3492
5241
8612
399
6983
1788
1522
955
6307
981
4453
9758
9251
6285
2945
7308
2248
5755
3944
3282
2178
4941
3197
710
5543
2004
384
3505
9403
7915
8722
7724
3763
5056
6168
6059
3847
2121
9818
6836
1580
2095
6892
8380
6990
8326
8675
3829
3713
8324
4990
3644
9265
7961
1141
8188
3541
7163
7307
7549
654
3231
5181
7114
170
3398
4446
7968
1335
5957
849
2266
357
6019
6406
6856
6525
5110
7112
8238
4292
6556
9396
7390
2885
8975
709
8528
4439
3096
1594
9382
49
8648
1461
6571
782
7461
5510
7778
1562
5104
1872
1624
707
9802
2743
8160
9304
8029
5810
6574
7635
667
9489
3120
4699
1709
2268
6953
4255
3256
90
9865
1856
4937
4677
6455
3795
9152
7877
5894
6709
1469
4649
457
5729
6268
8831
3312
6361
5679
1299
7004
1539
2478
1915
9150
7361
3798
2488
3932
4262
2518
7452
8179
2172
2326
4567
7390
9586
4010
7140
7933
639
1482
9698
7746
5835
7056
3815
8746
8292
2177
5028
9973
6134
1058
3194
8696
290
2524
9830
6822
4551
9854
4814
3326
9696
8473
6628
2882
1276
3107
3825
3653
3245
6595
1967
8027
4296
4796
8679
9085
5017
4865
4684
8917
8892
4664
9042
9585
2060
3343
680
8668
9589
9216
8823
1801
7438
4251
5948
7502
5852
2654
2466
4780
9442
9656
5876
4926
5565
1523
473
1426
5824
9994
4309
4942
6503
6802
8650
8303
1686
1256
5929
2442
2680
9972
1249
560
4768
4910
754
2496
4589
2511
5288
959
1372
4804
5859
4109
1286
9112
7185
887
1992
6223
3484
4833
3645
9698
1233
3711
2009
5304
62
4731
9505
3978
4914
3252
6049
5030
694
3872
4213
7981
6253
1155
9061
4171
2814
6640
2335
2460
5680
1965
1859
4436
6291
7893
7465
9564
6543
258
7941
3120
3495
8908
240
1099
3620
4067
4293
2288
664
3284
4274
3750
3556
6084
8392
3960
8354
3909
2071
2768
5258
4096
8271
5147
4301
7960
3498
1316
7882
2511
5244
8866
1986
7579
1386
6548
260
2907
3874
8441
4166
1270
4310
7970
3711
864
9124
3031
986
2760
8040
3746
216
4927
4548
396
2769
1327
1518
4562
6668
6878
2756
9022
7474
1499
8646
6238
6474
1416
2575
5117
4576
5720
4580
6608
6277
4605
1829
1117
1596
9410
3844
9165
6369
7278
5574
3219
6048
9547
7035
6481
8319
4383
2149
2110
8943
647
8062
1811
7966
2529
5463
8387
902
6534
3129
9454
4687
6286
9562
7094
5616
8424
6327
7037
6568
7066
8492
4614
7768
7874
8681
9420
2535
5340
7707
7093
1686
9779
2634
6877
8958
3427
3720
3260
9573
9680
8680
9047
1074
6553
9590
281
5363
5437
5960
1149
3317
2421
6016
9181
8959
3801
8204
6455
3119
447
2850
5545
8851
8297
530
4927
5148
3420
1787
9913
6188
4511
5848
2068
4590
1484
3182
2567
4336
9886
5044
5335
5445
8707
4008
9082
3764
5033
9967
6974
6003
3577
3995
6901
9855
8322
2693
1234
783
5017
744
5890
7911
5840
110
9114
3309
155
9103
7895
8399
6929
7171
6627
9753
3681
4827
7737
6022
2974
5844
9930
4646
4666
1844
7313
1747
4568
6059
9167
7028
6541
8723
4954
7789
2634
9076
7531
3328
2284
7036
517
7852
2401
7470
6466
4892
2482
1361
1090
788
3380
3252
8476
1682
6908
736
3834
8141
8556
3883
2740
493
9269
5344
5944
7139
4545
399
4077
2371
6988
3437
1282
5472
1041
3898
327
1022
4185
7107
8112
955
52
7285
9669
6421
469
8289
7393
4521
9508
2188
9389
900
9001
8416
817
2776
7440
9140
8411
5463
8259
2011
9279
365
2838
4278
8697
44
9117
39
8085
2541
6551
2924
1279
766
5782
4774
6246
6195
9799
1594
5377
9026
2825
7255
4561
5705
4958
7164
224
4869
7653
2739
5100
3088
3920
4970
4500
4833
1770
1127
7500
3930
9926
8917
2163
7150
2765
1382
7774
1579
1788
4718
3108
6501
8094
9073
9020
3128
6615
4124
7393
5271
1052
5066
6876
9058
7369
7096
8572
8461
2368
8640
6054
7696
2644
6623
5865
652
7338
972
3796
4249
710
3729
5216
6131
5197
9717
2577
356
785
5768
6930
8521
4654
2703
6853
361
5614
9104
1300
3367
3874
477
7815
1005
3450
6075
9316
1352
1582
3157
9758
7711
8603
3681
7853
919
5220
7957
9204
3364
9968
6797
1295
6533
3373
5097
2418
9340
3200
7444
9867
3754
4968
597
8191
6155
961
683
9025
638
4017
958
8532
44
565
8280
2079
8981
293
3335
3946
9414
6927
7522
4764
9775
7198
1411
1497
9946
2758
3156
8742
3081
6244
1679
9968
1840
3490
7849
9698
5870
4238
3565
2903
3043
2581
9465
2938
5601
7007
1154
634
2951
1533
3236
3276
926
1565
7462
5114
5532
757
6366
1330
650
8682
469
8760
2450
9224
3725
9220
6045
5448
4839
6698
3986
3633
7986
745
831
7018
4635
3600
4020
24
6788
3414
1521
1193
2856
1506
2854
6102
5458
2561
8771
5009
7861
3071
1938
79
9412
6701
6766
6874
993
6545
4267
7691
617
3981
6516
2878
1776
4069
8774
2629
2322
3983
6294
5870
5792
4023
5145
5535
6331
29
8225
2805
4925
1320
1071
1859
1164
4304
9746
2827
7317
5573
963
4310
322
9010
5627
7673
5450
6370
710
7817
3761
6759
1126
8580
1332
1435
9387
2768
8520
6568
9556
7317
6210
105
7242
4096
7954
4576
9507
7432
768
2405
5
4457
7449
6558
306
3410
3164
3890
3175
8989
8025
1573
6611
5794
7857
9815
9002
2905
3771
6362
3335
5129
8527
6924
2209
4969
4284
5864
5445
3369
8104
1135
2571
1597
865
7057
8789
5054
3166
5121
8350
1286
9424
5381
7024
5869
8310
2877
2089
580
9445
8531
4994
4801
4179
7579
4484
7745
5368
1537
2926
8667
1842
8829
3761
5202
1414
1812
3204
6049
1816
9509
2083
9119
3401
7118
7087
4891
936
1000
7985
34
717
7605
3432
5173
8164
7120
5903
188
5051
1664
8418
6303
5975
1541
671
1484
6921
9867
6917
6268
8704
7105
4494
8962
8369
1284
7956
6679
2276
4370
6814
1698
5853
7373
1087
8966
9298
2111
3267
3739
2930
9147
7133
5573
9424
528
9679
1915
7059
1540
777
2310
7997
7173
368
9708
9536
4812
4914
7037
500
1367
552
2055
8811
6227
8297
7387
9610
1637
6935
4488
7617
3878
7104
8014
5518
6590
4841
1673
7066
3363
692
9656
9672
6073
7924
7829
1043
2399
1065
8689
5118
4341
7371
1255
4980
1054
8665
7733
6589
8199
5469
9398
5166
9304
6764
9488
8347
9292
1197
6137
5856
6194
1767
6030
5740
1885
7996
9883
3174
1925
344
9739
2552
7209
414
1165
3506
7791
8714
2482
9405
2438
7036
407
8911
5190
4528
1226
6965
2356
1002
314
3567
8099
1777
6501
4998
8203
8811
8134
2062
2177
45
3023
5729
2471
8275
888
8993
5386
8329
3728
6065
5150
5606
2448
3269
8848
3324
1732
8218
6227
5530
2369
1372
1817
1187
5372
708
9163
1458
6895
3532
7217
7446
1921
474
8357
2866
7520
8975
5580
2457
7851
1805
5351
1823
40
2121
5444
3822
8908
8003
6170
4933
6224
4570
9282
3052
1476
1342
9171
5892
6013
5341
4703
9661
7364
4197
1591
4723
4216
5376
9891
1321
9566
6195
8217
2503
2354
6106
2018
2307
6039
4292
3638
8005
8305
5006
9231
7618
1125
5916
8751
5947
9029
459
9064
2607
6462
6144
9377
8677
1074
8327
7997
5772
1749
6
507
7262
4005
8595
7729
6526
6675
7394
2268
8403
6687
3744
1428
7712
5651
2250
3111
9392
7111
9117
6953
1684
4471
6367
5856
8929
7814
6199
4861
9542
4951
1650
2068
4239
3729
3404
3659
5606
7875
2589
854
410
7331
5279
772
867
8488
3454
7929
8333
8580
3397
6748
7087
3705
5397
1296
5177
3013
9339
2746
8276
571
1140
7438
8000
8155
8428
9711
8425
2499
5961
1977
5709
4886
8185
6612
9660
7014
658
943
3563
4025
283
8867
3641
5900
1032
6969
1926
4046
7503
2862
714
803
4415
4020
1390
4744
4202
7359
3179
7879
982
2982
7232
7314
3378
6186
7175
7225
1834
2513
9880
7224
1926
3717
6520
7600
7664
429
8824
6977
9039
2793
3296
5914
82
6087
7256
566
628
5663
1838
9575
9738
8228
660
9285
8498
3073
2146
5945
2463
2029
7909
2668
8488
79
5065
8177
5935
8079
9089
9846
4478
4057
5277
4720
1320
3090
4730
177
6699
9905
2862
7520
1242
673
8547
8338
8951
8706
6902
9472
1895
4737
5375
4929
2395
4368
9892
289
1308
6253
9772
9317
6415
1814
2905
5626
2918
7005
9793
5295
5593
2741
5650
2828
2898
5242
6399
8483
3469
431
7404
4280
8598
8218
558
2381
6338
2858
100
6655
6309
1034
7120
3953
6678
9951
6249
9655
7570
6235
6859
4068
6889
590
3509
4550
75
4426
1405
9219
9630
5544
6580
8323
9634
6899
4771
3356
9623
5474
9174
5355
4807
5485
3491
3351
8860
3387
4105
6993
534
8973
6555
8560
7820
8044
153
2064
8031
3035
2463
7994
2114
143
2112
18
5141
8344
9497
9417
937
5171
8386
2496
3445
3860
3995
7472
9912
9426
732
8277
3803
7874
8957
462
1287
5999
4036
5456
3950
355
7303
2019
9868
1457
6897
5745
9776
9117
8692
9130
6618
6704
2901
7885
1326
6578
1635
2570
364
8295
4082
1669
9933
7457
1350
9488
7390
6879
3758
1100
6625
2395
6241
8280
8642
129
7817
421
3482
5594
8467
2749
9022
9304
9049
6119
2127
7086
7766
9940
7099
9858
892
5001
4813
2012
1186
6008
1638
127
2287
185
7190
5350
4039
2394
3135
2322
7029
7850
5519
9560
6992
7822
3042
5221
6294
698
4291
3949
6757
9067
2145
7118
8317
46
3109
4908
5344
296
1663
6552
2635
2917
4842
3202
8156
5683
9241
7335
4150
8443
9594
3986
7461
2717
9505
3451
6351
8788
5327
4526
9648
9532
5014
5153
7094
5755
5206
2518
2526
7865
6880
9892
8770
345
1012
2032
511
2499
1154
6420
3349
622
988
1263
4296
9717
2860
9780
6228
8029
4738
7117
7726
1946
9954
2494
5697
477
5443
3081
3710
4982
6406
2379
2014
5739
6294
8522
3869
4682
9009
648
5781
4091
5672
8811
2094
7647
6970
4883
9056
6931
25
6710
2813
5978
9293
9382
7716
3305
9581
7212
2298
3504
5304
3385
9800
8194
6329
9324
9601
9657
1351
5979
9688
5229
7170
2912
9510
8193
5023
9065
7640
6145
9124
3282
9834
8989
2523
546
2922
6695
9732
773
7268
7143
6777
302
5355
1322
2461
649
1425
5010
7278
8785
8139
1779
4144
1262
4690
4287
2248
4391
9147
7894
1147
7264
6165
2199
9850
956
9260
8855
3603
5541
8327
4112
9267
5474
5299
9232
3229
6832
1122
1797
4655
5601
3963
9994
343
1327
885
3844
7235
5041
6102
3465
6954
9106
6626
4546
8074
2115
4349
1825
6381
7657
8451
481
9689
6952
477
3247
6610
8050
9438
6128
6026
6686
9687
4443
9176
109
8268
2310
4219
4166
8042
3634
8861
2726
7306
6972
6538
632
7244
1738
4281
1972
4055
4061
5569
9775
516
678
9430
4619
296
7150
5794
1858
4234
7865
7674
4849
6560
228
7886
1851
6350
2460
8869
9106
8691
3837
479
5887
8343
2681
7009
7131
5652
4440
3908
8189
9330
7583
6358
1824
63
5434
3385
6826
8932
5090
3506
7158
3520
6343
2876
8876
1909
3194
5440
3034
5248
4644
579
3628
7854
7903
3064
6280
6786
9451
9484
6964
2952
8957
8169
144
5484
7007
3224
83
9612
6453
4596
2002
2403
850
2664
3240
8376
265
6967
3081
4201
3987
8188
3342
617
1611
9522
9174
9359
8158
2395
4018
8496
1874
3739
5120
3395
4835
6743
1821
6255
3730
9437
7551
1045
9836
2077
4607
7078
7644
7875
978
1296
2009
3462
2532
5529
9035
8038
8038
5544
76
364
3071
1310
5823
7662
5849
7929
7582
7756
8983
5520
4040
7414
4530
315
7466
7089
605
2380
4448
9032
6898
2648
394
7379
8989
2129
15
2498
3182
2808
306
3838
5618
5830
1896
3593
1541
1282
2792
1678
5569
4095
6120
8488
7460
385
291
4041
5991
8383
5710
1747
9576
9161
1348
5268
9173
4453
1498
6385
6159
3971
7141
944
4388
4515
7505
1612
1809
4069
2517
2662
2878
2932
6829
4960
275
9020
863
5949
3484
7660
262
6825
2325
3996
8225
4317
2158
4757
680
1916
2455
313
5299
3427
4441
9701
8447
9274
5491
4961
2149
1582
6196
3255
9009
5268
5646
418
7164
1840
7036
339
6546
6773
3230
4325
3027
9488
2336
4908
5740
8614
7639
9091
1572
1110
5751
8652
484
2373
680
5876
2139
5224
3195
6742
1653
2890
3543
6561
6492
4104
935
5471
978
4897
7978
9463
2082
519
1574
4410
4853
2397
5413
7875
3546
6246
9323
1997
3230
1286
3816
1787
9105
5620
8435
2725
2083
7850
7067
4744
8796
3123
4832
3599
305
8701
6435
7498
2753
2919
6548
7027
6375
3744
7484
9829
3517
2613
6138
7747
5482
8743
4561
9067
2342
2733
3667
3276
6105
2385
2941
8663
1608
1218
6405
347
6681
7676
4189
1913
6388
3292
7645
1029
397
5115
6302
5602
3473
6789
6702
5909
1151
2990
3445
6639
8292
6383
7589
3216
9273
8088
477
5451
1084
7197
1698
9192
1780
4870
5114
8205
1799
6497
7510
867
4039
7333
1694
6585
4902
4223
1979
2361
4307
2457
9534
571
3232
8465
7002
4373
8423
4419
6355
8774
599
5266
6778
4586
783
7831
7479
5358
8462
8465
911
508
2652
7402
1286
3806
2592
9431
8789
1690
492
4648
1922
3705
3748
6801
7906
2208
1174
3486
8606
7340
4216
1471
3051
1721
2678
324
6272
333
9634
5719
5556
896
2186
6962
6858
7419
1493
1954
2521
5439
5158
6046
5439
8319
5135
7738
9674
9821
2392
4572
3229
1191
2791
9358
3306
4768
4054
2438
3759
6556
610
9440
7728
4988
2615
7011
4363
571
1758
2410
8840
4557
211
2480
7343
6603
1086
1600
1939
6040
4451
4811
2980
2960
831
3488
9882
1251
5855
7616
8669
4022
7712
2088
3423
272
2952
6370
5897
5766
6530
108
2005
9933
8405
4483
8161
1445
1709
527
4325
171
742
6522
6441
8808
9737
3388
507
4605
742
6974
3760
7983
1458
576
5196
1881
9197
9272
5990
5093
8025
9265
1626
28
4333
9639
2707
8765
6360
7730
7801
5739
5690
8979
3567
8988
8612
377
8774
5663
6832
8072
1974
4645
2207
280
4893
187
2127
649
6082
4335
5789
6727
3843
7334
7199
9538
3932
8458
2460
4455
8844
5202
5027
8044
2928
3315
1916
1582
6166
8977
2431
594
6079
509
7645
8978
8832
1743
2408
4767
5132
3810
6124
6670
7265
6009
5312
158
8633
138
9407
3770
4946
7079
5562
4112
2295
7527
527
9637
9949
3748
8834
5138
5346
4624
4184
6667
3069
7810
8494
1457
4870
2272
1659
1851
8648
8843
8410
6373
4462
647
2330
2288
3459
5323
4519
2162
6343
611
6737
1325
2377
7112
9837
7315
412
5518
2792
9609
9786
1385
1889
4060
1810
7006
3354
9437
3233
9025
9248
1351
6555
2384
9039
8256
4956
5513
9950
5529
473
8827
4817
62
6752
1789
9297
8853
7476
5000
3378
1338
2203
6003
2973
5383
9436
7210
9703
947
3832
3716
6669
8340
6459
2657
979
4091
2099
3479
5904
749
7685
91
4124
7
9600
3474
7735
6106
1690
2294
5419
1094
5267
2338
9260
8933
6557
1202
7060
9728
300
1655
3043
4795
1642
2371
2410
9438
264
9298
1898
3868
2884
2895
2981
3198
1093
6739
1723
7603
5174
4739
8889
5263
8645
3777
7619
6309
4817
3590
4911
2294
3235
5817
964
6014
4299
7005
6348
4937
5105
2487
4359
6048
9277
5954
5183
3927
5834
633
952
8929
2113
2402
4469
5394
7993
3446
9682
1761
3465
716
1346
4847
9196
3564
7025
4534
4854
5198
402
9859
4472
8691
5163
9435
898
681
3466
8103
7001
8048
9967
4377
191
1698
3954
3665
157
7587
9288
6913
7932
4929
6365
26
2673
1060
7906
7179
6052
5357
1721
6813
9556
2896
4070
9320
5733
2046
5569
9391
1194
7941
3202
4609
3832
2333
1990
4996
2941
5076
8880
3709
8560
146
8942
5772
4443
1314
7139
9549
2990
7907
8141
6758
8472
6619
2926
114
8802
5618
4004
2172
8884
3324
4543
3987
9841
2168
623
7622
2052
6607
60
5384
2942
2721
3191
6128
7425
2909
109
4666
4161
4897
6363
1870
2686
2532
4869
9545
7704
6393
8900
8901
1252
842
4152
5716
2436
1349
7522
9747
5773
9057
630
3601
8537
5560
6493
5390
5454
4720
7012
3572
3202
9165
9813
2996
8736
9223
4420
1868
1684
7066
3283
2051
9938
9839
4400
6338
5504
2001
8704
4751
1316
852
7184
4486
1282
9617
3986
5851
9363
2700
2332
2771
317
6900
8337
8564
2906
8765
8171
1655
3949
6574
5187
446
1635
7968
1229
354
4858
6916
3236
4465
3461
3064
2053
7549
2911
4400
9467
7638
824
3286
8847
1029
6716
1985
9857
4458
2719
8901
931
447
2160
7995
705
6135
845
9182
6047
3819
7926
893
2176
9222
7098
5386
9420
1255
3399
1108
3681
8601
9333
5020
9029
2750
7742
9537
5728
5092
2265
1149
8864
8257
7730
454
2964
2607
7547
3085
8704
2661
9163
5455
9515
6715
5347
7376
7116
7688
5737
117
2447
1069
6438
1983
9601
5072
89
4125
7836
372
570
8353
7839
7128
1016
7049
7271
2373
1564
4729
3821
2522
6664
6215
8043
27
9611
4749
7302
1662
1189
1855
6396
1115
6200
9027
2988
286
5084
7230
2747
1396
3045
4134
536
4577
7397
4138
5326
9704
4259
5655
899
9034
1925
1130
4954
8557
6085
5253
9544
6833
9408
4737
6381
8723
8969
6158
6274
2247
8395
1533
7475
8605
9331
2864
1604
8410
3181
3573
3684
9110
7038
621
1494
8503
7794
6032
5441
8861
5113
9701
850
9124
8772
5083
5198
3889
8263
5203
601
5189
9062
8249
405
4643
1973
1699
3681
533
7221
460
98
5785
7312
6183
4444
3808
252
8228
2619
4945
9260
1718
1851
8112
4929
3319
6619
5907
169
2429
6844
3991
466
3533
1170
124
5829
5720
7422
5181
9215
5645
613
9919
3625
242
9489
2789
4821
2219
8641
8516
5757
3331
3956
163
7998
7222
6124
5382
2402
1829
5244
531
8800
5406
4017
247
6756
122
8045
199
6279
925
5756
2902
1381
5461
4959
6200
5054
1582
8661
3474
6328
8558
1856
6806
684
5917
7565
7390
683
6331
1882
4880
2145
7361
2069
1793
2319
198
6127
160
9536
9506
7964
8977
7055
5329
1191
4747
524
5264
1734
321
9498
6041
4271
4098
6180
9353
9520
555
7441
3701
5551
5926
6610
1468
1559
5811
7428
9534
365
1431
5929
114
1877
8182
9413
7349
4161
3072
9620
4386
6441
6391
8740
503
2139
4959
8679
7875
6761
6144
7886
1830
2806
5806
670
3563
8261
5626
7997
6926
326
2160
958
825
8601
349
2698
1928
9340
9032
4837
640
7477
5293
1279
1891
7403
6220
2338
2580
5432
6470
9676
4270
1462
7036
1546
9991
4417
9510
9288
9618
709
8769
8916
1753
1970
1949
3452
4522
9542
5122
2979
6827
7582
2604
1384
3673
3170
754
3144
9775
7381
3425
7982
5060
672
6443
479
1987
9000
686
7457
3361
8650
735
8288
2075
6921
9176
7450
7617
1169
1266
6671
6470
5089
2310
9738
7101
2967
6288
8941
3675
2497
3397
7713
6109
8836
7980
8507
4571
3552
4554
5311
7124
9394
6397
3062
7074
9302
5768
3856
4180
8735
982
6812
5937
264
8741
2935
3945
4518
1454
6499
8321
4972
3946
1493
1254
1166
2739
1287
7014
6240
1333
5704
746
722
7958
3754
9665
6291
1919
29
5469
6121
1774
3980
347
2899
3263
8129
8890
7849
7425
109
163
7671
5994
8402
9450
3853
381
8100
6306
1615
4401
5316
8000
2408
6421
5879
2151
7592
9663
6401
3510
6262
5436
5786
750
9792
4693
4326
6497
2373
1533
6254
2011
8408
3171
3941
4896
6701
1161
746
3866
9011
4783
3202
7657
3830
9483
5739
3824
4119
8437
2229
708
4883
4443
9312
8210
420
1743
8782
5001
2275
4425
4975
6149
9614
923
4322
6187
1240
3489
7768
3855
2462
3307
4643
4578
836
7684
6703
3268
9602
2344
8234
5875
6349
1325
2673
9737
1843
3843
2598
1363
5608
7977
4592
6086
3941
7871
1483
2242
2820
1808
8459
6480
2315
7668
1756
7289
8330
4151
388
3998
7502
2419
7920
5391
9193
8996
3433
9319
5653
8284
7728
9643
49
4981
2761
366
4611
3999
3976
6722
1830
5720
1323
4713
4162
4130
666
8250
4525
2599
8202
5476
6058
1913
5269
6860
8279
6319
8995
1153
9800
5815
2239
6604
2855
1530
3502
1830
3421
761
6926
5841
4800
2090
5405
4402
8573
582
1089
6117
7431
7884
3164
4484
5421
6189
2642
5894
130
424
6312
9251
5315
8018
2172
1389
4493
171
553
1155
9972
4331
180
5041
6889
7710
9158
2185
350
2052
7798
8158
4180
4624
9035
6253
2527
6377
5513
3276
1017
3195
373
8104
3166
9740
5743
6589
252
3469
7260
4973
4718
9742
3187
6546
4244
2718
4895
2953
6896
7348
5394
5928
4759
9768
1992
4213
5568
7907
8507
893
3635
1518
65
6527
1709
4321
5768
3547
479
9603
2986
5617
6220
6712
7088
4336
3675
5115
6338
379
6605
8202
7176
8121
5754
2809
1982
5153
1237
9149
5830
8502
4698
1891
5482
9748
7972
3678
6369
9463
2859
950
3489
6517
5791
3544
1958
2937
7117
3411
6568
8263
1218
194
1076
334
1789
723
1483
8302
7917
7895
7
2392
4340
9972
7960
1894
3248
7577
9829
7377
8795
3592
9647
9777
4636
6778
2830
5722
4861
915
2101
3095
886
1377
3534
5777
1509
7069
6111
621
1493
2704
5199
5189
637
4156
1199
620
8640
9598
6058
7070
9985
1433
7783
6030
240
1802
2154
2432
3405
9009
9863
5652
5652
8427
9511
6545
1186
266
9763
469
3859
1031
4357
7990
4708
6890
5519
416
918
3312
6567
5345
9496
9022
8727
3367
6104
2916
9325
2975
6734
371
7490
4365
9440
8025
3516
3806
6223
9294
7246
5175
5653
4578
3316
2851
8773
9151
5153
6786
4089
9613
2117
886
1774
3207
5369
2065
7887
5920
8333
8969
3772
6833
4819
9666
6639
444
8041
6339
9431
336
3999
5288
9374
5888
1464
9468
4535
3375
8513
4952
5701
2177
2173
2000
166
335
6202
9318
7083
653
1967
1256
1588
1199
9062
1764
8920
8467
6671
2176
3083
8978
7901
9086
4520
6251
2413
9641
9980
7247
3478
6769
8367
390
7947
6385
2255
3774
406
1138
165
3770
4883
8410
4681
2358
3558
9815
3606
4142
7919
874
4536
4544
345
924
9658
5302
3946
877
3789
9635
5395
8052
3296
9143
3493
2968
6786
996
923
3973
8487
2460
6311
3954
1526
786
2410
8742
9644
6901
6132
3878
5077
5277
3913
7871
4466
5827
7203
6529
5618
2116
30
9213
7493
337
902
5281
8077
7217
380
2282
7891
410
8123
5297
3224
3119
2245
6280
763
5058
827
4472
9649
2459
3473
9467
4081
8096
8996
8957
2907
8294
5225
7104
4618
3882
7985
6705
7794
6956
1951
5354
8980
1365
3631
8707
797
9140
3949
3442
8838
6579
2829
4449
9655
5323
1366
147
2288
5965
3231
930
2406
8458
9587
7592
6500
4201
7018
1975
9196
1427
1735
9388
4792
7395
8799
8079
6062
528
6682
4982
4526
9912
4396
972
6293
7279
5502
8211
5531
1216
7943
3740
1429
9226
1336
9110
2906
4681
6948
4133
1951
5468
2152
4100
9044
7340
4238
7496
5753
6840
1418
1274
334
8503
1223
6863
2856
9785
1319
7317
5738
8997
4014
3512
8624
5695
8873
8509
5188
7225
5470
7735
8827
8063
4181
3553
5516
2116
500
7633
2416
2840
6483
8606
927
8318
2790
3245
8844
3326
1067
824
8844
6543
9976
3914
8444
3418
9502
1218
9695
6605
6844
2491
4135
5001
1228
924
6878
6311
8352
3266
5542
7230
4485
5709
8602
2551
1296
6262
2543
5936
3826
4369
7323
9455
2773
1249
6143
5363
1433
6453
2988
357
7550
7437
3362
4235
2789
3595
3128
22
4693
4803
306
389
8799
1598
9586
9163
4070
7237
9464
8061
2216
9853
6740
9273
254
6284
7912
5348
9460
7103
3937
9087
9209
4852
3010
7993
2846
8000
2875
7709
9524
9230
5168
6285
4888
3437
3817
2756
2758
7251
9456
676
7948
6886
5229
2933
9107
9651
5147
6748
5764
9882
2516
6452
1495
8067
3078
1786
2388
8578
3320
5273
5091
8455
7102
7322
9682
5958
3565
2881
6985
7178
1337
5902
8316
1481
9277
8412
3424
8559
7702
5490
3578
1061
3782
2769
8847
2019
2720
2681
1501
6285
8159
7496
7767
8962
5731
6002
4477
5853
8326
3140
1248
4206
2955
9193
1178
7881
3608
433
5819
3450
2603
7753
5763
7230
7345
2876
4353
3436
2900
8861
6457
5750
7720
5869
5431
1951
7749
4380
7418
256
6065
1439
8072
6943
125
6060
208
1556
1842
1892
3204
8518
3871
2382
1052
8362
8855
6861
3181
991
8346
2319
4247
5382
4693
9422
9635
244
3813
3124
9472
8980
9165
9857
8372
5487
880
2203
9024
4902
3938
5079
6199
5212
2625
8258
8142
3417
8220
6032
8345
2839
2948
2199
7766
1079
7400
5427
7558
7150
4525
2573
9901
6080
971
8287
141
9710
3903
5944
7995
6135
6330
499
5566
1520
5309
3611
8808
8371
443
1057
5819
2620
2861
2311
5379
3385
456
5499
1186
9824
9844
2360
3895
5286
2594
1362
651
1797
9899
2816
700
753
8123
9659
3262
6134
5348
9085
3855
6620
5455
7387
4139
670
2399
4177
9542
7983
245
7689
8067
9482
1490
7578
7650
1186
9418
7113
1629
1841
313
9153
7553
1106
9914
8033
627
5086
9403
6173
640
5884
477
3720
2285
9494
5074
5709
4052
2782
9401
8606
583
6425
2172
6342
2801
380
9532
3332
4816
7782
521
8881
3304
744
7899
5736
2439
5087
6951
9664
9754
8737
7508
4802
8888
6585
3737
1346
3623
6784
4720
7999
4902
3835
4367
6443
5757
7697
6372
7981
1898
1246
7708
1892
2420
140
1726
6016
8458
9082
7984
8956
9986
5891
3203
8221
9075
9140
7846
8046
6769
7607
788
5540
9814
8995
79
4167
1769
2911
6768
4175
4944
8073
2176
9091
7496
6040
5040
8709
2152
3390
8269
1430
9470
6462
9855
5317
8956
2579
741
2674
5958
9170
9954
8662
1955
5697
6368
6912
832
8359
2269
8343
4011
9045
9404
7865
1866
3729
6349
9790
2632
5994
8546
4965
9627
3673
1871
6791
4936
506
7199
5544
2617
3727
6161
5996
2620
1148
2488
3283
1874
4844
6310
2342
139
1461
3966
2708
9534
7245
2501
7199
5039
67
895
6287
2720
9914
8490
1851
2554
2757
4518
913
2583
6420
7396
4093
8297
7679
7926
5422
8392
7693
5869
5242
7792
389
434
6867
7879
4246
8106
8463
846
9218
6757
68
452
8892
5022
690
4638
9694
321
9646
5319
5263
8346
2856
3704
3718
7867
6520
7262
8908
4321
5117
6867
7145
6195
3380
2743
6448
3202
8149
2878
6716
550
8413
2269
2537
3526
2143
6565
1228
6468
2408
1714
8112
3838
513
7161
5539
2024
7008
9494
3944
9906
5468
342
5970
5949
1437
9922
1067
3755
9651
7073
8103
7665
2822
7215
1044
9564
5660
4161
3205
5321
6571
5706
5601
1428
1234
3678
4346
6387
1586
2046
9946
1964
7937
6062
1053
7726
3279
1583
9136
2826
251
84
4753
6736
9619
4938
3094
1177
4722
5849
1501
2409
4103
9656
8855
8357
9451
4889
8684
9242
975
6980
6978
1673
3147
7435
813
4639
8905
6568
2119
1410
7358
5833
4051
6596
4859
9618
9004
3135
5913
2138
831
1434
289
6371
679
8927
2484
119
1148
3140
201
8522
7289
7779
1298
9580
4081
4030
7980
9751
4011
9851
3559
881
9216
1650
3108
7410
3415
8156
763
6599
3482
7409
8403
7662
8777
2374
7694
9260
4881
7501
6940
7278
7129
2452
2074
9898
9498
1657
7980
6268
4798
4755
9060
3789
9545
8593
4513
925
3057
1663
7912
8952
7828
5705
4237
1919
631
8319
8409
1160
4071
3134
285
2030
1548
7920
6472
4992
4538
7445
7002
4971
7171
9392
1088
2637
237
7457
4321
9272
1355
2094
877
5814
2946
7013
933
5984
6610
4765
9388
3889
3499
7866
5507
4852
2178
3356
4561
9246
2847
5040
3192
8751
2905
7377
1896
6700
7933
2912
8469
4178
3263
9444
6561
6082
2131
3737
4027
4646
5847
6123
9191
3157
157
512
8345
8136
4643
1511
9559
2295
6981
2482
3320
5840
7690
4020
8974
4136
9330
6354
1488
478
4935
5668
9564
1414
9567
6880
8549
723
6067
9106
9888
9712
2340
5935
4480
5385
4824
345
3264
6152
9865
9832
347
6307
2241
5640
1481
7479
2579
8254
5123
585
1464
2988
8082
6376
814
7809
2198
4228
3678
5640
3010
3551
456
1880
8707
105
1078
469
711
2655
8851
6282
4511
9185
7233
1155
3771
9565
9143
4687
5427
349
1251
3022
5847
5360
8530
4738
4061
2615
6886
9918
749
5759
3609
1804
9368
9879
1409
1073
2539
1904
2583
5105
3298
7414
9391
4793
8800
5682
3072
2028
3095
2568
5479
9850
8959
1467
3284
2888
2084
7534
651
8285
577
1227
5005
5188
3674
2347
5243
7377
1122
9904
8757
1754
6735
7258
7678
5464
3471
3772
6444
8308
587
811
413
4214
8377
2826
4880
1363
9717
1909
1733
3088
9607
1964
8509
9382
4928
9785
7848
5499
7629
8591
7163
2723
5606
6788
8207
8852
233
9216
5887
4347
2967
3060
8707
8688
2572
5676
7504
118
8874
4850
1764
1903
5617
5250
5074
2986
932
8191
3556
5085
1257
3047
7835
2137
5290
106
4297
5877
1050
6904
7517
8
2871
5807
3842
9389
5489
8531
2589
9803
3506
7622
2016
484
2036
1681
9359
6812
1367
6466
5042
921
7607
1000
7510
7518
969
625
3400
6553
6018
5865
4855
2937
8598
8194
1151
8126
432
5394
7079
6982
5694
224
488
3257
6562
5134
3046
7612
582
4645
5318
2752
3723
413
5418
2584
9477
577
7936
405
2866
2586
6601
7360
191
3906
2368
2042
4137
2111
8337
5545
3567
8243
3526
896
8743
4515
7265
8888
4547
9455
3184
5642
4381
9757
8753
7333
2801
4947
6076
4772
5421
1861
3865
3263
9158
8982
5649
5689
3131
4393
6872
2222
43
2561
5280
6688
7947
4637
6694
84
6387
3785
4799
6829
4762
7093
385
1170
7787
1568
5564
8862
8164
6637
4232
5588
9290
712
9391
3931
9897
3505
7085
4804
9530
9338
9628
2612
469
3102
3558
7463
6035
6150
2961
8552
3111
7260
6163
1725
1746
6863
6649
480
3964
7020
9897
591
6518
7979
1180
6059
3714
7054
9817
7612
1129
9077
7684
9550
3704
