3242
3289
8019
7017
4265
8291
9585
5864
6856
1038
1712
446
6452
2035
3669
7025
6751
2686
2187
6996
2579
8682
8285
3686
2266
3892
5928
7853
2757
9740
6567
894
8958
8818
533
5249
6771
4093
7473
7929
883
542
3960
4349
4791
828
7192
9472
925
1182
3334
8
9661
8535
4772
6913
4553
2678
7168
6974
4970
3647
5221
5461
9922
4943
1818
4666
1328
2730
1909
7031
407
6914
6409
1852
5537
1808
4586
9721
6863
1881
6329
9721
630
2463
4912
5473
9931
7367
1518
9377
4476
750
1206
2826
6929
9280
1468
4199
5719
1506
288
8122
4520
5746
8028
6957
3516
5642
5665
5790
4018
4945
2476
6667
4270
7668
9800
5155
8715
4327
5204
6244
1632
3656
1030
8687
3340
7411
7778
9031
7637
9606
2795
48
3675
2666
4865
2091
7983
8938
1190
2986
1696
30
8709
5547
38
123
9556
1790
5835
1317
6220
1408
2360
809
7753
7739
2245
9713
4725
1991
3624
2441
1612
4451
6951
3704
8503
3579
8005
4498
5075
1615
7683
1057
1500
7235
9347
5947
7323
9123
9169
5655
1079
3248
4603
1312
1233
44
7756
8941
8021
9685
1315
4046
2378
6173
2547
2538
7974
39
8689
7711
3160
8963
4879
4410
9552
3305
3139
2039
2733
2891
2752
1902
2419
3037
2535
4468
7485
3719
9723
9717
6712
9274
39
6508
6678
8298
6105
2835
7743
49
2225
3800
6073
3119
1128
3250
1865
1205
7902
9123
3189
4820
5305
3365
8643
9822
2271
4437
8177
1724
3738
8755
7575
7089
7866
389
1875
3298
2239
2873
3602
777
6310
7482
2408
6483
9211
2283
3242
9177
5129
2603
2830
3687
5784
6074
7022
3123
3
6167
3599
7652
548
3779
4424
8676
5515
5018
4700
2259
5523
4571
9166
5718
6236
808
9075
4629
2172
1028
3732
9044
1121
5546
6597
1146
5615
7979
2211
9455
9719
4875
5048
5258
6454
1044
1513
7
810
4393
7994
1823
5586
1017
7988
7538
907
618
9549
1299
9289
2369
1364
1038
9375
213
3335
2439
1189
6951
3049
607
9121
7300
6091
8120
619
4222
2611
5791
1986
6564
9061
6122
4508
4498
4371
1980
5297
5210
5860
3570
3329
1069
6898
2374
9929
7265
7492
84
3752
5911
8721
6133
2473
5408
5420
648
7561
9607
7800
9271
2595
4229
4232
9447
2632
5039
743
7202
9332
9745
4610
6830
4608
3744
2259
4306
6879
8023
3262
9804
6569
2315
2303
5362
9694
6679
5634
9242
2578
2213
6197
1747
3094
6472
2391
562
4274
2206
5019
8314
3844
8974
3864
4288
5183
8204
8588
2705
7385
7858
2388
3636
300
9150
5166
6125
9553
6079
9863
4511
7825
3779
1395
5558
1941
2055
7546
6535
5059
6682
6738
40
9217
2621
1341
7528
7647
6298
2917
5492
5019
8538
6600
1386
4862
6988
4971
2578
1141
7586
1623
508
5655
4798
6578
9585
3961
4759
9367
9733
3131
5592
7137
6136
2819
1631
6730
1157
7024
9284
6508
5365
550
5415
5666
327
3847
4160
5141
5657
6443
8465
8955
2197
4238
9534
4804
1580
8705
3018
4457
7691
7657
6907
9013
4988
2745
2958
9168
8783
9237
8707
6703
763
6125
5220
5289
4247
9404
212
1421
3503
9836
1717
3102
4339
1168
4650
9245
1617
4966
7494
3186
1393
1620
4624
7130
5517
5299
9240
3290
4693
7768
6782
7015
5109
4463
3026
5702
654
7279
3699
4556
4547
1854
7669
6382
2816
3186
766
8715
2979
3759
3549
5350
5664
2897
4833
7905
3324
3804
8559
4105
9272
1026
610
6457
836
5425
3439
5679
558
584
3923
8864
9664
2513
59
8406
9987
4205
3651
105
7145
9047
6480
9468
8933
8957
5883
2119
8728
8820
4439
1858
1442
9240
7307
4814
4675
1133
7141
6503
6838
402
1389
4022
7714
5689
7965
5953
1684
2195
6813
9959
415
4655
8033
580
9847
7450
834
8934
9697
6405
8256
6906
6138
9690
4021
4805
9523
4806
4698
7536
1490
6839
435
6991
482
1656
973
3479
7708
4758
6351
9879
6700
4797
6478
1721
4800
7465
2443
3244
4598
9819
7179
2796
1856
9590
7517
9204
8514
519
7207
385
4156
5291
3720
3356
8163
2374
2214
8384
8264
9141
4387
3121
5901
2304
912
2148
7502
9625
8451
4105
2267
4006
800
5321
7956
1692
7337
6189
344
6571
7703
8999
4029
1901
2889
9386
4839
527
2866
5817
6915
8136
7047
8817
7033
5611
9628
829
4291
8953
9241
6248
6597
3069
4599
5468
8744
7403
3875
3216
8059
8902
8220
3146
5408
696
5465
4742
2827
4794
8548
6901
9100
3759
199
3411
9493
8079
4803
2533
2417
7269
1371
908
5430
5420
9232
6205
5707
2336
5169
7782
141
4332
7504
9640
6638
4163
3271
6319
7722
510
7120
8207
6269
4207
9491
7955
4925
7714
8134
435
3496
4511
4781
7843
1900
2893
2728
4355
817
1705
3491
1585
221
2725
3529
7764
9559
7525
5374
1120
974
7164
5808
595
743
6932
4254
2499
9140
8104
7260
4711
6375
3431
8380
6094
5788
5059
1116
4336
5681
1844
821
7067
639
4156
8322
7028
245
3655
8136
8440
7390
4376
4399
8345
1027
4269
1821
6144
3824
2641
9920
8078
6196
1
5323
6779
4140
3983
7509
2843
361
7139
3130
8570
1366
2761
1357
2397
5499
8921
905
7592
639
3292
6864
2706
5510
5619
2889
1060
8699
6068
20
1627
9471
9533
1343
899
7087
7234
2431
8816
5634
4506
4369
9682
551
4616
9584
9916
9649
5109
1350
921
156
1530
8677
3415
1589
5832
4227
4558
3571
5746
5133
3368
3303
3111
7315
8612
4288
9805
576
2117
5354
750
5235
8772
4941
4683
6085
8487
3509
694
4263
1106
4003
8437
6553
5701
658
1788
9477
7415
2051
7355
2407
171
8677
4620
1203
4290
2340
5014
9891
6198
4473
8685
7235
5080
5057
3960
5060
9033
3708
2179
5039
2285
3932
6364
6985
8843
6575
3696
3112
899
3389
378
4268
8744
2826
2822
9574
9935
53
9933
8769
5136
8864
7545
7353
3451
6894
279
6255
2985
6350
2037
8810
3887
7837
4378
4841
5785
3391
1103
4183
9190
6719
7622
6712
5808
8638
1347
4018
5030
7189
1517
5981
3941
8317
1076
4418
6815
9565
6575
1027
7373
276
7159
854
2514
5331
9993
7671
6251
1691
2000
4013
132
3119
4248
639
378
9939
4695
9037
540
6383
2269
4409
7802
4916
8584
8217
2653
828
9751
537
9241
2529
8745
8533
2167
7554
7971
5465
7143
4401
6507
8442
5941
3139
4421
500
3074
9719
3109
2144
3707
1757
43
2670
9028
4164
8766
3653
7915
8730
5138
91
4486
9177
2037
8955
2380
7078
4777
4469
1978
3441
914
9799
8005
9932
3278
5038
3207
9754
5905
2218
6843
1550
4061
1188
5393
8533
917
5251
9698
8794
9025
5301
6508
8712
6697
1580
677
8405
5462
3247
9264
5300
7976
3473
7672
9100
8293
444
6225
1591
2031
6273
4886
584
487
9953
115
5882
1174
6433
5021
868
1358
22
2900
4984
6858
8152
867
6150
8203
6634
6819
2787
3503
8053
3389
8787
1355
8710
1880
5584
1505
4035
269
3623
6018
1666
9891
6646
3865
4959
194
7035
3790
9306
7308
9892
4774
6582
4363
5398
9357
76
7352
7189
3094
9490
6486
2137
9707
291
8768
3079
6873
8356
1004
7237
7519
430
1087
4962
1446
3136
8264
5504
8217
2060
4648
5020
4199
9852
1336
6106
8063
4771
482
1673
6662
9037
9948
2462
5993
3145
9915
9374
7493
4382
1004
2733
9562
4354
5703
682
4925
5779
4012
7346
6215
5642
2421
7036
3056
9846
4271
7354
5980
5367
5793
4957
7770
4923
5151
205
7670
3165
1653
4101
8915
3103
236
4774
7122
2513
1849
1120
1034
4630
3478
2528
9086
4553
7339
3822
5161
1802
3233
6762
2985
1432
3894
9240
8613
5787
8092
6890
9032
6577
6287
6747
9238
9902
6763
9572
3745
666
8798
4966
970
8405
3334
7164
2033
2357
684
4170
460
8550
9474
5751
207
9957
81
8062
6960
224
3481
6010
8277
1108
8491
6248
8392
8328
2917
6781
4375
6176
2413
2421
4128
2729
4945
9823
1221
4034
132
5201
4014
5570
3660
6800
1537
6311
2402
3458
9179
2881
863
4557
4290
5850
9604
9511
1405
2355
8686
1716
2290
2915
1078
4907
8405
5021
7431
9028
8492
196
5819
3165
1692
4103
3752
184
3099
7903
1660
9683
1794
4173
7836
5314
7982
3994
379
974
180
2955
5452
2960
311
2498
2273
9059
9120
8780
2148
4238
6782
203
8679
1483
9331
6670
7360
8228
7163
3665
2389
8813
151
2282
1217
5921
2447
890
7196
9375
6712
9078
2013
3605
9515
9228
2731
5225
1677
8858
7249
6179
5634
1272
8357
3809
7625
1000
1169
2370
2975
7648
9151
3965
2633
1627
1319
9298
8239
9035
3915
1322
500
6471
977
9642
9641
922
6394
2695
9324
8955
9284
5757
5454
7543
56
6453
7763
7874
7050
7532
7611
467
7111
3193
1427
9484
8956
3596
5215
8455
6414
1039
7628
4998
9919
9749
4439
8347
4220
7840
6551
3192
5950
2712
3655
3452
4026
3307
9374
8448
7184
9037
22
5304
6281
1626
4130
9802
7565
7945
1045
6080
6425
7863
3661
7740
5734
796
1170
6075
9159
6762
4074
4731
4029
134
6819
7467
4838
7662
6929
6545
757
766
717
6073
469
1713
3098
4479
3229
9916
2726
9202
5664
666
7654
3007
2199
1128
6511
3143
2605
5584
5743
6963
7846
783
9863
2958
9695
7069
4334
3004
8521
5833
753
1043
7656
8615
1057
9995
9292
823
5769
522
255
1508
9885
976
4472
3418
3290
1101
8791
9765
3369
4897
8931
3517
2217
6154
4490
242
1970
7281
7612
5596
3076
4511
7622
7539
6736
7000
294
438
318
9476
5203
1927
1298
9602
9191
5397
3881
6591
9131
6399
3244
4328
4069
4272
9779
9349
3867
1355
713
3455
6581
1363
2600
1110
6539
617
77
1524
7848
4893
1071
7188
1985
922
1037
8438
1520
9829
9740
9366
4642
923
1304
3486
9466
3918
4577
9680
9883
5499
8783
8914
8651
9298
4251
8345
4740
7397
4065
7579
7894
5632
9755
2645
5597
756
2001
3310
6250
9072
4620
505
2535
6782
2638
565
7786
4790
4361
8977
4722
4664
6538
6433
3443
5079
3034
3386
9887
7370
829
3805
5458
9629
5383
3265
3678
4983
288
121
9100
8852
4343
8850
3984
2425
6967
4132
7506
389
8024
8850
2301
7053
5545
1786
9734
4247
8708
7762
9827
7652
8897
7085
925
9714
2168
4179
8865
1177
381
5209
1991
1428
927
7045
3017
4247
1133
5701
4297
3699
1572
8861
8313
756
2726
8960
8849
7989
7957
3402
8765
9758
4131
5036
3076
9780
7621
4521
8791
7170
7366
5402
8138
3122
2443
9067
3462
6410
5930
4449
5291
5236
3361
482
8015
5872
7657
3443
3844
7448
62
7631
6199
7324
3619
6087
2084
1542
659
2378
692
1468
8044
4608
8346
4385
1568
4634
871
2598
3221
8062
9594
8373
4877
1982
795
9190
1540
1216
9649
5679
3838
1984
6655
8957
7942
3001
9454
813
2736
4786
2138
9922
4632
7951
4312
9115
5032
3072
1913
6032
7344
8738
5248
7938
809
1666
2013
5241
4193
7676
1860
6918
3492
1462
2022
9579
2138
5917
9609
5498
2989
1953
9331
8716
1498
5586
3010
561
4366
7876
4431
1452
9175
9497
5540
359
8921
1119
5917
7806
2201
1954
1236
2812
7519
9963
1548
2872
610
5095
7370
4070
5929
2884
5466
6716
8221
1717
2721
6787
7322
4243
8976
341
9620
4396
9220
3094
3385
1401
9357
5613
500
3336
9211
3093
4945
872
1824
4915
4784
3268
8077
6388
1310
9704
5840
8115
885
5293
1396
1946
6779
7200
3557
1029
7676
7579
8039
4981
1033
7921
5801
17
2025
8777
808
3562
1017
6148
7768
5342
3407
8580
3213
5898
9114
7584
3799
529
6393
8378
4821
7273
3290
7158
9421
7045
8988
718
3882
6004
3047
7415
1414
54
9949
4213
1305
9073
163
8964
5440
5840
9544
4853
2563
6605
3005
7648
6595
2056
6047
4133
272
8025
3842
6120
4509
2950
4211
8857
376
7097
2059
9804
8311
6239
4323
4203
4318
5375
7319
5295
7511
9563
2744
2268
1366
837
4694
8582
6348
4616
9085
475
2379
1282
2158
2506
7488
491
1936
4642
9954
9187
4432
1267
9774
6181
8446
6144
4830
3765
7012
750
8223
1668
3481
7907
4946
4140
6564
5616
4841
5430
7303
7305
9104
1211
5330
2102
9947
1137
2139
2791
48
6365
5473
1315
3103
2219
5905
4107
9986
9627
9273
3291
6693
3891
8291
1188
7015
4239
8523
180
1394
8088
6580
6526
8392
8433
7622
4756
5702
931
2232
1434
1643
2223
1391
3956
8124
1043
8946
6417
9972
9666
8855
3079
7615
858
2487
9772
9686
172
4644
2407
2704
4761
4282
842
9672
4171
6751
1860
4676
8469
8525
4928
7102
6860
4343
8390
1226
9374
1522
9392
1861
23
1284
5315
9254
7205
6723
6660
8141
8610
1232
4854
4390
645
8599
8240
1080
304
2742
845
1331
5687
8642
8063
407
9570
9067
9317
7899
1421
3321
160
6609
1167
5116
1019
7455
3622
3567
7614
3281
5116
3605
4083
3661
2452
5042
7194
2311
8236
9330
2982
9814
4299
1560
9015
2502
9389
4272
3184
6537
4370
4261
6630
9951
8573
556
3976
7444
1513
855
5297
6570
9747
1590
1809
2678
4563
5395
207
2922
5978
6906
326
3705
5754
8870
4738
1603
623
6659
666
9638
1778
9592
3042
4880
8859
4237
3976
6769
4179
7666
5761
8329
8834
5802
5095
9940
6417
6918
1400
2127
3817
4795
8643
8922
9273
6391
5842
9639
7540
5056
7145
9012
2154
1344
158
2507
7598
2087
9186
5646
9609
5848
4549
4426
9088
2147
8572
2689
3466
5341
1150
6743
9853
8950
8683
2712
2238
2078
9022
798
7227
533
4655
8048
9949
9999
4261
4044
5875
9487
6926
6446
4450
1370
3985
7981
7397
8682
3866
3343
933
7754
1683
5940
1978
2091
5782
6609
7064
1113
5413
1044
9144
8116
1596
51
4026
8910
4730
7185
8023
7371
1269
9991
4057
6829
5577
9294
8881
7427
5199
2560
6994
7899
8555
8665
3681
5851
6206
155
3497
7551
4158
661
5543
7907
9739
8686
5583
7927
2951
4489
7757
1888
3918
9748
4103
3090
9494
8295
1429
5220
2759
1526
3763
1890
8727
9571
2382
8810
2864
3151
8357
7634
4345
2660
2133
8916
3871
947
1254
175
8379
5631
6389
3159
9587
7588
502
3383
3282
4028
8805
7131
1248
5027
2929
9303
8994
6743
9689
63
3643
3547
6495
3601
6901
6527
333
978
9767
5795
1139
118
5942
5107
2529
1490
887
1861
1109
4477
2785
509
6616
3925
9847
7662
2353
6927
944
8615
7913
1961
1051
8024
7638
4790
3185
4385
3337
5339
2307
8118
3142
9986
9004
6070
2312
2676
2265
4981
5319
2601
4379
3184
2493
5387
9114
3417
5532
4773
6771
512
7040
7432
3812
5
6399
6013
4662
137
1037
7184
4693
4479
3733
2913
8252
952
9267
4669
3041
4143
1492
373
7979
3641
4479
4117
4651
6610
8041
4312
6610
5405
8759
2464
9132
6057
6682
9986
2635
6051
5966
6161
1962
9923
2434
2600
6633
4499
4975
8989
1362
461
6417
142
4654
6411
880
7166
2810
4937
4598
9065
8717
2219
1939
9071
3699
6705
7933
4102
4230
8585
7164
5422
6691
7206
1793
4332
8364
2831
6133
7803
2132
6929
3783
9178
5726
3196
2913
925
1675
3910
2259
1452
8110
8100
1592
7216
4156
5288
7982
1449
3561
2239
8987
1635
3673
3436
2220
6154
8140
6745
4102
4693
8922
3168
8411
8172
7705
9624
7030
554
513
6404
1686
5086
2241
3746
8728
1831
1664
8136
3755
6207
6551
3534
5492
6714
6479
3867
8881
1748
2922
4753
9707
2544
9608
6034
2880
1196
6127
1526
8200
6481
2665
6399
6161
7541
5995
7394
2587
7138
4883
858
5638
3813
8438
5230
5341
596
539
4556
8263
8381
4215
6813
7908
6685
417
2703
3418
8886
6150
360
1066
7695
1336
9381
5086
6299
2006
4164
1341
8917
1277
3516
8145
5585
2824
4521
6701
2040
1531
3320
5390
3947
7796
2259
7823
3664
8185
1718
6118
1632
2149
6027
3549
1065
2797
3337
760
6946
1200
2312
6862
5985
4829
6143
2771
1030
1775
4052
8224
439
6469
2207
6749
8820
5429
1270
3194
4200
4661
1973
16
634
6444
9280
9554
860
6773
5075
8187
8672
6751
4611
9493
7310
8096
4515
4317
5088
6762
4876
8793
8606
2986
9043
7145
6057
2154
3174
3627
5265
7478
6329
5111
437
2076
9372
7143
3058
1302
2271
5819
7195
6212
9670
5370
6332
7379
332
8172
2335
3864
5412
2368
6374
5883
2234
28
9023
6598
698
949
7994
4040
9010
8743
9251
2503
4540
885
8217
536
9922
2965
546
7536
5676
2328
7351
8220
1594
8617
5006
489
7732
9422
3581
9379
8245
6120
8813
1203
4695
645
3690
6485
9699
6636
6473
3425
2370
2258
5993
3332
7881
8878
5358
3592
6121
1449
1632
2305
9385
259
8902
4065
7219
5353
3901
8955
1644
9760
9153
9993
7785
2203
1654
2920
8084
4788
7938
9854
2875
7529
7496
5980
7236
327
2154
2706
4450
9538
8148
4833
7781
1054
8383
1444
7403
2694
1241
2177
2592
702
5569
6621
3363
2907
3368
5197
2050
3902
3586
1806
8730
1271
8269
1569
7462
8532
3286
5062
7284
1888
6115
8387
6690
6858
7843
7720
2213
1228
5560
7056
4422
9944
9199
8321
2926
7821
117
3558
1042
7736
2087
8256
9400
6773
4288
9035
6608
1450
2836
9103
3100
8742
6462
3903
9551
8652
7413
9003
4557
1767
1429
4127
7157
2607
3498
6092
7918
5525
9733
399
3611
6846
7148
6822
3156
6564
2754
2853
7703
473
493
6692
8827
8660
8058
5895
4033
5670
8814
4285
4562
4389
3300
5896
7692
9776
6713
4082
8384
7011
7467
327
1111
6447
5869
5375
3475
2542
6812
4489
925
2829
202
2298
6732
7914
3836
2836
2316
7153
115
3442
283
3352
112
5339
718
6268
3409
7877
5424
5361
1794
9577
4947
3082
5504
8188
8122
9507
3142
8040
2280
4312
1470
8557
2870
8944
9010
4354
4563
9114
7859
7439
7072
5289
8903
5976
1550
81
1019
2888
8303
1230
4004
3592
6734
7780
2111
9796
3641
8088
3857
2645
7610
2014
9601
7266
963
8879
7504
4295
4757
7903
2303
8468
3158
5761
7151
4858
7181
4099
3121
59
883
1223
7500
1933
1100
7465
1037
3787
2040
6192
1324
1122
3188
5078
9713
5619
9227
3670
6677
3609
8094
9395
4251
1061
6311
6873
3507
1507
3144
958
4888
1601
9708
6652
2882
9832
9210
162
8006
6023
5050
6894
4236
2454
147
5794
2626
7911
5991
1751
2523
282
4517
390
1749
8332
1386
3192
1749
1654
4623
5490
3119
6714
258
2027
7213
2226
2450
823
2651
1533
8772
6795
4919
6990
7385
920
289
648
3840
768
8885
7087
5559
2520
7912
3442
3994
699
7366
3069
3648
9323
5147
3806
9733
5060
1146
2406
2731
725
4709
3219
1313
556
3274
3719
2317
426
3246
1210
5588
7848
533
7676
3042
5832
4698
2756
4649
3692
1963
2714
9268
7520
147
3992
7683
2008
1997
6010
915
4366
1029
6556
5357
5689
4822
5265
912
1912
2079
4315
5550
8808
2528
7430
425
4451
8956
793
4631
9328
4793
4029
9125
9477
6642
4197
4687
703
6181
3669
8867
5961
4396
2037
5707
7864
6892
8118
2922
2
3269
2060
5023
2969
8976
8481
5941
351
5629
7272
609
6851
8661
6194
2870
7877
2053
6586
8900
3614
545
9043
6071
9264
2265
3912
3311
5519
8539
7154
9363
1381
5695
5397
3418
6805
3309
2916
7576
7881
5761
5131
7566
7069
7849
645
1779
9756
3084
3234
7273
4068
2174
1329
1122
6111
8800
9889
2484
9015
2595
2174
3564
9647
6116
2032
3704
8720
6986
5940
8248
2527
6526
1899
9647
9649
6286
8617
9865
6272
4496
880
9370
2051
3920
3348
7314
1381
2283
1527
2880
9175
622
1821
1551
8989
7607
9552
676
6367
43
6139
8570
7275
4816
753
5175
3085
7044
8874
7477
7272
3348
5261
1315
7278
5215
6347
6822
5247
1953
2910
6853
1266
1048
3084
4976
211
6789
8161
3397
8638
5880
3817
336
7720
7236
842
3968
9390
8362
3837
939
6041
5607
8243
2524
3186
3378
9434
8606
9279
3742
3396
3149
1697
8650
9204
56
2353
8634
4229
5021
1381
50
503
1979
8561
8047
6607
7987
3278
6174
4232
794
3387
1146
1539
2797
5856
6756
4747
5406
7318
1487
5603
767
790
8913
33
7945
1149
5072
4961
3048
5657
727
4051
4569
3839
2234
1929
8351
7156
8437
1958
3420
325
5640
5569
789
147
7266
5825
1343
8283
8341
5971
1698
5773
4685
498
2580
2068
4327
7353
9713
9377
5188
2278
3911
2827
8237
8621
8046
1589
9631
5771
2905
9561
9692
3954
7934
2475
3676
2904
1686
5801
930
2175
6068
7804
4268
830
8221
3753
2910
165
2758
8038
9017
7354
5444
4237
7333
5700
507
8767
4513
9338
8558
6584
9762
1543
7116
2423
9835
7821
2418
4648
8527
8745
6003
7522
5194
3918
7967
524
6090
3852
2012
902
1145
489
9485
9906
7121
2170
2511
2308
6018
1529
2575
6432
1641
5130
9012
7912
9451
2947
755
6808
3405
9034
2347
9884
3639
3592
1869
2812
1533
5264
2541
8495
1898
7413
2868
7340
7620
5965
599
9234
4371
8347
2167
2505
5202
5255
4971
6790
654
1839
4469
2785
310
5673
612
1114
8205
5573
9534
2202
873
2539
6026
7087
9053
3855
2422
193
3275
7960
8851
383
3977
2429
8986
3496
6596
3514
7927
9389
402
8728
8705
9177
2928
1915
3393
1507
5306
8636
9824
8971
8662
5372
8936
2886
6896
4526
1029
5118
7752
7183
3200
9988
5617
7099
9359
4906
4355
2018
1318
8396
208
5959
6658
1701
6528
5672
4339
8581
5707
6007
5033
3673
3561
4224
8808
5984
5518
3780
8303
5718
2460
3349
3327
688
6790
2310
3035
3434
8341
6738
6572
3878
7929
2197
8825
7352
2720
618
8422
5293
9884
4533
9708
1370
7323
4378
3981
9613
6115
4254
3712
8776
2361
1508
8783
685
1713
5622
8395
1442
359
3113
6199
9566
626
9471
8600
7834
3926
1886
3572
6372
9926
9614
6731
9554
2546
3655
549
8540
5106
1067
8378
8930
4393
9940
6617
2346
287
6632
6497
9871
4524
3543
8440
8795
7754
494
7939
4124
9753
2377
5002
3414
1282
8416
6640
3850
498
5405
5443
8849
1734
5420
5771
7877
285
7471
1371
9968
5689
580
156
8809
9038
1199
2696
8711
6456
2203
8924
8607
3432
1128
9947
8399
7271
987
3556
1165
5050
94
4764
5205
1101
6437
4345
3404
4773
1980
929
8523
7040
1084
8708
3559
429
4056
2592
832
1047
8907
3816
1130
2246
6817
8922
2564
8769
3171
1799
244
1982
1426
3531
7221
8731
3330
729
8364
3143
1770
6773
3912
3043
1361
1456
2342
2723
3425
6679
5157
7310
5581
3169
6143
8083
8900
9723
2327
3964
1991
9650
7454
5821
121
8908
8235
7735
6276
3960
2047
4373
2497
6200
6541
5019
131
8578
2068
2195
1810
7265
7656
565
7603
4936
4602
7338
3530
400
2224
9359
1583
8821
7869
8910
5815
5498
6337
7566
1812
6995
1915
1351
5752
1764
3971
2464
436
71
6475
8325
9828
1153
7170
9369
8660
9348
4115
2564
1014
4441
7101
4444
6583
1125
6919
2102
1252
8929
4674
7927
5288
2653
8506
8360
959
7844
6995
8616
6115
8158
7774
4583
8467
3256
7536
1658
3115
1984
420
2756
9345
1809
9510
9967
8050
7886
3755
1397
1290
4456
8028
8676
7686
6757
7142
2467
4606
1279
2523
473
5557
2744
7843
339
259
5616
8794
2767
7935
5015
4931
1686
804
8623
9628
1175
5943
3500
4932
7604
6647
142
5354
1401
1404
5380
8269
8009
981
8938
5887
2453
2305
7802
4976
9041
3100
6085
3400
1748
931
3490
2165
1241
6449
5945
6150
2440
9894
1961
7703
2505
5909
7137
4580
6499
2742
4138
9216
4106
9953
4673
1035
8012
1348
4974
3438
7880
9931
21
9787
7946
9167
4397
3220
6845
1894
9862
1615
9884
7427
6061
8362
9923
1317
8634
8060
6577
8006
6271
3317
4153
3766
7705
145
4572
7931
7871
6145
647
2798
3132
8391
584
1025
4391
1802
9735
8161
3928
3377
8137
8175
6640
3516
8752
7638
6391
2404
7947
777
9843
462
5352
2732
2041
2214
1623
8772
7794
5819
4326
7250
7383
873
4270
1835
9607
2869
2755
6413
6318
279
8817
5833
1200
5730
605
4664
8466
3911
794
4360
7727
714
2425
2040
2286
5844
1914
6424
9834
4182
2316
8613
1792
8754
4614
9792
6615
889
7144
2873
9092
202
7445
8942
7426
1708
5909
3418
8055
4979
9478
836
9252
2894
1139
1592
4883
1713
5986
3399
7074
4608
9390
8723
1883
6215
5673
6747
9088
8072
1515
1235
8428
3364
5235
6071
758
7638
7166
4934
1651
2894
6527
3415
7508
2850
9533
7595
4197
1387
3329
316
6852
1092
1433
9656
2747
5322
3662
4864
1587
9979
8126
3924
6628
3681
2430
8585
1512
9864
4209
6420
4988
2179
3414
5933
5768
8171
828
1908
933
6867
4988
6003
8494
369
8890
7071
5634
8162
1123
5088
7499
6461
6042
3097
4577
8697
6510
1268
6456
1126
505
5939
4788
3036
5739
8200
9226
1774
280
6697
4202
2501
6749
4911
7133
3080
4453
1777
6539
9325
792
2819
4150
7783
3341
5946
2551
4277
8234
370
7412
2788
9510
7597
404
6038
4060
4816
9895
8584
5557
1878
3436
5981
2114
5713
7408
4637
9423
2090
9406
1576
9557
7743
980
9931
6116
4946
958
2448
9333
1632
3954
9564
7202
7646
7219
7034
3453
2151
3720
511
8626
9175
4848
1664
6034
641
8727
1262
7193
5875
7278
5363
799
2336
9352
9993
6469
153
7080
7877
2486
3042
6410
9887
6199
555
8197
4752
8003
2889
8967
8849
1331
184
6540
276
8697
8310
2884
2569
8245
5883
8387
6359
730
1961
5826
1475
4101
6154
5487
4074
5113
239
5578
9953
4673
9570
8214
3322
6551
4689
1444
8133
408
6653
1385
5139
8055
5424
2668
4564
5371
7443
4224
1765
4003
1504
6942
231
4120
5570
8636
8792
9095
4959
586
2533
9076
1375
3436
4656
5197
7937
8820
3036
1608
8153
7995
4156
645
7713
531
8780
2589
696
4226
5016
5515
5562
3312
8134
3183
6174
9287
2385
6141
8898
2949
4614
8725
6079
124
9070
4340
6219
1532
1402
1818
3221
451
816
3334
4503
5942
9718
3441
8073
246
1573
1150
3656
7679
8735
8952
1222
7050
475
3570
1463
3689
1514
5150
4906
8902
5361
9987
7775
5139
4496
541
3619
5751
2292
1047
4487
2770
1132
9317
2199
3211
9648
5592
4388
3929
5930
5746
8490
4341
1070
4585
2546
4516
7612
8307
1165
6101
5856
2428
642
3717
9843
9688
6384
7990
8793
4906
8426
8960
3847
5795
8219
6272
449
2805
3809
81
8278
6637
8455
9337
8658
5690
5699
253
8606
1369
2940
2491
2198
8401
7437
3437
5726
5615
1882
1498
7083
6088
2365
8840
2137
5763
355
6716
7871
9269
9846
9500
4477
2677
7875
8854
2688
7343
9045
1794
8136
9938
3731
6424
1015
9927
3523
5550
9886
2288
4664
4047
8783
4408
4596
2800
6949
6065
8221
7187
3207
2483
7936
2407
2815
8696
7436
2423
8575
6619
9720
432
3758
3834
5869
4107
8410
6807
7051
1905
8620
3383
6953
4010
1296
312
213
1328
2230
2869
239
127
221
8848
8949
7107
5627
7989
2519
5725
7214
7815
9463
769
8895
5638
3567
809
2268
969
5106
6613
1536
1664
6979
1776
216
2539
1531
5155
9055
4896
906
3595
3993
5059
5709
5718
5814
4263
7852
7438
7926
4592
5640
6575
817
4610
6688
4431
539
1069
2270
6925
9217
1111
6758
1939
6245
102
7692
1685
1143
9462
2720
9353
9952
6019
8990
4367
44
3785
2724
9172
2239
2047
368
1153
4917
7521
337
5257
556
9381
8799
6993
8720
3479
7879
1519
6284
235
3461
3640
3004
5916
1153
8469
4805
9483
8854
9969
4479
2699
8982
2207
4914
5482
9068
2806
772
6570
3456
8453
8448
4867
331
6376
7904
2083
8182
8044
7224
7976
4001
970
8850
5458
6818
1888
8617
2124
847
2507
9179
4
7064
6738
8951
5800
6404
1801
3464
1002
153
2303
6213
4623
4433
5676
8866
592
6452
2132
3307
6091
5018
4335
8126
4446
4114
581
1531
4055
5135
8260
5369
225
6766
9744
1218
3637
896
121
2756
2778
2105
2702
4958
1982
9206
3131
1147
381
2281
5091
2592
539
4305
8722
9852
4003
7056
4152
4854
5780
1876
8868
6562
9993
4721
2655
350
2475
2690
5844
4453
4410
8261
154
1085
6005
1582
2380
9742
5513
8494
2377
1291
594
2284
9641
1042
8839
5131
5117
4633
7277
6164
6176
8715
6362
2143
753
7936
8363
1235
9646
8721
5368
6151
169
2287
1891
3827
5140
5687
4080
5732
9381
7252
5006
1330
9089
7631
6611
598
7149
2433
3000
1598
8423
9859
4291
736
5499
3340
8911
7884
2971
790
7620
4252
2660
2575
9639
818
7024
1572
1315
7215
8169
9745
3571
8959
6458
5037
4823
8308
9594
3265
9835
330
3002
6561
1463
6888
4180
2863
8988
2632
9237
2797
8018
7099
729
8620
6146
1334
3188
695
4861
5362
8195
7210
8228
8299
9874
1285
9098
1456
1607
1380
1544
2088
2629
3777
5429
5881
1824
1776
6106
3359
4758
131
4225
9074
5574
9601
5613
8230
9406
505
2754
8412
8985
6657
8051
8729
1078
9700
1685
1697
5012
2305
9741
8504
2082
1483
7663
362
6342
2343
9472
5856
4167
9921
4061
7868
3373
6655
6504
7437
959
45
1267
8748
1863
1301
1661
2454
4410
8116
4393
500
8818
7010
5049
3749
5081
6701
5235
9482
1614
3037
5111
8850
2420
6946
4895
5657
5113
2250
9939
7165
5730
7842
7244
4154
2001
9884
8796
2402
1969
9930
1856
7344
2580
1353
1985
9593
6805
5668
9949
5322
6956
6237
1187
2526
9413
2728
5465
1499
994
938
4480
1218
8321
1526
6968
6524
2050
8238
7393
9604
7103
8138
6853
1255
7458
577
9892
4047
8527
2735
2533
6647
6931
6594
4851
8592
5720
408
4884
3318
5562
5866
9064
3322
2312
6535
2504
8748
5982
4073
4482
9851
4271
3236
5538
590
6684
1082
3084
2553
3579
8802
5048
5017
8397
864
7214
5311
4764
5767
6939
5403
4957
9271
2727
7697
8713
168
8624
6623
5245
3300
7666
5737
2025
8735
885
642
8950
3524
5865
4412
7402
319
1880
1580
5040
5450
6505
2534
1445
7736
3861
4395
9513
794
4689
1846
2728
5056
9417
4931
4283
7862
9992
813
5281
3575
8425
1128
595
9800
2587
5847
5533
4593
7866
7272
503
7586
741
1012
4071
5908
8163
872
7090
3698
3017
6770
8317
1515
3541
809
4402
5487
1554
2898
350
1183
5469
2037
9897
7987
2732
1424
6665
2974
149
9058
7717
7171
2739
704
83
3959
7119
6465
265
8333
2613
3607
3330
170
9820
3619
304
8568
7608
2746
1343
3773
8178
3
9410
2397
1997
6963
6586
9371
6386
5099
798
851
3504
2989
4196
6400
2469
5463
1868
3409
1838
8338
149
6315
3040
6749
5883
8096
9707
6510
5509
8225
1358
1297
5976
6847
5192
9381
3637
8495
4737
8091
7924
157
4493
1697
5783
6937
2246
4577
9497
3564
7534
9035
3712
2780
1871
7960
671
8943
5780
7256
3894
9560
8972
3738
5586
2619
794
6096
6035
404
3664
7621
7546
5936
8492
606
6124
1924
2832
379
334
9903
4448
4928
7135
4430
6147
2535
1126
7654
7460
5800
4574
4534
2156
5134
9019
2342
2458
6744
7156
352
1054
34
731
2079
139
9359
9509
6748
1591
7455
2992
8324
2452
3297
9433
486
2281
1051
2915
4168
6804
5304
4773
7424
1286
3345
1346
6938
7445
5108
1513
2017
3435
8157
8564
1680
632
9673
9426
8900
874
7059
473
3334
2477
2919
9699
3207
4327
8462
3180
9552
5738
2516
5720
3800
1764
831
6012
5770
120
2416
3032
6837
1114
1090
4766
7054
4305
2219
8311
9299
2877
4045
6057
7957
4540
6669
8970
6310
1037
8335
7473
6555
7472
5668
7594
2611
7615
2647
6807
7561
3194
5508
4892
1459
1182
3061
7682
401
3865
7392
8899
8019
5665
8013
4321
6052
6664
345
7297
4810
9973
6761
9420
8168
2015
7758
2139
4740
6408
6808
6473
7436
7292
4559
478
8778
3966
5029
6862
7422
5145
8708
1502
548
5259
1249
3514
1862
6156
3388
2916
775
3647
7243
4452
8559
7418
191
9301
9615
7005
5386
6191
1347
1322
7975
7693
1046
9838
8228
6312
1712
1534
3415
7802
5924
5176
2144
346
9781
7643
8595
7058
2287
4957
7640
9189
6112
3565
8630
946
3540
4585
745
5654
8729
9259
3144
626
9676
2886
617
5595
9515
3165
1706
7255
6603
7245
8660
2882
7233
4392
3182
7372
3745
7143
1387
620
306
9325
1632
6857
4492
9841
2243
5118
6496
7984
2189
9034
4834
7968
7604
4061
3628
7365
6538
7149
5391
8673
5568
8583
7286
7350
6981
7508
5809
3380
9560
269
6162
5731
4297
4722
1895
1904
5883
1324
7984
8191
1467
6765
1348
6207
4389
1787
9796
9865
2287
5833
5721
7003
4835
655
1938
1028
2052
3439
2950
749
5337
3086
9267
2814
5910
1044
4367
7289
6660
1126
9741
1243
5417
1133
5649
5237
8539
3026
2411
5374
9007
5374
7031
7343
5830
2556
5566
7630
380
6682
5240
2422
3731
2373
4754
7026
9125
1214
2073
5124
9140
5200
2525
4146
2577
4118
8133
1722
5983
2381
1859
2271
4981
3275
2378
8607
1025
9363
2449
4392
4494
556
1088
6318
576
9938
7118
4690
7206
5775
5006
5934
6708
3420
2960
981
4583
2524
3719
9539
6276
7691
6356
5969
1639
1837
374
7456
4927
5909
8296
344
8137
8679
8618
4502
9728
6443
1331
3549
6855
6079
2805
7254
270
4141
7407
7047
9939
2582
9658
4302
2301
7427
8562
4289
3249
821
5747
9002
8836
402
6313
9978
1539
8332
5471
5920
6783
4888
7754
6209
2986
1292
4317
2095
5333
9633
2086
9459
5071
6664
2166
6373
5414
1863
2124
5838
7958
6163
1542
302
9390
4912
3529
7771
7473
4249
3779
3718
3145
8792
8809
720
3842
2945
3576
5265
5808
922
3690
2027
261
9304
3132
5963
5362
2265
7825
379
6699
9036
6474
3379
9807
5484
4263
5713
5154
6075
5920
9601
7587
9997
1657
2953
7854
5044
2942
2603
2634
8339
6374
7742
730
5619
4138
712
2002
4712
680
454
8842
7560
3453
814
6578
5700
4668
2364
9280
3312
5788
7698
2250
5517
1323
8111
3847
5342
7758
9939
3080
9592
3269
5543
8906
8099
8106
3631
781
5147
1541
9031
7746
6489
3373
8788
6881
6790
4846
7815
9293
9131
195
565
8297
6685
2877
2825
1107
3483
639
9936
3118
7384
176
7444
3469
8089
1973
1133
9715
8935
9594
6566
2648
9676
2495
3547
4473
1304
6506
3604
2351
9121
2443
1225
5143
5338
8648
687
1746
612
3832
8094
8029
4686
5638
8003
6158
9687
4997
635
9131
1257
6404
7690
9580
3375
6092
5882
250
7500
7128
5687
5046
8744
6602
2468
6552
3631
4236
1627
7932
5823
8878
8531
1064
6500
4343
3105
9623
7015
8626
2718
5876
1349
6334
3803
9161
7321
9604
5100
3854
6738
5743
8810
5529
799
997
3010
9117
7715
5269
6074
1393
9234
7117
7220
8919
2547
2912
885
7354
3452
792
8872
7630
2955
3009
7671
3868
9611
8
1372
6075
8398
6070
3321
1686
840
9958
6154
4315
3829
5102
3845
6522
1877
8736
5189
6440
8734
7343
4450
2747
1518
4438
3690
3781
8201
5857
4831
5858
2370
7436
1563
3673
150
7179
3359
568
6658
5338
3284
5095
7460
251
2714
3729
2816
4106
983
2095
7049
6507
8230
7390
3146
8928
8246
3628
7489
131
4544
5735
5654
9663
4685
1703
7778
1295
4819
1569
4091
3605
2044
1207
2889
9266
4389
3491
3698
9512
9336
1978
7310
4741
15
6222
7723
3814
6031
237
1039
8792
2297
2569
3624
1118
7548
3500
46
371
339
851
584
6554
6720
9179
8113
6679
8295
8806
7214
2616
6465
4429
7541
3339
6086
5802
3101
7590
7975
1920
4096
2389
4323
2286
1529
9701
7500
1561
8802
6042
3617
6514
6223
9707
5183
3973
4542
7080
7853
2838
345
1682
3171
951
7010
1461
2144
1287
5351
7654
6844
8588
8443
2688
5427
8283
3646
3505
5097
8741
8206
2691
8407
6688
2528
5078
9675
9651
5187
5933
5648
6897
1606
2379
2442
9084
3087
765
7601
5818
3959
4459
5019
3412
2191
4675
223
9393
9964
7835
356
4902
5195
8825
6406
2652
297
7819
6821
5117
4485
5879
4818
7147
2294
1204
4593
9060
3532
475
4664
9122
6170
6108
2829
7301
2641
2397
6418
3299
9154
9100
1390
7911
7515
8035
1176
695
5527
3066
9918
388
5437
4367
3687
9833
4729
8439
5567
2968
5463
3641
1328
2521
7302
5224
9200
7168
8662
1409
1675
6660
6858
8621
1763
3930
4565
9433
5112
9417
6583
5365
127
2480
9604
4292
5242
5163
6387
2859
1276
3304
9560
7801
1367
3810
5605
9772
2741
7823
4601
7772
6844
3995
7963
3790
7327
1207
9741
7049
6811
3388
6517
3174
1296
9968
2611
1703
9040
6596
2137
4956
335
5390
4015
9407
1557
9400
9121
1546
1858
1848
5821
1104
986
7003
946
7027
5669
8355
7321
304
5816
3888
8013
3747
3261
2677
4247
815
3929
374
2662
941
5391
7164
7136
6204
2447
2019
7889
4290
6012
8358
1095
4133
8167
8540
5478
4372
2940
9627
9220
2049
48
2410
8249
2719
1644
1212
7721
5471
9565
7448
9754
4760
1386
112
5106
6320
4464
2212
8615
4853
4173
5455
3191
709
5048
943
4438
6292
2914
8642
5787
1864
3946
8406
1084
3344
380
987
8241
7789
7481
1910
3343
1410
2207
8995
1370
5756
455
7516
31
6350
6520
7372
5132
1778
3786
6874
9436
370
1724
7738
5601
5189
6113
7563
5679
7266
5767
3200
6918
3324
3836
4882
9807
5751
8155
1951
4943
7508
7040
6855
4787
3978
452
7698
9399
2791
7207
61
5153
6342
2268
6360
2394
5929
9127
2150
1924
4933
4059
265
1975
6611
5142
3877
7440
6398
4847
2503
6658
5575
2822
7191
482
2823
8728
9183
48
3843
3367
8118
9568
1782
9660
502
8302
5435
7942
97
2361
518
690
943
5264
6897
6570
2704
2348
8448
3620
1621
7290
8676
3697
7217
2644
1691
2098
9850
3459
1716
5886
6615
7099
3760
8308
4898
6961
5589
5965
5343
2280
6757
7098
7905
6927
6095
2776
8205
3420
3677
849
2590
2572
9817
3558
7275
76
8686
7080
8079
5095
731
4791
3398
8229
5148
6649
5239
9429
7303
6137
4159
1328
942
3151
9494
9165
7867
3307
6340
2055
1661
1806
7007
6042
7431
6354
2258
2302
4012
1845
6574
3777
1552
5202
1514
2349
5478
6049
1191
5313
4328
7133
8199
3502
5145
7151
1423
4163
8161
3392
4225
7242
4164
390
114
9832
4499
2941
1154
6513
368
3446
1607
3173
6189
2947
5635
8087
4167
4941
6679
70
9353
6147
6781
9116
2921
5462
3221
2171
746
9030
381
3767
2927
9650
5323
9782
1511
5057
5220
6739
1926
145
5962
1948
6746
5776
7184
7471
2693
4897
4772
6288
8223
7905
18
3067
5469
886
7973
1850
8899
1778
8283
9267
3212
5522
4876
8740
2111
8562
2717
1476
2280
9781
5449
8833
4352
5312
9728
5267
1753
4059
720
3932
6922
2166
3243
4068
877
2220
6674
9662
8473
2943
6065
1195
1168
5062
5420
942
9401
7631
776
5302
6584
3799
1923
299
9938
4308
8299
8011
4627
1180
482
5452
4007
5570
8234
273
8239
5372
5983
9192
8352
5192
2701
800
6439
5625
8974
6269
5020
2063
3746
4664
6212
6531
1112
9618
9564
1894
1935
6172
3798
8703
8359
142
8738
522
2419
8777
5235
826
5364
8175
232
4409
6197
1448
9887
3199
8031
2674
9382
2828
816
4582
7770
3245
4937
8502
1321
6092
6881
9648
7321
669
6840
4307
2419
5456
7154
8052
568
8832
8991
1227
5591
7282
5311
5454
6439
1944
3255
510
2492
6505
2318
3590
9700
1120
5158
9911
6844
7200
5447
2698
4624
5671
5747
5357
967
1161
963
7309
893
7580
7026
6232
9980
284
4776
3469
3473
8487
2676
1290
6536
6703
8281
2130
8910
838
4075
4152
6568
6811
2103
2096
2260
2995
4805
4079
5118
3412
8638
332
488
3289
1156
6723
2729
8082
1680
8626
8383
7057
2397
745
3447
3673
3682
3993
5590
1694
118
3357
3611
1224
2377
8002
2961
1504
507
303
1518
2493
9050
2118
8615
6758
1610
7765
412
6224
9569
1450
513
2084
4943
1702
2721
261
818
2184
6817
9919
2605
4670
9034
9729
5832
1374
9882
8787
8288
3744
1460
9786
7643
3732
6608
8667
5854
9388
5706
3329
3167
7475
7658
9267
2123
2155
2606
968
603
5935
3269
9834
4773
7176
62
8374
7392
664
4829
9340
8224
2526
6672
3691
939
782
6513
6170
9181
229
80
9762
2404
1665
329
4168
7383
7513
8681
1314
4161
5484
1528
9
8871
3738
5557
1402
3970
7329
587
2117
6022
7337
1667
7343
1955
5637
3581
2085
7587
7104
7106
6218
7706
5949
1494
5501
1920
292
6355
3581
6836
7851
5930
4987
805
8107
2976
4013
648
4163
9880
8601
2670
1137
9594
5478
1475
5975
9345
202
1328
2214
5871
4859
2804
7175
2818
8523
1865
1709
5065
308
5115
1606
5705
7169
1738
8234
4786
9195
6391
4663
2416
9594
3093
6625
9765
3300
3365
3809
5810
4935
5291
8532
9249
9084
9719
5860
1122
1436
5076
6006
5496
7058
3405
5044
2344
1783
2035
6008
9657
6082
7463
3940
9039
5869
9950
5180
4238
6507
1926
7342
1965
3216
8093
1776
1039
8176
7040
5509
3443
5247
2774
1275
1041
6940
9382
8008
1081
1567
7311
2436
7312
5555
9825
6983
4768
8753
3895
1163
2890
2259
3425
9979
2744
1851
1525
5314
9632
5121
6667
7679
5762
9641
494
1134
6066
5602
9461
7590
2027
7314
7671
8194
8493
7545
8167
7777
9933
3230
8798
8290
9588
5034
5805
803
7314
5838
1438
8128
1282
7119
9588
8771
3437
8593
8145
9150
4025
1739
6979
9313
9544
6054
3009
8112
1885
2779
2510
2144
697
8593
3281
3566
1772
7594
9272
2978
6939
4500
2796
7857
542
7461
1903
5493
7474
3250
1388
784
5287
5454
7255
5469
5127
7673
6830
3062
6591
2232
4394
9873
7478
5197
7998
8762
2645
8910
6936
6673
4417
7977
198
7341
613
4594
4413
6791
7599
6732
9327
733
157
635
2383
3881
8913
5447
4823
8794
321
9726
2558
1363
9396
642
2203
4036
3902
3440
6220
1139
128
8142
843
7582
1784
7990
79
5543
9515
5470
2800
1457
2784
5715
70
839
7803
4320
792
5863
1842
4697
601
8423
226
6054
193
6337
7300
1864
1674
5040
552
5536
4438
4423
9458
7360
9032
7399
6624
2705
1073
5639
5889
9370
5040
6567
6486
5364
3233
1335
7935
9020
876
2753
9593
7667
2863
1914
9683
7223
3163
9867
2412
1200
6603
894
1863
9933
4233
4341
9622
1908
2293
8661
8932
8293
9675
3259
6137
5633
9508
9299
7332
7091
78
3596
5945
5213
5173
747
5510
9793
9246
5352
5070
8890
8532
4135
2904
7202
2479
5934
8560
6897
2385
5994
5610
5824
6658
1968
9677
4505
5614
2252
2706
6536
8563
4561
9607
4860
783
9135
3627
7117
219
3647
8395
4273
2728
5921
8437
792
6385
9850
6019
5569
9276
5856
9960
8253
3964
5411
6134
3684
5978
6307
1668
8330
4142
7523
4285
3481
5932
8131
7003
6833
6382
2246
2579
484
5140
2311
1980
4506
187
2405
9368
4144
2651
4267
279
5773
9931
8576
4616
3409
4183
1643
5112
5260
6925
4406
9297
3595
2494
2635
2172
8350
7470
8940
431
9068
7071
6911
1312
3234
2771
1637
4612
4335
1556
4981
6136
2527
9651
6549
3323
5172
7657
6024
8842
4636
455
5282
6226
6791
3237
1132
8890
7575
3632
1434
2840
7543
2462
9574
8000
2997
3719
8685
6769
1156
3876
2071
2420
9080
4697
4130
8339
2304
4951
194
6642
8465
9691
6052
4422
1934
4445
2764
2829
2281
9723
5696
4984
8047
5158
2303
7263
8980
8773
827
3875
7713
6448
5990
530
5770
1691
8833
9245
6309
8375
1469
9323
6203
5615
3412
8648
8350
1636
6827
9306
7819
2670
9775
5139
2075
1187
1454
4611
7225
2774
2547
4024
9451
9334
4286
5122
469
9168
7695
8910
2024
967
1921
5471
3396
8772
4326
8452
5317
4944
2129
6443
8659
5010
2842
9351
4538
7774
2016
7423
854
3948
5208
3317
6727
8138
4500
3407
3394
817
1843
9176
3935
6836
1458
7721
7812
7600
433
3926
4320
9450
4235
2790
7190
118
7394
1112
6874
4302
8703
5463
4517
8736
9321
4127
5120
1335
9132
7425
1530
8610
542
6512
5039
2862
8479
9489
2278
7475
3478
541
1987
6780
5624
7688
1579
931
3629
237
4045
9763
34
4828
796
6710
3272
4507
2082
5195
3543
9210
1422
8050
4358
1661
1015
2412
6601
7455
362
7369
7636
8438
8926
861
8006
8961
8396
8270
9052
8300
8333
61
3554
3431
7048
7051
6309
1238
4251
7411
2055
4545
3682
2740
2209
2257
2715
1370
7750
7304
726
3355
6242
9436
5135
4053
9714
1144
3495
6443
3128
1618
9276
2178
2840
7339
1544
7125
771
866
2058
4921
6749
1805
3418
5679
7128
8297
5751
1683
7670
2768
4313
4227
8228
4622
3631
7701
2486
7196
6589
6649
3371
8808
6190
2693
5358
4216
5512
6500
3331
4369
7319
1826
1130
3441
8131
4422
5548
3637
6616
7935
5977
9324
7053
2461
1821
4402
6214
1678
549
8674
5187
2529
9929
9233
9239
4106
3924
489
9729
433
3492
6156
8181
6822
2608
4314
6698
5819
8557
120
3282
1702
6515
1749
3398
614
1755
7542
2256
4083
5841
8149
8169
7776
310
9978
5117
5780
6
6988
8922
1709
6921
163
6624
7986
7294
5321
999
2569
629
7469
4294
6780
8563
3796
8044
1211
4777
5078
861
2092
4274
7104
8178
8286
9576
1606
8813
6161
3745
1486
3320
7836
741
3998
449
458
1113
9487
3414
5600
9971
6507
472
1402
4413
2592
2448
6385
6391
1129
5719
1239
5957
5316
3908
1949
1792
2416
4017
3287
6332
4846
9399
7320
6463
5368
9538
4998
5439
2819
8363
7449
8811
9349
8009
9605
1433
1259
1144
371
3025
8461
4256
4024
8954
3636
5643
4943
4803
562
500
7067
1693
7422
1520
5482
4314
1863
6112
950
540
8806
9934
8841
8896
2003
7403
1521
9682
2429
1355
6850
749
976
408
6812
5752
3357
1501
2981
9476
1867
6518
5210
365
7801
7320
3398
7858
9516
4919
3058
5795
1136
4918
4144
6478
2103
4746
8180
4628
3571
6731
3439
5680
4561
1195
8639
1980
5073
6335
4905
6992
4860
3911
269
6364
9907
5405
4902
9346
3285
8296
6331
5442
5333
1176
6087
6177
7738
565
2471
9952
1485
3434
2322
8295
3251
5677
1534
7087
401
7010
7195
7359
6960
3118
5658
5720
4061
5988
5793
5292
9371
8373
7798
5833
8443
4825
7387
3817
1252
5344
9946
4406
5064
3906
2847
5003
5648
6565
4860
4967
2645
552
3425
5564
1229
7757
5030
9859
4973
6365
2889
6059
6676
6586
2289
4222
9282
1013
3375
5643
275
3725
9468
7099
1595
2434
9639
5319
1674
9549
6899
2398
8210
1407
4329
8779
1228
5101
1435
7615
4784
2715
1285
7066
9682
801
6454
4494
1290
3992
5502
4230
7793
9970
5917
4697
8318
2802
5610
5709
3611
5144
555
995
9175
6158
6389
1800
1193
4437
6647
2446
6645
8067
8370
3019
8469
4585
4765
6801
7242
3861
1135
1022
1001
6894
6929
4893
351
6875
2210
5204
5497
4621
7350
2170
360
1539
3270
410
2983
6562
6401
4133
4963
8134
8502
1727
7398
7347
5627
8375
6774
1859
1873
2067
7133
1487
6251
2248
1060
667
2615
4598
7088
3111
8898
3352
1751
8320
9407
3467
5048
5883
881
1725
9723
8241
1826
5277
5048
3389
8306
8151
802
5307
7012
6054
30
6844
963
1620
5139
6115
2465
527
8197
1656
8027
7026
6920
245
9347
3751
648
256
157
5641
193
7003
2841
844
3743
6003
1957
4985
3757
7527
5625
5595
8755
9870
1880
2373
7144
4533
5543
769
7431
8769
5572
7725
8624
2054
9537
9682
8235
8209
474
2568
6558
9151
4649
6200
1084
1710
6292
1593
6819
7077
52
738
9548
3388
4146
2744
2090
1467
2299
6745
5950
3973
6148
9164
5566
9890
1944
1518
5138
4381
2872
4938
8721
5410
941
3664
5240
1187
6063
6018
8550
665
1830
2659
9312
2579
3490
4568
5999
5297
3655
8156
5124
6573
5110
514
4173
8883
4488
3843
8971
8262
1552
5350
2060
7374
7293
5626
8538
7191
7114
324
2218
887
6994
7512
3791
2817
7859
4251
1039
2697
4701
940
7009
9415
3231
5629
9071
1201
3579
7449
5478
4454
8857
2216
5308
5734
1347
8803
6260
1499
4636
7644
8361
4645
699
5980
2956
4984
5274
7330
5265
588
8017
4373
3390
1159
9480
3828
3820
6127
8430
398
1710
4246
3122
6212
2925
1321
3765
8449
4671
5625
3968
1632
6912
867
7911
7543
8997
610
4124
1037
2273
3755
2328
9212
4060
8776
7159
1222
6324
810
635
3812
1678
1811
5868
7285
3508
6860
1294
8827
5025
308
4143
7479
3043
7150
3048
4569
8957
9308
9883
2475
7936
2475
9952
4487
7133
1254
698
2221
378
9988
9422
129
9054
9798
9567
7238
7758
6046
6661
2121
7900
7098
3943
5991
9867
5030
6343
9317
4373
127
5818
1543
3802
561
6893
9903
3314
8271
8649
9113
29
559
7156
7524
5061
2255
6893
4405
8835
240
469
1106
6389
6496
5022
3014
5310
4762
2931
6806
1679
2707
8015
90
1245
8388
8630
7738
1709
701
4061
5890
1368
7752
6224
395
3587
3267
9493
8458
424
2540
7788
509
9316
9067
6917
7304
305
3747
2712
8461
120
4951
9162
6610
1674
5974
3982
7182
2160
7155
3144
287
9547
2265
4508
5288
9527
4250
613
8582
5340
4136
6913
5716
3814
4987
3820
9128
758
6252
7406
2623
519
181
606
7231
7529
2961
3410
1224
2171
2883
9256
8939
9645
6328
2184
4935
5211
9870
5663
5515
9932
5632
1868
3037
8682
9
9780
2063
7647
5924
7447
9072
6313
1617
5880
4301
9210
5324
4950
847
770
9618
2650
9036
7209
696
4380
5203
1816
7637
5863
3454
4507
3895
6120
5977
8119
4841
5827
4600
8286
5612
6067
7784
316
2267
4399
2247
1043
440
6040
8437
6978
1256
2448
3907
91
7871
733
2923
4174
3563
6873
517
1138
6756
9823
6707
8212
1183
5512
4034
5287
5959
3693
2267
9177
6938
1825
1702
8914
7490
4593
9901
481
2392
7837
7845
3389
6640
9867
1513
8659
349
6954
2582
9353
1378
1335
6199
4820
