8960
9907
23
9506
1579
9219
6224
4583
1853
1313
3336
3205
514
1080
5224
2330
2666
9310
6030
8492
3460
2810
589
4476
8961
2597
2687
8181
7973
7989
9890
4347
8682
7916
2399
4435
1319
9936
7429
7077
6585
9709
2255
5949
3868
9787
8935
7082
2860
4234
4900
9187
2801
5156
2551
2741
2596
7496
6776
3444
7634
8061
2557
7895
3966
6728
5916
3354
3994
9853
9931
3398
1492
2316
8403
1769
6321
4120
4497
748
1786
9063
2568
9614
9710
4349
8645
4713
9156
1152
7448
8637
1266
3082
3617
6050
2041
8631
6749
4315
5125
6158
3266
2917
6314
5172
8446
2342
2351
6771
7650
1470
5067
6490
678
7783
5679
3625
4706
5319
3291
5814
735
8234
9631
6292
5202
1273
5412
6837
9043
1387
2816
5192
7291
8553
101
7735
7364
4471
7165
4218
3577
122
5742
5332
8882
6423
1225
3576
5985
4219
944
5612
4192
9072
8619
781
253
7984
7502
4601
4629
2061
2926
1237
5542
3669
9016
4333
8758
919
9126
698
1766
8156
5321
7877
6106
9736
7374
7368
2556
4100
2050
2520
5515
7436
6594
6677
5364
3960
4437
5655
941
6551
9765
3013
2644
3750
9254
4934
1431
1207
1946
1451
5867
7081
170
2224
2197
5687
7624
609
7089
1096
793
1773
8906
1452
8860
8567
74
2610
1353
8668
6769
2008
4509
499
3281
8437
8086
3895
7552
3770
5581
5948
3397
4957
1320
5169
2375
4463
3604
3383
9694
3972
8847
9905
4847
55
708
6664
6031
6680
750
5679
9926
6376
8723
4078
9460
7951
9223
7104
9622
7850
328
1520
2508
1778
1356
8066
8174
5324
7053
4287
6296
9305
6034
7136
8296
5311
8681
2527
9779
7662
7745
8772
9701
2370
327
1366
582
4746
526
5594
3698
9881
815
4528
9717
9709
1433
1306
5029
7528
1616
6132
5162
348
4171
4191
8722
8345
2656
5832
250
1415
166
5175
6405
8367
9240
4544
4303
5426
4950
1460
9226
9387
8955
938
7279
7486
2792
5239
4644
9842
7281
7903
1675
2107
5931
1653
7683
7279
693
5079
5900
3754
4631
6962
8191
4168
3617
498
6306
4693
2276
6455
2339
8813
6719
346
4016
9355
2740
7527
9239
966
7206
1171
6384
7210
9152
2024
9099
6700
3094
6308
8968
9615
9291
7259
7866
8590
7799
4540
9354
8658
7456
5358
8013
3537
950
9241
7384
5710
538
9080
94
2662
5477
3457
8733
6488
7725
7327
177
1531
2996
3759
3609
4647
5231
6639
6410
7494
579
5119
6944
4976
1136
9882
4419
1269
5215
5919
7401
2305
4619
3820
7066
9682
2473
3354
8264
9905
6355
7081
5713
9655
6254
7934
8156
6445
145
8425
5454
9276
9898
1834
3668
2673
8965
7586
9844
1190
1299
5423
504
260
4362
5264
2431
7091
5589
9515
8507
81
9645
9818
2379
4269
6114
3929
5226
3866
777
118
287
1177
3493
8192
6396
8150
45
8927
2433
9933
2910
6450
3502
4083
5771
5219
4436
787
3829
6376
5285
77
364
9705
6075
4110
6927
4462
3770
3430
2944
6858
3803
8054
8076
3946
8408
4740
7279
8769
7303
3458
9614
7975
8792
9616
9289
5625
9709
7432
7046
2079
7535
508
4696
1169
1495
7318
7681
3546
8764
409
586
3370
1194
5341
9564
4875
6073
9925
9941
7475
7208
299
7110
9151
2160
6353
2571
8230
9344
8717
4617
5307
9274
8722
5072
7263
134
1724
8956
7005
4113
1004
2442
2616
9905
9544
2469
631
4197
8007
3817
2411
5810
8457
9617
6032
1041
4859
1292
4307
2385
5200
8074
4306
259
1313
3028
1313
6509
2142
6040
4372
8144
7072
4465
4962
4016
6363
1399
7871
2736
602
7129
505
4002
9267
1331
4361
5514
4907
4652
4499
2077
5282
4660
8097
3460
3606
9807
6976
6268
7845
5597
5324
3418
7648
7134
8846
2595
7181
9877
812
441
6581
1732
3206
299
6709
3391
8036
9451
1605
1117
2674
8844
2823
6449
1677
7181
2252
6017
3642
5049
443
3793
9923
8945
7355
741
2780
5269
9253
2349
2529
7633
565
1523
5646
9246
358
822
7127
6116
4910
452
7748
9854
7181
4733
8965
9178
2017
6642
5150
4012
1727
6383
1652
1587
8655
4502
1980
6478
7889
8321
5334
1633
2761
2239
5351
2621
3168
2508
6787
5630
9724
9127
4097
4641
305
7695
7594
4746
6452
9375
3140
3034
3940
5735
1066
2759
8367
5683
1127
3932
317
9362
4364
6230
7607
8721
1945
9285
6427
3815
560
133
812
3019
4783
7251
4058
8279
9531
1583
9889
8829
2616
9375
8600
3431
9088
4035
4931
6243
3899
1292
1878
8061
2189
5891
717
5074
6044
7132
5561
2609
4256
2910
8604
3213
5597
3302
7774
7367
445
3490
4814
699
1625
9972
316
191
6876
7100
6740
4990
5500
4532
4049
8246
714
896
9407
5054
3992
1381
9167
8126
4686
7870
9789
7657
417
8048
6747
98
5164
8584
2026
4355
8730
691
8499
8438
5964
6985
5273
8739
8543
4575
3572
1609
6081
9341
1337
1114
5961
459
7571
9183
4971
4976
9960
9335
8293
623
458
3251
3974
8553
8187
9123
5599
9855
5299
7895
9502
7279
9231
4212
6800
2084
8166
3855
2187
2369
3920
8783
2132
253
8176
2782
5367
12
3159
3484
7143
7136
4731
4548
3681
3333
9925
1157
1310
6831
2146
2422
1988
6893
724
2144
1060
8701
3093
5960
6512
2444
768
8669
815
8558
7712
6373
9752
2516
1566
4872
7685
3617
523
9418
1397
388
6645
5235
2776
1095
3844
6115
9727
9478
5151
654
283
3115
8044
5763
7916
9766
2783
935
9756
9985
4839
1841
2527
3879
5001
7872
4273
6176
2268
7113
7150
7735
8933
5224
7727
968
7041
2885
1704
1359
6186
8514
9860
6178
2548
9620
2872
1379
7421
9856
4273
6818
5660
4336
9305
9085
6391
4105
9211
2620
4987
5033
6698
4980
3228
6006
4096
4131
921
5414
3343
8880
3352
9360
7995
1544
2946
355
8021
2324
5149
6969
3874
66
7988
6273
859
4280
7673
194
4562
8892
9554
6780
4675
8993
4940
4353
4205
1876
4350
252
6135
142
6737
7723
5713
8771
2594
8318
4280
1277
9712
6328
1062
5458
3916
4522
1326
6962
1884
5821
4038
456
3050
2581
9416
3050
1857
5891
7278
3109
1418
113
970
1455
4899
2505
4685
1405
7503
732
5398
5232
5356
3609
466
6146
9315
5804
7687
7402
1203
8102
8616
7686
3754
9393
5738
68
8796
8265
2338
5772
8475
5268
4522
9273
1487
5049
8772
7552
2524
1434
7411
6756
6624
4436
2166
6889
897
160
7377
7856
8947
8563
92
8077
4152
6058
6220
7098
6776
9660
8705
5186
1902
9053
2465
4327
6606
4647
7218
3545
7007
597
28
8239
3618
5708
9289
3975
3596
8074
458
5445
1564
4965
8703
1907
9872
7719
7785
1223
9208
2936
3896
9329
56
6036
7471
2699
9857
3388
3225
4461
9450
5967
2679
1761
9622
5914
2174
9999
9561
6896
103
1142
2344
2260
8127
3610
4387
5725
8424
9813
8848
5832
1900
663
8579
7492
9564
6692
3132
9592
1461
3497
5512
2955
92
609
2516
7114
8472
4891
2269
3463
9833
7064
574
7881
1350
9922
9589
666
9307
9266
3075
3773
701
1583
671
2853
8703
7148
4810
2490
5151
421
1725
9423
3549
8002
6920
512
7997
8949
2967
919
9793
8700
5431
2352
7473
5408
5942
2419
154
4882
2420
8230
6250
2917
7928
921
5202
9359
5672
3682
8946
7721
8820
4492
6374
5511
4385
4495
3768
1326
382
1572
278
3724
5493
7019
9971
9949
7360
1884
5634
2223
3736
3897
4517
6226
5116
9274
5042
8692
142
2895
5121
9772
6879
6249
1531
690
6942
3530
9158
2668
4240
9968
8762
8493
8108
822
3632
3145
9966
9019
9188
7941
6034
8620
2929
6868
7160
8810
6322
4306
5335
3594
8311
4230
3698
9490
1445
8593
867
8425
513
4724
1460
7675
5945
4986
1211
7447
6321
5227
8135
6780
442
7495
8045
9309
7037
2348
8933
2449
8560
1031
4065
8204
1833
8748
3832
1784
477
8730
1747
1626
721
2827
2469
3236
5190
2900
5288
1426
9783
2089
334
8275
6383
2502
2307
8936
9227
2858
7369
9957
7319
901
1859
2580
8470
2171
2068
1202
8602
9199
8340
0
9826
8519
1176
5294
5334
1248
3350
2152
5374
9485
656
6811
4980
3781
8278
5159
2683
2873
6514
8071
7069
7234
7562
8923
5911
7876
9685
1503
6137
5114
2528
3437
8635
5093
5653
9252
1251
573
4829
3424
6811
7477
6300
6575
9245
5059
6395
9067
7511
3749
7171
6527
1532
4784
8209
6235
712
9296
3904
4081
5173
6522
8360
1170
9915
4182
9421
7282
1461
6964
1396
2606
7992
1950
8857
5810
8731
2704
1638
6409
6276
5724
7229
3818
5938
4750
1784
9584
5445
8763
3285
5799
939
5590
4662
1315
5225
7400
827
4527
4343
7700
4316
4535
6316
8360
4669
952
8680
5141
8687
754
7048
4310
388
5646
978
4361
6032
8603
5404
9612
2928
7113
5130
2588
4477
5369
6386
2170
136
2112
361
7712
9064
2777
6255
8860
5319
283
6998
8984
8687
9407
597
1411
585
898
2140
3457
2291
7309
1478
3152
6147
4204
1984
9255
2727
6220
9185
9249
4289
4406
3219
5911
9085
2935
6155
6449
718
9539
506
2281
7902
3180
5660
7508
781
3632
2885
6196
2763
6421
5059
7641
1726
4963
7154
1018
1719
8759
1766
7014
1215
780
1727
4646
1767
5389
7708
1493
1651
4121
9191
3001
9894
1263
9687
2070
5981
2853
4772
1584
2174
4802
9470
2525
6987
2071
4886
5361
8435
7227
8815
7870
2837
5216
7273
7204
5088
7451
435
1263
6028
5498
2046
8663
5510
2934
919
5236
6036
9360
7331
2536
8805
8495
4079
409
3011
2176
8061
1310
6120
7825
5656
370
5260
1885
9838
1162
6172
7062
5894
2704
1230
8560
7705
751
5422
2911
6945
487
8216
9179
6430
8045
4058
4019
9621
8469
8455
9435
5172
7870
9882
4057
5662
8590
3214
8583
7249
8734
5360
2177
1649
9645
7803
3073
8152
3682
8495
6017
4150
3150
3633
1759
8473
6060
2131
4726
7634
194
4226
5670
1734
4001
9367
306
7686
958
5823
4129
6492
6034
1385
6503
4787
7683
4458
1994
2730
6917
4474
9413
4252
9737
890
6099
7017
594
8666
565
9648
8811
3924
8779
4736
2048
85
3192
693
3242
3555
7179
8763
7692
7645
7940
8763
3569
2299
8577
6326
4649
8879
2903
6754
3342
5938
4636
3225
752
6933
3211
891
8227
3622
7507
8488
3563
36
7949
1355
2770
849
4858
1664
8381
1925
6527
2368
4103
2851
8422
7557
8854
7416
1732
3892
833
5129
8805
3948
5931
6293
1562
5466
2516
447
2995
8359
2024
3435
3771
8574
910
9646
6294
3383
6458
2039
8049
8208
7574
6432
1898
5710
5078
5434
1374
8535
7576
6672
5905
3565
3580
9799
3426
9307
6250
1205
5004
9053
8942
3990
9401
4623
9499
5488
787
2295
3658
3781
3252
2044
8770
4475
57
4657
2573
9584
9577
9740
1205
3509
9737
2886
8700
9888
4076
1079
1704
6466
8145
2659
8224
8698
5083
8023
2792
2564
4752
500
747
6938
2733
3803
2704
2764
1259
1933
2927
7025
9737
3075
4244
9403
416
6695
8318
5452
9506
4704
2411
9515
3172
5949
5377
3060
79
2349
4639
2943
2972
46
5253
2887
9971
7199
2190
7618
3746
4942
2682
5391
253
2283
1908
2235
7260
653
1094
6081
8703
4836
192
1235
7644
4020
513
6425
6995
1556
4541
8255
9604
5946
6445
6042
2373
3920
7112
4468
8546
2639
8002
6492
630
9334
4552
7147
4613
2404
7940
4694
9639
4279
6452
4715
8812
815
2229
7041
957
3736
354
210
2194
9931
2798
5230
219
8102
7878
721
5363
3632
1579
5224
740
6768
7505
9585
2986
6334
8482
2619
1275
7090
6358
3299
1841
4180
9945
6925
8389
1503
1672
9091
6609
4684
422
2447
8997
4444
6962
8426
3678
5992
6174
7525
48
1913
9815
9753
7934
7273
4189
8516
9354
43
4031
3070
5830
559
9827
1557
7374
9560
1800
1576
4848
9785
8355
4753
4664
3080
8110
5718
9689
5216
6577
749
8505
3276
3774
9778
6852
468
7111
1276
9406
3103
4138
6883
5185
1585
3750
2573
9511
9590
1460
5752
6953
2294
1079
891
6984
8446
5144
9049
9577
5382
1828
102
363
7929
2047
1338
9958
1364
965
1348
2807
2470
5870
1291
7534
4160
5270
6208
7603
1856
7402
8258
911
952
4037
2353
434
4783
5786
469
3169
4681
5965
3582
4409
8540
5641
5762
4205
572
7152
4529
4803
4560
6046
2959
7077
239
3803
399
8762
5830
8806
7376
3231
6015
2324
1007
6871
7723
604
5507
8252
2108
373
7716
3294
2144
889
6104
1300
8
1732
2060
2932
508
398
9586
1173
5415
5257
2102
7616
5828
77
9939
2761
5094
3582
9294
3003
4145
5863
372
6604
1773
985
1047
5177
7211
8351
2242
4153
9440
3920
860
2848
6106
6852
3358
4450
6172
653
4949
9576
2319
5731
388
909
7764
355
5920
3203
7876
9113
5926
4319
6756
4631
4603
317
1930
8563
2215
2880
5311
1336
3449
1078
7867
5254
8381
5927
5730
7283
8232
1875
3497
8174
2077
2468
5397
6781
912
9676
5776
6082
6577
5955
5516
2591
6472
9584
1112
9630
8823
1564
1426
5708
6261
4169
6308
3048
6752
1626
9258
178
7773
8186
3984
7754
6865
4775
2598
1360
8940
4423
9535
1871
6738
2869
5943
5966
4318
6933
1673
9039
245
7996
5690
1220
6853
772
6805
4259
3531
2344
6008
3230
6370
6123
7009
2407
4212
6937
9432
2382
2539
6058
5338
8314
1099
1421
4445
1310
394
2906
8698
2179
7703
4576
7592
6564
7221
7006
9584
3315
7285
3832
5584
2167
5283
2177
3635
2378
3952
7732
9306
5340
9226
3814
2138
4922
3136
8170
5562
436
9801
4333
1126
2361
8331
9474
4487
6841
5070
1104
413
4604
3789
5071
9840
9672
4644
5257
1955
8488
7293
1166
2795
2620
41
5635
8428
6327
8958
9147
8593
511
6801
1167
6599
6964
361
5031
8321
3577
8635
6185
8702
4373
6312
9992
9365
1880
688
1032
5019
2922
4307
3274
4919
5297
9337
620
8129
2483
8447
3336
5085
2215
8089
6738
5676
1875
5537
938
8430
8111
7737
3219
654
5090
9745
9825
3732
1042
2005
3450
3783
7733
4671
489
1680
3251
9755
1508
9504
4013
8253
7798
3910
205
7124
5558
3304
1542
9729
3712
8051
1518
6116
8093
5119
8186
9517
8964
7051
4970
1312
7762
9148
907
4901
9874
6163
3016
5627
7281
5072
8412
1749
9744
3833
6393
6986
3704
9912
8842
7442
3437
45
3650
1700
2607
9508
5926
250
1162
5402
2033
8140
3040
9868
4213
5456
9468
8047
9641
8619
8371
8358
1342
7
5257
3569
6367
53
1386
6821
495
5909
9055
6491
5907
1080
9658
4960
4370
7616
858
2124
1725
3270
922
6682
8541
1217
4455
5438
2503
3465
7751
704
5819
2715
31
6127
5773
3124
1178
1962
4024
934
2054
4990
1647
7025
9588
6937
7889
9351
3858
3863
4132
8688
7616
1931
1803
452
7813
6763
4462
5598
2324
879
3495
813
8958
3815
6563
9747
6947
2765
5145
3656
8765
4439
6249
5351
3846
2912
9107
5097
2722
8330
72
8045
8133
8779
4434
1021
7911
5527
5699
6875
36
4615
4262
695
1484
721
3496
1704
4882
8645
8319
7547
4781
3345
3543
578
9786
5149
123
5122
2809
9440
8167
4446
3725
7187
4307
2785
92
66
201
2254
5656
1701
2655
38
3532
9117
7435
677
9618
6768
2934
8293
6915
7030
3155
1392
4963
5192
9155
9755
301
7080
1681
2510
1156
243
6324
450
7470
2940
9801
2878
4842
3843
560
6702
5134
1317
9227
322
965
8216
8460
509
9699
2774
6154
2364
3215
535
7507
1642
3030
3115
9321
3277
403
1451
1232
6932
5068
7911
2462
1241
8780
3244
8648
6478
625
5960
3993
5514
8556
5558
9701
2810
3193
6772
5618
2916
9086
2440
9352
7305
3280
8380
6984
871
7323
4526
5969
9769
5612
6310
3790
4316
8184
3004
9739
1360
6330
1900
3372
8716
5076
9814
471
7058
6880
6924
1862
7096
8542
4330
2032
3606
4673
5397
2170
1903
2565
6188
6420
1116
8445
1653
4465
7062
5793
8042
4281
6650
426
1308
7555
8680
1522
5012
357
516
4834
982
4882
335
4614
3586
2828
3763
9907
3991
4747
5443
8722
1011
9498
8459
3895
7888
7114
7656
9310
8722
5483
9918
3772
8208
3744
8397
6551
8430
549
403
7998
3379
9087
9358
4148
6680
3623
5956
8982
682
9798
4224
172
558
1682
6630
7372
4474
6332
2355
4692
2654
565
7906
2319
1769
2792
5027
9871
3191
4888
4864
5997
7842
3575
5927
3724
4583
3493
4640
2281
6395
5608
3301
6512
1002
1040
5946
4560
213
390
3818
6112
5972
8201
4373
6695
8255
5909
5267
943
2557
2181
2389
9171
7821
4208
228
922
7335
7104
4729
3617
243
4804
5272
1663
4371
110
8412
8939
3941
1578
4488
3226
2715
7602
9700
494
3538
2177
14
4308
8066
1652
2952
6935
9854
4010
526
3292
8149
7849
5862
405
7341
2260
1835
7984
676
3243
8852
9978
1150
1488
7226
3952
1337
432
1637
1553
8525
6185
2588
4310
9939
4758
4710
2215
4260
9817
4272
8662
1392
6845
9866
1126
6850
6873
7943
7573
7854
2938
3732
8510
8791
7541
2894
7357
9168
1375
1454
6262
8086
77
3505
5020
46
4596
4908
2464
9431
1804
9606
3339
4324
4418
4755
4647
7080
2229
4773
9284
3670
4610
7769
2684
5631
7768
622
3664
7083
1505
4828
5133
2832
3687
9043
4466
1263
4843
3421
434
2194
3556
8525
2076
5738
1282
1697
1354
5969
3148
7894
1162
9075
1173
1279
5412
9096
9634
639
2838
159
6685
8355
1805
3816
2036
4998
831
717
4789
2452
3171
7894
9147
3335
8854
1403
750
6629
1087
426
5431
8792
956
8667
7793
1757
5895
1511
5011
3679
9657
1548
1271
4256
4483
153
3676
6302
579
1050
8574
5481
8427
6434
5415
4795
2808
8750
6428
4389
9273
1405
2930
6655
7360
4314
9217
7639
1557
9735
279
3134
4982
1348
5076
9425
2998
1700
9845
783
9769
8638
8447
6019
6021
2369
3334
8269
8193
839
988
3966
694
2785
8336
4234
5650
7561
4101
3812
5044
6771
7471
1694
9381
4092
8253
2003
7373
4314
3642
8824
4128
1923
5663
1989
4861
5341
1698
4731
2421
1507
5059
6866
9169
8726
2737
6976
8958
745
1825
766
9289
8883
366
5835
1570
3338
515
7726
6688
8275
7958
9087
6257
8172
1185
5775
8879
4590
8264
4605
4828
6223
190
8888
921
1776
9305
6125
9279
5164
7541
3324
8177
5083
4724
6540
7101
5607
2265
3823
2799
5442
7903
128
3821
5834
7548
6316
6476
857
6622
2133
7985
5663
4
3327
5503
1463
2698
7426
8411
1468
8633
921
8326
3541
9002
1049
7376
8264
9154
8359
8567
3778
7800
3519
2388
3288
6690
6157
7878
7625
5146
8671
3575
3351
5618
1231
3746
5827
4867
69
2173
78
1401
5108
5502
1029
4040
746
5329
1672
6752
8141
7479
2262
1716
9039
337
9795
4731
8578
6808
1836
7745
5577
8423
9718
9382
4275
6784
2456
775
4354
3930
7275
5735
1942
1259
5888
5719
1821
9395
6060
8575
1805
9432
3172
5789
6570
9739
5248
6625
4715
142
5290
4599
4294
3828
862
9466
5654
5695
5394
7802
1389
883
5382
8833
7557
6804
8996
2141
3937
4768
5436
8507
3872
136
5933
8611
4274
9201
4274
2244
3689
7153
2996
6977
3677
2473
303
2024
605
8096
7080
2686
7944
9836
9567
9945
8499
702
8883
9837
9648
252
143
900
1297
3143
3327
8857
2954
8402
7425
2734
7264
380
3210
2511
1332
446
259
5270
6990
6047
3750
4570
2921
197
5401
6765
2927
4532
3517
9421
6733
3874
8222
7573
3657
7182
6750
2637
8557
5440
390
760
4940
4118
1383
8801
5985
3548
2163
4494
9586
9241
2130
7867
8860
8173
2361
6292
2265
940
160
3453
8189
817
9149
8520
5846
8675
7423
8458
4704
1565
8705
2799
2138
5616
2973
8345
8753
800
102
365
9946
8215
8835
8398
146
9485
4549
8444
4411
3991
5289
4730
4520
2910
6391
3569
2446
778
9241
6256
4797
6381
9529
3162
4346
991
3337
2919
8881
1906
1809
7402
6642
4402
5306
4705
467
3546
6626
7189
3584
2476
4222
4373
9310
7405
8491
4582
8607
6900
9967
282
4912
1678
342
2206
3685
3103
4430
4253
1739
9074
2341
8743
5893
7562
1648
3238
9740
4769
3537
3023
4347
8364
927
8304
8501
5886
1007
3173
2362
7174
65
6253
8375
5608
4524
986
490
6069
146
3154
3042
72
2991
6041
6834
7712
6820
1564
8946
1716
5109
4023
7379
3212
7049
8502
4396
273
116
5318
1886
257
488
827
3281
324
8861
7204
6956
5442
9932
5128
9631
5831
2182
1641
3785
7875
4730
5155
5709
2683
7893
9573
3193
5478
1467
8022
4071
1049
6556
2109
3167
2302
8134
1781
8319
466
5523
5645
7663
9329
1227
1193
8416
1105
3533
5702
1531
1322
189
3875
5948
6312
5466
4644
6737
123
156
2125
6078
9624
6712
9406
9081
163
7165
1469
7283
4453
1699
1640
4675
2824
275
3542
8589
7807
939
196
2446
3610
2311
8814
8708
6855
9812
4704
2450
4849
4908
4591
3021
7615
140
4657
6656
1183
1342
8633
2684
4525
3111
5332
2095
7096
7288
3608
6230
2179
2424
7682
8273
4103
8997
2739
3185
372
7000
410
3202
1479
1641
2016
9153
6687
4379
7230
3936
3175
3623
4641
4119
6392
1951
9100
8656
458
3560
2189
4664
5675
9528
8891
9997
9755
8083
8094
8268
120
5016
4058
2901
1163
7578
1859
7621
5626
2247
41
9108
1466
6778
9403
6942
876
8827
4688
1236
6884
8261
1040
4012
2200
4787
7529
6444
9900
6716
7327
4961
2335
7456
3789
4743
8282
3422
8919
567
7182
5949
7256
695
9827
3780
268
9105
81
3777
1313
4534
8070
5006
2021
8720
2177
4217
9171
5736
7888
6247
4721
1983
3839
6211
550
6062
6363
4721
3438
1676
6818
4209
234
7623
7446
3997
4566
3416
3995
773
850
6168
177
4773
7187
3369
4663
4377
3673
1185
6392
8857
2605
3428
4431
244
3714
7572
7401
258
8372
3843
5373
6401
9152
5447
4606
5541
6908
5930
5263
1095
3098
151
4556
4352
9896
91
6015
8754
4040
6198
82
8811
6773
6494
7075
8608
575
1779
5332
9625
9994
2148
4391
8302
8605
9801
1465
4048
1982
2663
4193
6327
1835
2842
6010
6398
6788
7316
5929
4351
9246
357
2302
9473
9327
2899
8275
6110
4920
7286
8204
9490
998
8852
6686
8449
9301
3033
6742
3346
2915
8234
6119
3234
7121
7910
2715
6698
7703
7532
9195
8452
6791
1485
3055
5596
9143
1981
4428
6965
6156
9637
5576
6691
3411
9466
1667
4937
6094
437
6109
164
1450
8730
2930
620
2320
9500
152
4146
2681
3667
5624
8782
1400
6170
6923
6378
7951
2681
5786
6172
7800
5866
2164
2482
4771
4272
3011
1688
2831
9028
5873
8908
7324
8533
4724
172
859
2547
1290
4867
5728
2041
9875
5561
6818
5152
5288
9233
1808
677
3435
1777
3980
1480
6516
2519
8400
4706
2032
4565
1075
352
480
9150
370
2689
7587
6042
7556
8594
3247
9814
6703
9806
8735
2068
8574
9033
3799
8955
5410
5353
5594
6701
7667
6240
4314
1803
2176
5171
8067
8077
8493
2246
3928
4239
6440
899
8005
729
3381
4194
8318
7440
2406
2692
8857
7126
2723
131
7756
7791
8741
8919
456
6603
3143
1058
4700
4170
3995
7874
9854
9595
8205
362
5708
7953
6152
7912
9124
1156
1112
9451
9870
4187
2870
5534
9654
9355
503
4763
9079
2939
2307
7960
450
3447
7010
5968
6355
2286
5906
2756
1629
6637
4567
5176
5523
7031
3167
4736
9320
9465
8265
150
7632
6426
4226
6705
9447
6126
5277
9538
9558
9056
5250
1798
3173
7887
9762
1633
4468
5987
7371
1199
6119
5121
4807
8707
5002
7353
1021
4737
382
908
6917
106
1420
7937
8951
3524
9342
4724
6659
9692
7093
9020
5420
9605
2346
7978
1811
8311
2293
1568
8926
4795
1650
1212
5355
7302
7935
2827
839
2316
1563
6528
9377
5844
6393
8362
7233
2006
8941
1676
4545
6947
2989
8442
3378
6316
2678
9109
7257
923
4646
5024
4376
1573
5847
8508
8946
877
2297
7417
6966
291
5434
9179
4963
760
5394
389
9508
1693
4942
4465
7654
730
9823
414
1110
6981
3438
8079
3960
724
3081
2871
5776
3802
6811
6347
5992
1622
1216
3623
2830
7996
4557
5688
1561
1851
5697
3908
52
235
6429
4049
2493
3534
1799
4473
5304
7495
1525
3622
3424
6858
6350
1360
244
1282
495
8737
7000
4825
8719
4178
7406
7217
9808
3079
3422
457
6442
8290
3969
8022
7159
2197
6254
7289
4106
4264
5010
3328
7414
3728
972
388
3225
928
9961
9753
6805
9407
1339
9846
1219
4750
4244
3247
9596
2551
3649
5278
1625
8707
2997
3479
9800
2703
4932
3317
7802
6792
2197
6962
5634
1302
3117
8024
2168
5931
8874
7096
3488
1144
905
3681
4528
4531
2030
3972
3062
933
823
4825
1890
603
469
1914
3280
8828
7344
4318
476
5989
3881
8112
7685
6528
1308
1264
6854
2269
7794
4996
9199
66
1442
2302
9690
8644
2943
5907
4551
4315
8573
1112
4961
3254
2289
5510
2205
6373
3724
1136
1056
6473
1719
8815
4080
9132
8203
1874
9289
7873
6232
2745
30
5472
6709
3079
4381
4524
4285
3181
3078
7392
719
4499
3780
3058
3532
8324
7273
8297
1054
7034
2883
1292
8482
8427
4421
2863
4132
7134
2257
6387
879
3203
4047
534
9676
3501
8930
6722
9458
546
9514
1465
5706
454
685
1783
8815
8673
5820
8350
7386
7690
808
614
2747
370
6367
8810
4381
582
6069
7386
6164
3241
1269
7634
5491
3327
1656
2696
9164
5238
2779
7719
5494
6945
2899
3188
1122
379
2708
8675
200
883
7560
3720
9799
3215
5096
5992
325
9657
1462
7925
6287
6946
840
3327
9865
4948
6338
7522
5561
2511
2703
5737
8884
5145
5500
4497
6525
8658
2202
7784
7588
7634
3477
217
6470
3238
9624
9610
6270
1110
6637
5001
9451
7752
7142
7932
6597
8549
9552
7506
125
6670
5488
3025
9603
6157
3844
925
6330
8311
9932
9359
487
3395
9247
5727
7279
5
2632
5357
7870
3696
676
142
6141
5046
6429
6283
1704
4553
2331
2960
5605
4999
1057
9395
3223
5717
3771
5629
2343
1484
1315
9289
9696
6225
3702
3117
934
3512
8514
7593
4512
6496
4872
4257
8886
8629
3362
156
1834
3747
6251
9907
2342
1411
8215
4056
6642
3039
4752
1044
7624
297
610
8517
4414
6847
5237
8353
986
7969
5164
7258
1539
5884
5544
839
7670
5619
4831
3846
5318
2646
352
8258
7409
2295
859
8875
2376
6605
1963
2763
4420
4602
6796
6328
7074
7954
2209
3444
8015
8192
9622
44
1417
6264
4090
4183
4770
421
7493
1318
7583
4387
3379
4133
5230
82
2956
4177
3943
1339
6280
2614
2070
7601
4202
7814
4900
8782
3720
4037
5483
3199
8694
3183
8053
8185
1988
9904
7164
6269
7034
1547
321
397
3718
2658
9536
928
5879
1026
8556
1383
9224
7818
6184
2587
9913
809
6869
8989
7593
3972
6206
2254
1255
4959
7873
4750
7541
1128
4461
1568
8796
9261
5719
3988
7841
6715
97
2166
2534
4875
3784
3510
26
4234
1553
3380
5091
6194
3039
9197
3454
6475
5276
7010
6918
6157
8015
981
7045
8756
5901
2061
964
2877
5535
4870
1345
1489
935
4626
8374
9047
5180
4671
1165
6263
919
2784
196
3583
3914
9857
1139
9317
4313
5667
8840
6276
1038
6296
4729
6024
4874
1951
7384
5925
373
909
4595
4281
9665
3561
1228
3505
8056
6238
4065
3949
4597
7372
9351
7170
3690
4941
7461
605
4215
9547
9301
8093
1832
1566
9744
6675
7534
6043
1090
1209
4190
5479
4706
8418
42
7984
2617
2861
730
4055
7159
6421
321
2278
2072
2739
5239
3128
6694
7426
5401
4065
3769
7181
1821
6800
1638
1425
1631
8574
8206
7027
6251
9809
4226
721
3519
2395
7649
1220
3192
6308
9664
3034
2067
6465
8802
4933
4192
3282
824
6264
131
567
5653
5527
5593
5626
6563
127
1569
2131
1339
2689
883
5080
2473
6193
1700
5939
6601
6925
2293
3555
5512
4681
1105
4816
8673
7060
1191
3856
7619
2385
8299
7904
2445
987
1546
264
6616
8095
9269
7962
4819
2912
5300
9203
4955
5364
6014
5085
1508
1972
2100
4817
8788
7670
9308
6746
1328
237
9852
8133
9723
8227
9286
8886
9611
4486
1360
2092
8680
7125
6629
3879
2043
7489
7406
5753
3829
4259
1251
7374
2857
6004
4039
5851
763
8653
3734
6255
8910
1959
2555
7687
4168
2508
8634
6297
9017
649
4916
4352
4220
2341
5498
375
3855
4536
2273
6095
9547
9933
7786
668
5471
8894
6721
6901
6961
5016
9159
6722
1084
21
1936
9874
9011
3701
9612
3409
5640
3068
8129
2279
801
9870
8945
6186
3662
542
5186
3404
2650
9006
6731
144
8414
4024
849
2685
4048
6152
5071
2145
3933
7727
826
7729
695
7839
723
117
3323
4942
7414
1031
4776
5981
9364
8776
6835
692
2005
5009
3811
6771
6039
8694
6264
7477
4902
3692
8984
4683
8849
2743
5770
3360
5635
7969
743
9136
6021
2604
1621
7335
8641
7870
3477
8729
9620
3592
600
4724
6865
433
1114
2364
4772
8881
427
7796
2272
5194
5330
2679
6486
2641
3333
5238
8397
5697
4709
6917
4086
2078
7830
3563
7351
61
988
7658
2447
5106
399
550
4969
4287
194
9804
8956
6238
5767
9461
1037
6847
8556
2786
5946
894
6635
1446
1248
4047
3103
2164
8135
2071
6817
9339
126
1120
873
4274
3099
5332
6412
3639
6186
1513
5976
7037
2434
8144
9292
7002
2659
4251
4517
6269
8165
925
5922
1598
3640
8009
4898
1025
9800
7803
5679
8765
7769
4652
5120
4772
1717
8243
8400
1385
4766
6396
8918
2549
9891
9011
1558
3416
4532
9202
86
7234
6172
1099
2269
7614
1478
974
4733
1116
9182
7260
1441
2902
8250
239
8940
9602
9957
2787
4674
9836
9913
2794
3941
8629
612
5122
5731
443
9420
1492
4431
6618
3211
5894
185
3091
6834
8541
1845
4533
3292
7262
6458
6616
7854
4904
458
1417
8178
9188
1474
5390
8095
3621
1057
9883
76
8934
7052
6521
9132
9642
7956
8991
744
9489
2837
1356
7858
3132
3565
3795
5952
6924
430
6236
5821
9891
1548
1524
5825
8938
3679
9926
8280
9727
5206
6306
9717
4940
1359
819
2121
3392
1692
1094
1075
6498
7340
5433
5067
8304
6540
4419
3996
7686
9472
1835
5033
8286
3446
32
6465
647
5129
1859
4481
4934
3082
5577
1467
3161
164
5052
5059
6464
390
6278
2612
6277
6200
6336
2714
5989
2800
4206
5471
7224
4951
9161
8969
3913
6796
5401
6647
2190
2906
2138
1592
1994
5897
2926
1493
9675
2424
5160
9076
958
4261
215
9047
1558
524
1888
3314
6387
5378
1207
8366
7643
6874
2918
4431
7616
7681
8315
6046
2526
245
8172
9103
8720
7794
1766
5306
1703
702
4766
3736
2570
7156
7576
1718
8097
9883
3685
1053
7859
3280
8769
3036
6190
1892
1111
527
1294
3395
935
7424
1433
326
2068
5339
5904
1197
673
9514
8212
4833
1837
9546
6210
6932
127
4141
7828
671
8310
8248
2846
1811
3497
9453
1428
1911
9288
274
2112
5841
3984
8201
96
346
2027
5798
7477
2435
6546
5632
5818
1423
6994
2500
776
1536
5866
6864
9320
1296
5745
8000
733
6725
9494
8617
3044
2922
7922
7466
3252
7761
6068
5270
8376
6430
8387
6745
3775
9059
5760
7586
4470
5757
6417
5639
2454
6189
5994
8052
9127
104
2137
2392
1096
8999
9636
2354
9348
3731
9527
8198
8479
8052
7268
3242
2833
7051
2883
9432
1963
1592
3913
4715
5838
2914
7366
9840
1297
8697
8641
9782
2998
7967
8583
1651
1551
651
3239
1407
7364
1171
6474
3722
3304
6670
2944
3215
1939
75
6354
9353
2231
7815
9136
5245
1375
335
6373
4236
6743
6043
5860
5115
2620
3810
6469
4939
9205
7606
7493
8427
1590
8558
1886
6011
8015
6040
2413
5487
6410
8588
4432
4752
4355
1303
59
9316
3807
242
2849
5460
7611
1620
9247
6759
9099
6562
1371
6189
5030
6157
4470
8146
288
9654
5923
464
9716
6081
6139
8674
2253
4604
885
2794
7960
3959
3172
1518
6064
7214
3454
8254
3838
4116
7300
8068
473
2513
8106
1985
1113
4580
3691
6784
1860
444
2944
552
5132
2925
987
6398
7922
7852
8800
8433
3238
2544
1361
6476
3183
3129
1313
5915
1535
2743
1883
1490
8864
8501
2007
8083
3660
2268
555
8866
3452
6542
9223
1267
5452
299
6372
3234
6535
7184
2197
6740
9774
1075
946
9174
5648
4481
5097
9841
2407
2334
3203
9896
3052
8961
2064
6276
247
9574
1362
3407
8510
7703
6046
6443
1200
5391
611
1454
3704
8069
9961
6897
6963
8756
5285
4219
4782
6922
2749
8377
9702
6233
7445
2664
9462
6994
2097
5097
6650
4266
3389
3953
2006
5677
7342
9851
17
7285
6757
157
5649
1681
120
6355
8240
2593
6123
3441
7724
95
818
1440
9578
1671
2252
7667
6548
7865
724
3978
7093
4679
2715
7365
788
8066
9147
9069
3589
1509
9189
1103
9130
6126
9517
5883
4003
2797
4614
7096
5901
7905
6850
737
8314
4732
8742
473
1906
5341
6921
2308
4513
5072
8947
7866
3840
9074
5815
2469
6050
2266
5916
7068
8698
8688
8695
4120
6628
3580
6074
650
1803
9488
9819
4808
5735
795
4653
3826
1918
1578
2806
8281
9729
6923
2287
6936
3984
449
1439
3711
389
6265
4303
2259
2339
1901
4321
7936
9971
8376
2492
7318
960
2858
5211
3340
8600
1148
1343
6599
5963
2232
3338
5962
964
1724
7362
29
3187
6334
3359
6381
7891
7341
5807
9852
8787
8564
9453
4352
5674
7882
1829
5557
9667
992
6796
7623
5061
4998
3261
4156
9547
4633
4718
7464
2027
5456
3056
8641
8500
6389
5041
9813
631
1343
2893
3699
1930
2913
6062
8926
9935
2534
9833
9702
1950
8205
4630
1580
9101
6411
5435
676
5322
7150
4060
7242
4504
2530
532
6290
4940
8256
5889
9753
8939
5374
1125
736
1479
4680
1477
6384
6251
1479
3168
5470
27
9558
7637
448
9837
2135
4621
9496
7488
8357
5567
4889
6145
1569
2482
3136
66
8908
1731
9633
973
615
5156
1446
7314
2640
5386
7231
1051
1615
5577
9165
6884
7110
8359
5625
6640
2134
7842
6621
2055
1744
5304
499
3457
8339
3208
2511
7849
7022
1826
717
4737
8712
2994
7317
9159
6133
2448
6428
3823
7048
2074
5840
8309
5058
4894
9400
6427
7771
7666
5369
9648
8856
844
7439
7631
5567
1639
9353
9963
5552
8154
9200
5977
9055
5649
7872
900
7446
4921
2087
8735
6773
3082
6458
4887
7302
8213
9874
7009
2298
5288
9704
7962
4905
1384
216
720
2070
9532
4560
55
6854
9453
986
3612
7668
8432
6218
8193
1385
4801
524
7196
3287
5566
139
7376
1650
2907
7751
5939
601
4388
4145
2134
9303
5116
7187
9535
7195
9432
9034
8042
7856
5458
3837
3342
5935
178
7058
4060
357
1872
46
2834
4841
9489
8895
734
9413
2290
9056
6561
3061
752
5047
653
7441
9908
8425
4842
6743
5372
6774
6698
8839
2772
231
8075
1337
2136
9670
5129
4445
5157
9591
8561
9620
1945
3940
3935
1941
1688
2990
5366
7932
9156
5536
8203
9759
307
8773
7878
8968
8869
7932
1074
3773
989
6319
8363
8959
3301
8476
5278
4628
6568
2683
7840
5755
2987
2412
4127
4528
4676
7149
6527
5517
874
5300
6801
7469
8054
7659
664
6081
3166
3751
3324
6059
3465
832
9838
3478
3937
4656
2649
2025
902
958
4681
6752
3916
2929
8461
628
527
5343
5810
9024
790
3641
2426
5865
6686
593
7547
6849
1711
5903
6182
3997
1947
1802
9376
1788
8554
4819
5189
424
7106
1889
8034
4690
1773
6607
1721
7292
3001
4315
7227
2542
6950
7617
9793
1752
4390
3856
64
1447
8929
3226
6210
1228
1969
3238
483
1080
9794
4853
7009
1597
8121
5975
9934
7585
4979
5981
682
3180
1539
7794
3576
5867
1312
2006
724
1061
9476
1661
8288
6123
1674
6553
2519
624
8738
8332
9659
2833
4276
2678
3402
2740
6139
9344
9283
7940
8928
9066
5351
2559
5451
271
7878
381
2898
1038
3067
2869
7628
346
1100
3262
5198
5815
5443
5016
7113
259
6420
1728
9890
4310
3895
5120
8928
4668
3188
1739
3015
9717
1362
3827
2349
2019
3533
9325
7283
7089
379
8017
6693
2576
2043
266
1134
9646
2767
17
380
5139
553
7274
4867
4241
2235
9723
8035
8044
3294
5319
5197
6300
2865
208
4502
4464
7189
4323
5958
481
9273
7286
3157
5356
8147
6614
4185
5058
8716
8865
7190
2389
1293
9629
4285
7967
2412
2986
9882
8073
4147
3067
6767
5660
4798
1366
8822
8254
9704
5940
6292
6262
8126
9466
3847
4596
3443
1610
2299
6035
9763
6227
1414
6711
7675
4307
2265
5035
5049
9348
7005
1413
8842
3698
746
3505
8638
3180
9375
2673
9635
1988
2384
66
8111
2452
3961
5054
6761
7162
4376
5610
1197
5342
28
3385
9213
5312
3629
9912
6672
5567
1019
7868
2012
5189
396
1515
4813
9003
8129
5381
8057
6371
9390
5043
2755
4382
8182
6866
6626
4074
121
4520
5281
8956
8374
2168
1766
7939
1516
4291
6267
5022
5852
8684
2241
265
2943
172
1620
3185
2106
8532
3994
5164
576
4858
468
8841
338
4147
9534
3306
4050
5794
5709
2863
5706
7675
6267
5469
9482
9499
9924
6103
3323
8633
7790
9831
2018
5117
9631
7155
7527
4350
2597
4251
6574
3241
4407
9997
6180
9833
7260
9429
5921
8821
7494
3450
7653
4780
5296
8258
2737
481
1395
3822
4652
4721
1281
4768
6072
7417
6681
390
4406
2694
887
2697
6595
4659
6613
6824
2463
5283
718
4528
7409
611
3061
3379
8323
762
8337
198
4628
8179
8862
2219
4804
7975
3767
2366
5266
9320
1028
3974
3140
4338
8717
7558
7806
2491
9166
2368
7143
8501
2555
6093
6095
4840
4034
9387
5134
4733
1395
5023
9334
4086
4084
433
58
4538
7375
8070
1070
2654
3093
924
6914
5506
4095
8255
2492
405
8745
9958
8035
5814
6042
9444
7102
3017
2017
9633
4180
4933
4942
9591
389
6657
938
2277
1925
1092
7012
545
1885
7159
1076
3321
3453
8330
5732
5431
1801
5317
4498
2466
1354
1957
7011
2703
8629
4770
9611
5706
8832
3966
8995
4320
3211
2784
4510
905
2199
5194
8183
3339
6009
5082
3795
1407
4454
3864
7616
8676
1527
7343
3890
2943
169
3743
139
5877
526
5994
708
6898
3693
387
6570
4308
3995
8890
5022
2477
7491
3812
437
590
1286
4129
1513
8817
7920
557
7198
7895
8236
6813
3378
3398
7568
5815
2555
2467
5901
5836
4677
634
883
9411
8106
2687
8465
4827
4891
5993
624
7849
6164
9775
8317
5384
4258
9061
9322
498
7016
7315
648
8205
7364
5459
9472
8886
1518
462
5472
2242
5095
1024
481
1956
5991
3347
2536
7258
7425
4754
46
9301
5124
8478
2665
9999
9410
6551
8177
7589
5955
8571
4930
6263
2289
7926
1632
7616
7999
7371
2020
6496
4566
2580
3065
7716
138
7861
2827
3627
5469
7041
483
2076
2114
8545
4967
4601
8409
4202
2938
1415
9329
3186
8748
7746
8140
3629
3684
2458
1096
4422
1857
9092
8806
345
5833
6647
8110
3663
9321
9002
4261
469
1442
6478
7175
8165
6187
5208
459
7272
5634
3093
2128
8344
5562
4466
1053
2657
5960
7430
6265
9798
6625
8200
4928
4862
6062
843
7871
7459
540
9927
4588
5546
3622
6001
2284
9847
2049
33
4500
5906
2950
2491
1168
1026
7875
9076
941
6505
9027
8120
9961
6328
2809
6017
9431
3766
4229
3965
7678
2724
4897
4174
2436
7193
1966
5427
4419
6910
1796
2890
3403
5978
7876
7785
1246
41
4665
594
6624
4811
7261
230
7699
8431
9500
3350
7438
4350
836
2168
9173
40
8603
9968
5970
1922
128
7338
7857
5265
4255
2662
4096
6120
9454
8856
1079
2234
5129
5931
6217
7674
8163
3682
8877
208
5613
7282
8154
2847
6265
3788
6377
1308
9286
6974
5280
7417
7091
2170
8506
5732
1995
6862
8491
9318
8467
6847
2524
4219
2152
8602
972
2688
2771
7731
4167
1854
83
1983
6427
8705
9850
7639
1021
5125
4404
4830
6893
7363
4909
2111
6155
2211
1397
7260
7405
3087
4224
8944
3573
9728
9713
707
5205
2658
9919
9410
5030
1748
1939
4493
6555
2942
9324
909
7581
8818
5491
3252
8860
9020
6069
4997
8602
5307
885
2188
3271
218
3381
9436
3226
8397
9449
2422
7773
9979
2570
3745
976
2337
5719
4005
722
9486
576
627
8732
8284
8009
4627
2258
17
9782
8283
6567
8240
4653
2237
2701
650
3521
7894
3225
2498
9737
9112
3466
2079
7931
7569
5372
2588
9985
3234
4333
365
8764
4590
8884
1169
5091
7171
4455
4616
8591
4561
4057
3205
9693
6396
6701
3210
1026
7920
7422
4580
5905
3128
4444
2453
5280
9944
3457
8432
752
4847
7026
935
9862
979
948
4838
2361
3232
9532
6675
509
5581
4310
4584
9070
3533
7826
8270
5759
9553
9777
4697
5786
5285
7730
6334
4703
914
6311
917
8507
12
6314
8796
8443
283
3725
2190
8762
5939
9301
3343
8230
8141
3939
8938
7774
6307
7707
3508
9297
1301
9716
5579
8127
4400
7307
5097
2269
9151
2291
8471
5681
530
239
58
6842
5681
9866
7496
3350
4763
6451
2996
4662
4529
2385
3569
511
5429
8251
8408
5356
8342
3274
7848
9650
3885
5275
9038
9903
634
460
8266
8715
5748
7549
2688
679
149
8345
9745
3896
7234
3893
3227
4483
8198
8800
1534
3522
3224
1404
4052
8750
3889
4433
6864
3822
269
5782
4199
5659
3399
5135
8997
8059
8158
2946
9834
8886
3427
2493
8246
1062
1850
56
4084
3054
8675
5771
7528
2470
2276
3892
5780
3294
5530
2459
2965
5012
9539
3301
6167
6863
9530
3862
3156
1957
9994
8265
443
2532
5625
6224
9599
4393
6092
1191
4683
7387
6106
5179
4584
7385
9264
5424
9317
3100
4600
4377
9274
7459
8357
5741
6218
2111
4799
2929
3746
9943
7582
2113
9186
2357
7296
5102
8502
7062
3651
4665
6408
5735
2640
6845
4079
834
2753
2489
5235
7829
4931
6552
1161
4899
7933
3819
8713
1825
3929
6590
8692
5236
2812
6819
7437
8127
2185
7462
7541
8200
824
4506
2160
6271
8438
571
1479
8409
4259
5365
5617
4983
8975
2103
2987
3229
9440
1946
9834
7835
6109
8274
3082
4248
2604
9172
8880
7353
7546
3855
6719
509
4323
3828
257
3593
7636
9840
363
5690
6774
4172
4194
7818
8598
4235
625
2095
8250
4678
2640
2554
976
436
5748
6438
5863
7153
1034
1701
2318
3539
1177
1006
3740
3494
7968
1573
6817
9300
3868
9689
4110
4081
8085
3162
2885
854
2073
8467
8993
854
3214
5286
535
6726
5293
2996
7284
2558
5249
168
3769
5796
9652
2163
7837
3668
2902
2311
1893
1011
7349
9963
9970
9558
6755
4645
7079
1574
3367
9819
8333
2002
1922
9653
8116
886
7872
3997
2325
8749
9127
5750
9603
1778
815
2842
2545
9187
6563
6043
142
220
1324
37
8964
6207
3509
2496
7328
4804
1635
2772
3355
4105
7167
5104
5132
7566
5968
9044
9590
115
8154
7421
7429
3538
5231
43
3131
8660
3315
2777
9473
8135
9710
5369
6131
7825
9783
4714
724
6665
1840
3620
2592
9734
5267
9131
47
4721
8214
5316
3009
9544
1205
1039
6699
8884
3948
2600
6839
9121
6830
8162
6068
6153
2470
5793
333
2860
2528
4899
9907
5647
8935
8039
5596
1253
6122
8035
5739
5208
7829
9012
7067
9125
4748
1506
9747
4846
8825
6620
3698
1737
4754
4309
7589
9504
541
7104
8514
2993
1000
3029
9307
9271
3052
7608
6034
6692
9065
9410
4930
4469
9068
1904
380
2284
4147
167
1957
2096
8300
1289
2847
4573
676
3769
7714
3394
1519
1262
6925
180
7014
1727
9601
4922
4276
759
8926
5618
2289
4258
1122
3872
6845
7157
3109
3214
1947
5201
6141
3009
9657
5768
5666
3048
1579
3423
4787
5838
8655
8647
9067
7038
9225
1721
5892
4098
8565
7860
8897
9506
4094
2489
8447
5875
5029
6592
8532
4085
8746
5477
1539
4914
287
8016
7504
5349
138
4580
4012
5358
5610
9132
3376
7605
3058
8194
3497
1229
2737
5385
1013
5359
3915
9180
4417
6726
2639
8377
7175
772
1548
8295
7512
8122
230
5056
4227
2140
8020
3732
3026
158
7839
6470
5941
1460
9005
998
6814
5579
2272
67
5263
2939
3374
4443
6369
27
5920
3847
1760
4543
5597
8026
644
3909
3641
8494
4539
7399
8855
4472
1086
1666
7281
7277
4623
6961
672
5420
8559
9073
1769
2163
5905
928
8743
8941
1071
7432
9991
8384
6295
2273
6999
808
7245
3184
1264
2459
9918
2983
7788
3653
898
5264
7810
6198
7014
6387
2216
1355
216
3970
843
3953
9216
3694
2915
8
8328
3056
5678
8218
9014
109
236
4580
1806
6394
1209
4258
957
3324
9098
8
5855
5218
9299
2496
1338
3003
2556
962
430
7195
2999
4977
206
1450
9321
1913
4880
3033
6619
423
5963
9096
1713
4481
3810
546
3583
6266
8464
1972
7960
8721
3148
5502
2887
5756
5782
504
2261
6956
9079
5390
7882
2661
8690
6424
330
5261
1771
8215
556
9144
2243
1659
4965
4693
1425
5171
2659
6769
1747
798
3473
1569
2644
5126
524
5924
6841
39
936
19
536
7467
8194
9043
8668
8026
4309
8798
7772
7630
8239
1490
6025
8620
4666
7314
6309
3667
5156
5456
1236
9532
509
8045
2017
1797
1584
6514
2691
5712
1834
7026
5151
3036
1394
7172
7247
7932
1931
9106
4594
6947
7339
7612
982
4593
1221
1739
1261
6639
2457
285
4116
3454
9298
4846
6660
2613
9348
2820
5089
1823
6618
6700
947
3731
6225
2612
8533
4993
7484
2350
662
5146
5399
8190
8968
7640
4700
5403
456
5992
364
9711
2091
8250
9918
8795
5284
8698
7160
5796
4354
2484
8579
1221
6051
2769
3403
2723
8761
4666
3519
2540
773
7505
3418
4144
5375
440
8150
1684
8358
9423
6558
4070
3363
2008
2693
7759
6917
6113
1382
2779
2711
3766
2915
5666
9568
6125
978
2043
9982
2796
7139
2408
4777
2569
3520
4781
6978
2912
5970
8318
7505
5791
1463
2677
9275
5132
7682
8024
2072
4809
1355
6151
3041
2818
6020
5015
6219
1064
806
6187
7136
4007
2563
3975
2654
2712
1408
7009
9936
7769
4748
2513
9053
135
6177
263
2319
5681
1815
6260
3843
9427
7452
4772
51
7770
3366
4742
1488
5312
9309
6358
8845
6484
6991
9104
1698
9637
2861
133
9276
1449
132
8458
9038
3149
5370
8532
3970
7668
4842
5561
7899
2448
5805
5580
185
9495
9436
1443
1084
5115
5765
2766
962
2710
7962
8963
2707
9372
9050
9209
9875
6147
6136
3352
450
8138
4546
3753
3915
1153
7009
1541
8248
1868
7358
952
9942
2008
9465
5499
6223
2065
8087
4840
4890
9145
7810
9424
1571
819
235
6132
4840
2989
8812
6826
8064
2948
7519
5166
9205
7192
8518
3731
8871
3913
4196
3094
322
4151
2450
7137
1030
3943
4392
2495
8122
4195
8907
6466
3249
473
6485
7047
9414
5151
1131
6271
9117
8111
4291
6014
1921
7780
9486
4302
102
6237
4530
917
5133
2202
7693
7471
595
3398
5054
7010
9382
5552
507
9647
8287
3262
4543
5344
933
676
2439
2969
3805
5477
8249
1504
5442
8394
5341
149
5928
9665
6021
124
2965
8430
4482
3943
9804
1850
178
2078
8210
5500
938
8727
7895
2392
3982
6529
5644
8524
4003
9300
9134
8975
9830
5299
1617
8103
728
3794
1548
7511
7784
3199
7413
2748
3288
7512
2383
1219
2554
1873
1086
52
9033
8360
7076
2587
3189
910
3334
9737
1542
4821
6036
7141
4394
2232
7012
3955
5122
2027
8687
7229
2368
3695
1957
124
5438
3277
9606
3035
6208
4320
6535
1837
254
1177
8579
9197
7856
8864
5391
9803
797
9222
3572
3115
5838
6469
5451
7622
4502
2349
3553
184
6525
6727
3702
1976
1866
3890
9816
8001
7633
3967
2356
1050
300
809
4280
4120
4051
3955
6314
9165
7101
4483
8271
1632
2836
654
2974
3029
4725
87
9369
9709
4864
8683
6887
5568
7519
8143
1467
4777
9743
9733
1220
3788
3228
3626
5431
3205
3920
1519
690
4891
3865
2291
7295
5973
7642
3677
3700
7124
3399
7541
5284
3057
9860
6143
349
9057
2255
8800
7517
284
7981
3261
8673
8420
8239
2390
9775
4603
4564
2753
2957
8862
8249
7463
9170
7381
9882
4610
2184
6570
3091
6212
2478
4096
1534
7574
1537
6970
8066
2933
2499
4948
6881
5157
5810
8381
1843
1377
600
2015
2708
2726
2483
7247
6463
2720
7936
9604
6879
3548
5856
4259
6429
3223
7901
7477
1841
3650
7731
2123
9276
8771
5024
1761
3375
6408
3100
1943
903
2849
9409
8784
4979
3361
6101
1707
3418
9517
5739
2487
8524
1701
7332
3450
5811
4756
5640
4441
8610
4025
1636
8675
3298
9808
9441
8448
2471
1841
4527
4434
4981
8344
9669
3858
7954
2751
4167
5958
7192
4847
1497
3876
5410
56
2672
8022
8426
5344
1559
4136
3901
6454
3152
1085
4442
8638
621
8924
5616
5547
631
9173
6258
7425
5135
311
3574
5708
3297
5043
4137
2326
2221
2243
1111
5860
5018
7799
6353
9155
1613
3818
1331
4391
9522
3149
498
8101
6170
2020
15
6888
6167
118
1016
9684
940
38
584
8605
6355
2877
6897
1087
4845
4968
3486
4868
7083
806
8071
2730
1408
4056
8295
9809
6200
3530
7403
2124
3870
1158
1069
2607
8554
9914
1103
909
6296
8238
9770
7646
2023
7338
7769
9107
5145
1244
944
4419
2286
9764
9087
6868
105
7289
5540
6601
8219
7657
4546
3558
644
7364
2293
6645
3306
3109
3968
2993
8968
1161
5156
8788
9286
2073
5020
298
8405
5439
2569
9604
9475
6518
4558
3186
4549
4190
942
3110
5899
843
3147
1278
1
9382
1608
2169
1088
9542
9966
1743
9566
7753
2990
7999
2321
697
8716
2403
2122
8590
7978
4496
1531
733
7604
7777
5537
4554
8655
6077
4498
41
4714
4799
6406
2163
4646
6875
3770
7250
3491
8305
1506
7523
3724
1051
3895
2532
5492
428
1984
4949
5945
4612
2261
8187
466
5869
1140
343
5455
1053
8801
5813
5232
270
9731
7986
5321
4429
1542
9770
9202
7340
3452
6376
200
7517
65
2590
9221
3705
7926
7870
8759
5693
9188
5152
7244
4433
1420
8415
6423
3260
9424
9114
2981
3891
136
4705
7091
5972
2441
727
9533
4055
7572
5162
8838
6162
2164
4609
5603
529
9244
7324
1144
9365
811
5579
2519
4550
6537
9725
1477
3331
2181
5962
8402
6250
3277
5046
3891
9314
3843
590
2976
6643
6839
6480
3462
2659
3052
3942
3156
9705
6183
3567
2076
5562
8862
8738
8417
5218
6950
9827
9485
1894
9552
9425
3769
3867
5231
7176
1971
1848
8212
7906
3728
7950
9008
5744
8886
1920
633
500
3667
4037
9139
9672
7008
2276
307
9061
8131
2307
5988
2139
8947
757
5112
1896
3247
7347
4182
5281
391
2269
2494
6730
7535
2691
2668
4921
5452
7821
1163
641
8877
632
5588
1326
8306
366
7476
3793
9961
9123
5177
9096
693
8222
7645
8525
5372
6046
8210
5138
9173
6132
3970
3750
8558
9650
6760
1766
733
3199
9214
5405
9189
8705
7012
1908
442
1192
1247
4478
3057
4764
3342
6048
4799
5872
4211
2722
6325
5032
4557
343
8004
3146
5419
9685
5526
6841
1033
4039
9251
6024
459
9917
5476
4874
9000
6737
92
3823
8370
8465
2903
9536
8677
5985
1008
6675
4606
4248
3425
4373
1772
1414
3367
8568
8848
8611
2711
6754
9531
895
6339
6662
7884
488
4563
9587
5452
163
8235
4029
4569
9788
5599
2550
8049
3279
8844
1728
8395
7523
6731
6695
1763
7802
8092
1986
5583
4716
4970
1739
8316
5534
6547
4923
2849
3175
7923
6243
7766
9946
7783
5053
4757
8269
8714
2579
7106
8494
1091
930
1
2555
3828
9411
7005
939
9240
1266
2828
1391
4930
1973
1971
5753
7636
6271
3063
8270
7451
3119
2749
1924
3550
2860
4759
7255
6183
2336
5439
3541
3736
738
9747
7522
9145
5655
5199
5075
2465
7823
7631
2296
6237
440
7845
3324
8241
6563
7586
4722
1078
2119
1867
6587
8460
6169
196
6961
8620
4925
8498
7691
7998
6377
229
8047
5260
845
9093
2873
3828
6437
9372
4935
4916
2216
897
1160
5110
5561
1624
2924
2737
6492
843
8221
1919
7051
7352
6449
8371
6182
1724
6330
3132
7538
7338
270
24
8958
7806
5201
3232
6361
9729
3017
5496
6659
3693
3162
4008
6004
4124
8682
2670
3031
6367
3814
5173
1288
6676
2057
8539
9416
613
7495
5499
1786
9083
3355
7175
3208
3644
3563
6541
1814
4255
149
3520
255
9028
6052
1151
9321
2234
9967
5642
957
7129
3968
2529
8288
3850
8725
5618
8188
2120
161
5366
9963
1194
7155
5999
5768
2251
7425
5393
5875
3793
2214
7057
1858
5407
9100
4764
4160
712
1771
4752
8132
7501
8054
4563
3501
4473
9693
196
4436
5212
83
4762
9532
9187
9202
3968
2746
8657
2580
6898
269
4900
4972
3645
4942
1912
1475
7227
4266
5073
3949
2276
8573
6078
4806
8665
4422
3806
1997
1228
9811
1945
3741
418
8032
2711
7047
5117
1446
6336
618
5729
9495
7545
7401
9658
7575
3771
9450
6288
9150
5503
6082
1284
3592
7636
4216
