793
4002
3766
413
2370
454
501
3391
22
858
1914
6486
6636
5647
282
9528
6602
3576
7293
4422
7952
4982
7579
4164
387
8597
7886
6106
4476
3095
8889
3093
5837
4148
8753
5572
6434
3804
2321
7697
9983
9295
6888
3071
9417
3919
6237
1475
9980
1745
2709
2405
3698
8272
9593
2613
830
4312
5734
1156
8357
7004
3901
2145
2549
1674
8991
6774
1943
9104
6483
3413
5574
3349
1765
8265
3469
4473
4455
1675
378
1215
3453
7302
2186
3215
2808
3278
7111
9304
857
2135
5292
70
4585
7192
4249
4102
1756
1686
660
326
2925
8055
1022
25
4360
7475
534
1822
8274
2610
298
2764
4559
7492
3645
1572
446
878
3270
6606
3300
1758
5287
1161
1267
1914
590
843
986
5192
205
2042
504
8388
5467
6343
8710
6588
6283
2919
9906
7367
6169
1783
6535
7113
4428
5185
759
9986
4586
6191
7344
5216
3190
1545
2827
4630
3919
8972
3587
1407
927
9579
6777
7044
72
4144
475
7308
1152
304
1134
9427
3761
9432
3068
638
2510
2835
8484
1359
7683
2692
1819
5067
247
4491
9277
8399
8068
5387
7127
4653
498
2770
148
9601
6582
1063
9499
8367
3290
7946
4586
4394
401
4617
5705
9556
4705
3657
2505
3072
4549
491
6406
8024
5340
8346
1336
3232
1168
5519
8742
820
5755
2681
6898
8744
315
1358
9658
523
8383
1066
9436
5900
8838
2045
778
9961
1497
4846
1849
8256
7496
5830
5438
6220
9661
1095
8897
8678
3610
3589
3368
875
6946
7664
606
6896
5516
643
2844
1156
3867
5565
5020
6747
7772
1109
995
4526
2763
9201
6479
6736
6264
7086
9376
78
5702
9982
534
4606
349
2404
4402
2969
8553
7535
865
1191
7778
2934
7195
3908
5087
6666
574
1931
5231
7164
7994
383
3779
5795
9150
8708
5501
8685
4502
1190
9369
3127
2814
2813
7877
5832
7115
7320
1366
3610
1949
2410
1870
6860
2676
5513
2801
9773
6554
2110
252
7007
7101
142
3683
2811
8727
9492
7953
9717
6117
6697
5246
2142
1852
7799
1413
7404
432
6188
4192
3297
6362
1488
2295
4310
4195
978
4108
5912
3089
3970
836
430
4533
7795
9682
6181
1372
3087
2457
2410
4309
7382
4371
91
6792
15
1317
8697
7086
6380
7715
2850
9540
7030
9005
9337
7391
9881
1021
521
9701
1113
7999
1059
6145
3253
1579
8256
3338
8722
9905
2750
2986
5685
5343
5729
4778
5460
9104
2870
6364
6304
6433
3475
638
6371
4077
8021
4041
4509
4229
8649
8320
5264
9156
3869
63
4590
446
4024
4990
9543
1119
2406
8484
1538
9284
4488
3969
512
1059
3685
1105
4598
9457
6385
6032
9298
8247
560
8600
608
4778
3313
4860
7296
9828
2253
9483
8079
5120
4445
7128
3454
1323
1120
9610
6225
7954
4695
9680
5143
2010
481
5876
7527
1447
60
8387
8658
1619
3141
3378
4884
7232
6548
4583
2221
4607
1864
8568
8958
3613
475
5248
7050
8331
5162
4888
5024
1908
1295
9680
4622
7646
9726
6206
8134
975
9795
3292
982
2576
8876
1513
9654
6673
724
3428
4744
6834
6066
7906
6854
633
5487
3564
1025
25
5893
7707
3058
6320
668
4788
1163
5881
6210
4644
4463
3320
9399
3199
544
7608
4991
6294
5047
916
2791
4787
8472
4302
83
2519
795
1457
5708
8094
3214
7403
2907
1446
7553
3072
6576
5329
6897
2693
4872
341
2782
616
8289
9591
286
3054
1664
1630
9539
7877
9334
4967
8254
3282
5487
2661
3202
5892
3884
2588
9817
2870
2650
3619
9310
3502
7122
2813
3467
6084
8875
2285
6452
4287
1997
9685
5082
6400
9135
665
2033
6492
6678
6394
336
3792
1685
8021
1541
4840
337
2825
9199
2831
4716
9279
5269
2391
9331
5266
9013
3421
9225
4245
2805
1303
8757
2876
6436
8694
4473
9082
1198
7876
7526
6924
4788
5589
8419
3195
7155
2180
1241
7828
1050
9317
3021
4570
942
5896
5754
698
6609
1990
5443
8711
6117
9979
5040
2705
81
7198
5511
8368
7714
3189
3609
4298
1649
3689
5777
7920
4990
2475
3864
1813
9119
6990
8999
4072
7686
6817
8952
9648
9349
3440
349
5162
9385
9566
6297
802
1487
7744
947
960
1897
5424
3234
9914
8509
2417
5059
4887
6103
5202
8535
4021
6597
2335
2923
7045
4557
4541
4364
4106
9566
5776
3450
5901
7816
362
6973
6644
6829
6069
7488
8267
4015
1375
3122
9236
3752
7078
3943
3343
2069
9793
5762
7034
3973
5403
3486
3462
5748
9618
2224
5428
7563
1879
5427
1636
5084
8246
4247
7799
6338
1385
5842
5444
1910
3153
1184
4869
3846
6917
3705
6975
8713
7074
832
8975
741
6557
6083
2070
2812
9681
7595
7473
37
7645
6507
9331
8934
3333
4958
5270
3832
8594
3089
9205
303
1961
8535
1905
2339
3670
416
4772
4213
6073
4369
7914
286
6299
333
6661
1642
5490
9171
54
5728
1669
1762
455
5128
4780
6211
16
3860
6908
7417
2548
7967
6910
3998
9447
7160
6005
5148
2866
4830
5495
3272
2741
6060
9616
2580
8225
8038
6783
6726
6889
4289
9517
3425
4158
4625
8345
4646
2142
4110
8005
2983
5624
2952
7947
979
9694
5866
6064
3086
4507
8344
2366
4435
2510
3367
7598
7148
1487
8341
3497
7805
5445
2261
5667
6240
4790
4774
9047
3380
4827
7866
7938
498
8035
8877
5827
7806
7508
65
2319
2108
7979
4481
8389
3801
9251
1235
3201
403
3095
7394
7687
5488
1576
4376
9495
4839
1775
5786
6377
5628
666
2521
8229
9049
6618
5129
4897
2775
1702
971
7331
4223
9955
5835
575
3832
7889
4876
9132
5091
3869
9266
6593
1512
9565
5296
4322
5177
8829
5642
9821
591
2476
6547
7467
7035
9088
9632
7786
8750
8644
2762
8758
9021
8669
9326
3198
109
5924
1292
3674
6348
6830
1273
8435
1902
3133
2089
3792
1772
4810
4432
1217
2304
7965
2870
7452
4617
3837
6976
4043
4369
1211
7423
2430
3284
227
5277
2726
8433
1040
8495
9536
8576
8331
767
939
9874
2687
8331
8377
7697
2651
9640
5831
9371
7584
9936
220
3106
5079
1374
7657
9176
8054
7450
351
492
2839
8466
8308
4579
5848
4996
254
6652
8141
4561
384
5091
103
8323
735
3214
6130
3684
5459
9639
5389
1431
996
3068
3330
8546
2105
2918
1026
8118
7770
5436
2061
7638
4551
9539
8068
9414
9359
4473
837
737
8981
6491
9031
1151
5629
2122
6892
6239
6677
6148
9143
5198
6713
390
7757
5272
9993
812
4675
5736
3250
3582
1291
8123
2757
763
582
744
4387
7154
3641
5367
1737
8188
5492
965
2026
2747
3476
9884
579
6998
1710
5653
8480
3290
5120
8905
7376
5707
2728
6219
7767
3183
4073
5594
3085
4336
4929
2293
4903
997
3473
9640
9983
657
3780
3929
56
2585
2841
7282
6661
3005
6145
1839
9227
4121
8912
3498
4529
2855
2299
1008
8715
8825
6625
4271
8580
7110
2503
408
914
2893
7892
4329
5169
2587
1124
9062
1672
4695
1603
4689
5088
8748
2028
6022
5819
2808
8389
9459
1197
4705
5242
4020
5783
2323
7950
9827
2645
6641
4163
9643
280
5711
9080
877
2824
9232
6861
1356
7640
2262
6739
4482
2491
372
2474
4737
6487
2837
9908
3884
3092
711
6986
5465
2641
491
9012
4602
7139
9489
8007
6956
1716
2395
4275
9530
1056
6586
8122
6896
2591
2154
798
5006
8184
9102
5369
7627
1723
6165
8955
6899
4136
3387
3654
6787
4696
8049
8776
2854
9182
3568
2553
2609
6327
9251
6239
8826
5314
7097
558
8505
3423
9663
2088
3484
5489
4077
4139
5808
5444
816
3993
1946
8528
5744
3015
9798
1197
1676
2903
4876
1099
2268
5783
556
7384
9341
7364
8114
7741
2253
6553
6117
5143
1707
1836
7558
8909
1193
8691
3017
9384
7399
2610
2604
1604
7389
4208
6976
5435
1616
2640
6361
9214
5788
3805
2933
6119
6674
4086
6832
8787
5978
6917
6077
375
4207
2091
8546
6869
6142
155
8649
4885
7559
7690
5523
700
5342
102
2192
9301
2563
4645
9107
8374
8212
3135
3774
7344
6945
5455
9358
1472
1007
2574
80
5150
3227
875
6801
999
6277
928
8904
3273
2186
4935
8092
8425
486
2163
5207
7048
6541
3174
449
8069
7438
3647
6638
2634
305
101
9453
4549
7538
9080
5239
289
1211
6591
9818
9896
3635
1946
5416
1967
735
9034
1398
9525
2647
1573
9939
4193
3833
7866
3026
471
9665
5245
5964
9897
5061
7286
5251
2445
9652
779
2512
9773
2646
9589
542
1176
5458
289
335
2779
8736
2861
6172
2265
3669
4972
7820
5067
6583
1613
3671
7825
5067
2143
7054
6580
7992
4366
9500
8553
6795
3947
7476
9338
7474
3778
7267
8615
465
4594
3869
4404
463
7433
5073
217
9349
4743
6417
1565
578
5260
992
394
8323
1932
8175
4432
3929
192
4082
6597
2763
3639
3051
5221
2146
4009
1300
6874
8061
5550
6478
6990
7051
5078
9113
34
9231
4564
5007
7304
3912
9878
212
283
8612
4457
2292
6562
9859
1651
7071
9350
9998
5797
9363
8138
7173
6619
615
2165
1992
8255
2919
7670
6594
3065
9558
9574
4709
7632
3056
4686
3470
280
9612
6990
7240
5004
1765
4959
5576
5872
9697
3372
6973
1698
3374
3753
5849
6996
983
3849
4612
6175
175
7961
1307
9205
503
4984
2100
5390
7446
7447
911
9894
6722
5665
6388
6648
7662
2108
7783
3170
5466
9908
9904
4332
9466
5022
4763
6619
5585
5012
1190
8070
1910
9481
8413
9820
7085
6620
4751
5003
3416
9140
8442
4392
9464
9110
7701
5873
5588
476
671
7987
2280
5693
117
6865
6801
3303
5071
1954
858
3895
9635
7628
7851
4531
1577
1450
3605
8704
7945
2442
9177
7891
8860
5938
9643
2496
9482
9315
588
1412
481
8182
8705
8450
9234
8677
7072
4930
2948
5139
342
5867
1
8497
6090
9943
6234
6217
1212
5581
1984
6580
7115
9394
6935
8198
9772
9128
7391
2055
8523
7880
1921
4429
366
9366
8413
3770
616
9613
9630
8618
4517
7968
3610
5984
8082
1698
1265
1953
3905
5770
1249
1434
4444
6848
9698
2147
4238
3572
7205
4440
801
8522
8037
6918
4029
5888
3154
6521
9498
9978
3529
1050
7689
7641
3728
7525
1758
7762
5491
4781
8969
5752
2598
4579
7304
32
219
9566
9066
2043
5193
2436
5332
7438
9892
9138
9404
6493
8644
2871
3496
1081
3751
5516
9372
7047
2437
140
6560
4326
7526
19
7397
2663
8266
3613
6182
2125
8378
9578
6133
1329
8604
5702
9359
7895
6997
6865
893
7392
9615
836
8064
9787
414
971
7261
1385
866
7124
5783
120
9426
9962
6234
5830
3220
6556
7518
4434
8418
6328
95
7743
4916
8930
2189
5645
6960
2114
8509
7368
4560
6355
2433
5810
5324
9374
818
1555
1565
8572
4054
9220
8131
6811
2463
7503
6012
2972
6493
1606
4604
9142
1754
4416
4957
7209
953
3659
1145
9533
3318
1846
7165
3513
3602
8746
2915
4916
343
364
3180
134
5270
5193
4095
5142
3781
4219
1853
6057
7233
941
7541
3693
9469
7768
6923
6527
3221
8175
7882
9102
1910
1445
6482
1745
5634
7719
6447
3615
3238
3099
14
7858
255
2186
1732
2910
687
7712
8294
6012
3110
4759
6663
6053
7273
9823
9649
7780
8593
7575
8205
454
1130
4952
5211
5627
9297
6613
8941
1941
5477
3914
8758
7551
865
2500
5178
4814
4453
574
7580
9383
14
5245
3562
2148
6801
3823
392
2952
5771
2536
6050
8320
7424
2849
6872
4051
6368
4219
2304
5382
9135
2779
40
7803
1221
7954
5588
1489
4619
6451
1119
8308
3109
3910
9239
2472
1677
6035
8679
3544
2824
9634
7510
9477
8279
3762
4984
5561
9826
810
4935
8636
173
5905
9520
2575
6089
3119
9278
2689
964
7693
4777
1252
2917
5147
6413
701
1179
1294
7381
9032
6035
8050
171
4680
4241
1646
1474
7156
8000
9999
3171
2496
4698
5613
5406
5411
5478
754
9752
2176
4094
3483
703
8574
3775
164
1090
1360
4765
629
8721
4396
7456
4929
2272
6300
5238
1511
3694
6628
3688
5444
9936
5850
3087
5509
4475
2953
7689
7562
9524
4077
4322
6533
558
5429
971
5818
6541
8189
8996
8940
5575
6242
9367
3787
1124
3784
9434
7056
851
5239
8855
4516
5874
8147
5970
6577
8233
491
6329
4665
9639
4100
1949
3137
7462
391
9107
5264
700
3334
5131
