4072
9427
7101
956
5432
7256
8917
4971
2288
6018
9847
2409
2432
143
3925
845
2519
4751
5133
6658
9900
9661
4579
9598
8309
9438
1403
6530
3345
3417
7771
951
30
1321
5870
8189
1922
8228
4118
1565
3106
3513
8036
1444
6988
9135
2276
2855
9197
8870
4075
1636
6285
4681
8116
7304
2720
1872
1335
5420
7604
2455
4052
556
5082
9010
1468
3465
7107
351
4688
5541
837
3179
3670
7001
7401
8489
4776
1948
9343
2466
9361
2757
7932
681
1102
1764
8069
9814
2125
1271
3574
3132
4064
2351
8512
3860
821
1939
5990
6913
3585
1332
5061
3185
1500
812
5673
217
3855
9396
3193
3769
693
4659
303
6515
6554
1443
765
1954
4857
5312
9276
9759
7460
4744
7068
4356
6900
2290
4909
2096
904
6411
2586
3052
7009
4848
8091
9120
8078
4131
4861
7195
5825
6545
7845
6142
4762
8760
6269
4342
5856
5657
4733
6778
6129
8096
8052
2159
6264
3271
8942
1531
3270
7703
1833
6099
326
7028
8611
2778
3338
9665
279
8576
8404
4580
5413
6152
8298
5938
6011
2524
3928
8229
2176
9471
3516
1685
5313
2865
57
7077
2115
2729
2756
6821
3744
2126
9332
8763
9240
895
5304
9403
5161
1265
6
9682
1778
871
1072
3940
1991
7433
8340
4623
8340
8673
1479
7263
7567
832
2765
8616
3700
3255
1518
7911
8400
9396
6818
8688
6401
6798
3309
8308
4595
8242
2032
200
8420
497
6206
88
20
366
2474
7427
1024
5320
8879
6378
9936
3660
2886
5340
8512
4429
3897
4074
7171
5137
9510
8817
3080
1073
7468
9612
1126
8976
1872
1944
8461
4672
9918
1743
4714
8665
5899
7543
7213
4700
9864
1705
1384
856
1365
8100
5612
578
8548
4928
4776
9090
9346
3196
720
1728
7428
5818
4601
721
5206
3091
2957
9541
9651
7450
8468
5300
7691
9790
3733
9333
3005
2855
9853
7544
5878
186
1814
4502
1533
6647
4732
422
2781
3840
2995
9288
6200
4116
3989
7149
4752
6769
4335
4516
3554
5720
3801
9223
9581
1628
9917
3871
2231
7274
9251
2682
1120
9007
6107
3073
1418
5459
8481
4137
5221
9749
7161
9063
9978
1131
5715
5865
8734
5780
7992
434
2987
3454
682
3925
7552
8445
6599
4020
6446
6181
9774
9307
5384
9499
8052
3390
243
8471
7020
7455
8598
7332
4729
7903
7728
5007
1700
7121
5241
7179
6901
7178
3577
320
3992
2396
2636
5753
323
9988
4288
6925
783
2856
5877
9012
8876
233
2172
4093
9234
4940
3139
6606
2853
3551
7983
6870
9751
4839
4052
1561
280
8888
8960
9163
4987
5880
9828
2611
47
3229
1357
7454
8358
8206
173
2093
3597
135
9160
6192
8538
3219
1664
7778
1163
1990
1409
7956
7792
9265
3169
8302
3766
4153
3101
3729
421
4118
6734
7195
3820
7950
9468
5440
3673
6712
7585
5812
7853
7119
7711
6395
3208
179
7556
769
8818
9663
8335
5214
8574
4703
8309
636
2850
9418
3758
7013
9118
336
5000
3749
2324
4046
4313
1428
8714
6823
6413
2165
7259
8546
9814
2246
8623
9658
2667
6244
9867
4142
3112
1204
554
6605
8828
8775
3412
3229
4771
2422
4947
369
1642
2883
5956
4267
3041
4779
5021
6859
5833
4479
4087
3719
8522
5225
6048
9432
9985
3810
2018
9148
5789
9494
5296
5974
2669
5340
8141
6280
9409
52
1210
2828
7292
3506
4238
460
4309
1949
4263
6690
3743
6834
6184
844
3324
206
4457
9404
4461
1842
2061
2781
7622
5961
7700
5077
60
3331
6495
1234
1451
3453
4873
696
4795
4549
1527
5650
2140
41
1682
3696
3368
5871
7034
8385
2742
368
9545
6529
2191
6319
5491
4062
8448
4381
1226
5348
6473
7808
1574
6775
6820
4500
752
6437
25
3699
2863
478
2275
2685
9438
3993
494
4182
4297
8137
3038
9332
993
8560
7942
5544
6890
3547
6566
2495
9326
808
7113
5301
4376
8143
2026
9674
9638
9717
7259
2974
6566
2298
970
6391
439
9200
5230
1263
5397
3707
3028
9252
1499
504
3826
3513
4944
123
2738
9855
2145
4986
125
4525
9480
1244
1121
8695
2813
2881
2073
9917
7921
838
8864
5946
3620
9498
6410
9846
7182
786
5914
5397
3891
654
4069
2664
8575
1338
9188
4100
5004
6084
4379
9895
1986
2617
9893
2595
7663
860
7184
6895
3303
4502
3560
2756
4236
7614
5376
1126
8865
4687
6190
7529
7924
1452
4564
9382
4287
8329
2102
4765
9813
2868
671
2664
3908
9366
2344
8974
5449
888
3437
9397
1662
2664
6787
3627
8846
5331
7954
686
3237
374
7114
4209
852
7412
2878
3888
2091
4032
7602
807
6635
9759
2484
8951
6894
9494
6338
7740
8685
2646
6951
9422
1252
8876
5660
7383
3485
3245
2607
8604
3830
3984
6136
626
3444
3463
2148
4002
8685
1610
2900
1946
2955
4362
139
5183
7213
3607
115
4377
1659
7836
7783
7451
2409
6560
3866
6361
3051
3050
653
5004
8936
9060
534
4856
9841
17
1882
4464
1864
2194
440
3589
6230
2388
311
404
2233
4591
8683
7635
6517
2261
1620
3210
4354
2771
3565
5079
2557
4685
505
1516
3866
2439
9052
8193
9275
2064
987
6324
8719
3106
8695
2738
6250
5119
2916
8507
1293
6002
4113
8925
995
7128
8294
6586
8015
4586
6725
7503
1354
5238
2629
6651
6206
8569
9351
1001
2537
9466
3580
7242
6236
5526
2631
2729
1599
7755
9324
8347
1751
1069
9904
8997
4659
331
6769
6938
4056
9231
5201
7449
9235
1845
7524
9615
395
2637
1948
2567
6567
2053
7880
842
8965
8457
5528
2881
7626
3038
5508
1757
9773
972
8709
9986
6972
8442
7063
2405
8692
8413
2357
3983
5840
4308
4263
6633
3918
7389
48
9180
7457
8325
2607
4143
4666
948
5673
9726
461
8155
6614
7796
3934
9014
1413
5641
2960
1852
3162
9373
871
7864
2563
5704
4248
7484
2019
4851
1488
8015
932
6630
7186
7635
7509
7713
4597
9975
1915
9404
6896
5747
214
2114
6564
1485
7626
32
8131
2799
5828
925
5994
592
2114
3248
6573
1991
5558
3202
8999
1003
9435
8689
500
5969
1098
8950
4830
8523
5799
4810
4024
1058
9343
5284
4546
6115
817
2825
7337
6665
4602
619
2428
1962
9309
9683
1711
7817
4213
6345
994
5074
4131
7189
320
3335
5279
4347
203
4088
2610
3712
9077
4278
3745
7298
7457
6839
1446
2798
9875
9795
5527
4341
5341
3759
578
6535
7216
206
5019
1648
5493
3065
99
2002
1645
9056
6595
3263
5879
7729
562
3540
5203
9886
154
6938
1330
8099
2386
3285
420
8173
5850
2114
7511
2349
3991
6729
7087
5090
1392
3648
9206
3498
8370
9412
2518
9617
494
6707
2742
7779
2964
566
4383
6739
1082
9956
3182
5841
2406
7086
1438
2657
4800
1540
4858
9977
7543
1341
1307
2515
2903
5920
504
1468
6298
866
9225
4391
7923
1277
2885
5160
1200
2471
9577
809
7463
2935
6852
8080
7256
7159
3812
6216
7684
5199
5085
3684
2713
1595
8085
935
5169
113
48
4446
1241
7882
3678
4793
2631
8866
927
3636
728
1805
6964
5115
7281
4645
5119
4548
3136
6063
8977
4687
6171
5780
3767
1487
3636
6078
3476
705
6324
6228
6248
4638
2035
1905
8239
51
5209
1155
5609
333
8858
8057
133
9944
6165
6654
730
4712
7103
9763
2259
7547
9998
4271
5599
6911
8459
3991
9904
2750
8383
9619
6094
435
9104
3942
5775
1399
3364
7914
3154
4881
7282
9645
3472
5441
7409
759
9688
6768
8811
3615
186
3656
5405
8620
7478
8549
5435
2147
3868
6061
6726
2416
3019
8783
8130
5460
3847
4079
9572
8691
8014
9333
8504
9526
3184
5387
21
4585
9606
6368
8985
3702
9331
8761
6516
1218
8117
7497
9560
4435
7470
4982
3890
8244
7194
9820
7380
497
174
8020
9874
9680
126
6471
1286
3861
8644
475
6200
1942
2632
467
1641
2185
1564
3107
5697
1329
6183
8719
2365
572
2070
7120
726
2538
4094
6699
952
1745
8344
536
2571
4235
812
3728
7866
4549
5530
691
7921
4626
8979
4524
2563
5252
6510
7158
8947
7436
1669
9385
571
3690
8847
5690
7405
5102
9903
1575
6371
6749
1588
3017
1700
1886
3412
3687
8564
6483
4826
6331
5054
3126
3595
3401
3291
9189
5047
1432
2583
9064
8472
7186
449
5586
9791
5157
6798
2236
461
7535
6267
5399
8392
2169
3671
5730
3902
6391
9850
8546
5353
3205
5828
3853
9719
7237
9498
2231
7330
7077
3193
9769
1569
3091
3745
8054
4645
7067
7710
6549
3165
7399
6620
8644
8964
6577
9741
8624
2524
1368
3209
2259
3763
7755
3095
1636
1301
6513
1357
5288
1992
1496
4621
8436
8241
848
3138
997
8966
3946
1420
8451
8772
5043
3255
83
6707
3493
8679
3171
1702
1137
256
203
3741
6142
8791
7463
9597
8897
2967
9986
8006
7709
1200
5399
912
2078
2879
4155
8612
8482
3363
3533
5449
9030
2406
5041
249
275
7449
521
4300
1661
3892
8208
1622
6689
4069
2578
9330
7159
261
1130
3146
8140
3702
107
3101
3818
152
5045
6157
4336
6507
6643
7696
2173
3574
1571
1179
9191
2793
5160
2810
7708
6467
6518
5816
3545
8120
9620
7087
4919
8157
6974
6007
9293
6692
8058
7718
9418
8402
1779
1453
289
1454
479
2866
2602
4045
6358
4964
2661
3116
1401
9842
8777
5746
6128
4357
7489
968
2529
4300
4215
7544
9765
2976
4373
7638
7742
1348
9145
8346
4488
3115
6800
4152
2472
3655
9698
129
7313
2564
6956
6473
2391
8002
6484
153
6996
4611
2366
4597
6089
5768
8819
1451
3908
60
323
3933
9031
5837
7188
8505
2163
9936
4969
7976
2658
1898
7727
2939
1649
503
8821
5123
1900
1528
5102
2234
7257
7671
5896
9408
8638
7452
3287
4846
1037
4296
5800
6254
3767
6624
6832
7707
4676
9630
7193
1096
272
9632
7574
584
4542
7259
1839
1906
2860
3245
5878
5288
3846
6484
3996
3704
324
4731
1088
1618
9411
3564
7124
1720
2725
3534
2377
7158
4735
9431
4799
5572
6181
3474
5199
7301
5129
7042
6455
5291
231
2094
6758
3435
869
6414
4254
1232
5516
1848
5383
2522
2514
5407
2077
6658
1212
1405
6615
1336
4956
2349
6749
4991
5663
9663
4801
7762
3370
1268
5812
249
7629
7547
8895
2099
5925
5452
6317
8975
6856
6038
38
641
838
1502
6598
3385
586
3937
3100
9223
4151
6094
8423
5913
3836
3627
3468
7815
8224
8791
1514
8517
2567
2642
5146
6166
4692
7414
2620
2248
7153
4186
8072
2210
649
3301
3979
1590
248
2692
9634
2757
9619
1213
4516
4191
8855
6337
8881
3997
9038
3391
2789
2312
7081
5822
9746
2658
7353
3056
324
8252
8293
31
6331
3412
6736
366
442
9411
7328
4589
2448
6330
6363
8938
1867
7937
3701
9184
2023
4728
5169
7788
795
874
6232
9014
5809
2068
6927
2093
3872
2507
1914
101
9812
8203
8593
714
3257
2680
585
4540
8155
5336
9117
1054
9354
1071
4139
5579
8695
1054
1388
7654
6682
6968
5233
237
1564
864
3889
879
2299
6713
9054
5131
3556
4366
317
6241
5638
8366
2081
1018
6821
8813
7211
6161
1530
1385
7860
6966
5190
692
368
7812
4640
900
5159
9652
9733
2783
9282
5084
295
6694
6020
6916
9822
4944
2958
8902
4174
5358
739
6792
5655
9002
3147
4025
448
1157
7371
509
3819
4004
8212
3863
6083
6758
609
3339
5737
3259
8249
6369
7216
219
8927
6085
8031
4564
9383
801
4617
8812
6177
5505
1576
7479
8937
4643
8629
4931
9150
2631
9581
1306
6309
8752
4516
6004
2058
5722
8412
3055
7163
1741
3433
3511
745
7205
9037
108
1097
1514
7661
6854
111
6438
58
302
7169
9653
499
6218
2778
5292
704
4632
3141
1268
2702
5684
9235
8880
4373
2521
8684
4217
5153
6003
9130
6122
2321
4870
5961
9944
2979
761
5765
4059
6041
7847
5741
4958
2353
3385
1520
2917
7916
4969
7849
5997
3029
1942
4240
3159
1352
6803
7646
4027
2282
5341
620
3787
6951
7584
1440
6933
4234
4124
6136
3777
9278
5703
8177
9312
917
4659
9403
7038
3641
7601
4868
6857
8199
9087
7880
7460
3125
3105
4130
3491
9951
6291
7054
3834
2944
6019
3963
4649
4081
1177
8393
4671
9075
166
1479
7375
2703
2241
6993
5
5485
4664
6320
9294
5559
9822
1901
9757
9208
3655
1277
5305
5528
9227
5702
8122
165
3496
7629
9188
6460
672
7475
5580
1417
7828
5898
7426
7481
8988
9068
969
6210
7465
1423
4193
3229
9495
5958
3107
2648
7533
5627
200
9917
6056
3380
1979
8977
9453
3362
2379
2462
1621
5494
5231
746
230
8344
6169
4402
3585
5201
3272
6244
1306
9956
1441
3453
416
4623
1495
9997
7894
562
5490
6750
833
5964
8994
4934
879
393
5945
6485
9363
7881
607
2371
5851
8616
1056
5378
3387
4605
6033
6663
7453
5674
4046
5574
6227
7846
8090
75
9102
7757
8904
2518
5136
6049
959
2435
419
7234
9580
2716
1863
8972
669
2638
3143
742
6062
6999
6547
5460
5240
8121
7832
5913
746
1049
3521
5014
7825
3973
5540
2368
9850
4276
3262
5719
2312
4275
2588
6222
7894
2829
3344
7288
8336
8372
1522
1508
4639
4729
1957
7510
5276
4160
6877
2374
2803
5604
8072
2225
3464
9433
4705
7167
3177
1145
7640
8192
8051
1250
3089
1796
1446
1797
7199
1062
3414
2760
9814
7416
9415
9618
4882
6780
2344
1372
7114
3726
3981
2164
8610
377
9452
6209
3382
1155
3920
4436
6567
3750
4700
4055
6214
2619
6820
8780
5747
3425
373
2934
1178
8036
801
6502
5556
5669
4645
2038
2185
6358
7323
3070
9666
3975
6902
2645
395
5801
2140
7463
6327
9021
6189
5837
7118
7471
4934
5062
8223
8165
5314
4372
6209
1176
6174
8751
3160
1404
1117
8170
6045
5131
164
8255
9181
7783
7449
9058
2426
1835
9075
8846
3079
8783
2758
4786
9247
4746
9639
8158
2270
3925
2474
6822
4611
2835
5753
3167
934
6650
5451
8289
2361
7880
4884
868
718
6576
2220
2693
8981
5471
9132
8948
6772
3825
216
2273
8255
4482
3924
4837
1718
560
9521
8237
8452
6162
1585
6809
2774
6893
1200
7116
5945
5601
6249
226
977
3910
5872
4677
241
4259
7719
9349
1837
1873
5550
1553
879
5236
7483
8301
8784
7536
5273
8239
1505
4709
3746
6171
431
2451
4950
5885
7047
5785
6112
4446
5528
9479
1473
3994
7947
5544
3321
6582
4075
916
3044
5776
7160
1769
6317
4206
4457
4873
1816
9370
7056
243
3561
482
1082
6107
1652
7135
7933
8152
8789
3941
6801
8495
1743
4216
8651
6312
3604
2107
6882
3609
5330
3926
2810
1453
9062
9023
2916
1170
9815
5283
4387
2314
7116
507
413
9178
9477
6072
4127
5644
2647
7448
8819
367
4784
4049
9589
6381
6358
2004
7568
6500
4457
8082
3694
4443
7890
1885
4977
2074
1725
1053
9134
8154
3986
4000
4240
6470
3504
1084
8066
6743
4543
5533
7766
4459
9138
9772
6752
9012
8985
3682
175
1671
9904
1836
4441
8891
5243
1843
8325
5517
6144
1016
7568
722
3835
2489
9613
1877
8989
8899
5194
8358
659
8235
8884
9655
3103
2650
3818
453
4256
9115
953
1401
7388
3964
3186
9041
6586
960
2378
7404
6115
4446
1787
112
2997
8600
4583
1405
1803
4316
4755
3526
4964
9725
6557
2804
5016
6304
6135
4844
2814
9114
7772
8043
6859
3749
2928
8739
5964
7975
9237
2688
6369
8796
9988
2334
4647
799
8425
5839
4203
9719
1607
2900
7452
9093
4150
5858
7613
4902
8988
9559
5172
6583
6043
2939
9095
6005
7753
4907
4866
2436
9215
6664
9094
7006
7295
1530
5164
3590
6121
3227
7099
3128
3495
7948
2660
3449
7678
780
9290
7775
3293
3978
4819
9954
7035
136
3205
2404
4280
3245
4101
868
5955
6148
1119
298
8114
8309
2151
3651
4169
3779
9985
7757
3372
4985
9167
5098
4312
7210
4797
8590
9265
4638
2869
3938
8106
3280
7814
9205
7353
5061
6939
2443
2277
9750
7029
426
2259
6612
4178
3564
9915
7294
8388
7840
2474
7163
1058
9841
9970
2168
9875
6669
8633
8840
626
6503
253
915
2694
5048
4737
4395
7912
6129
9958
2080
1768
406
1474
4541
8616
6885
5488
3450
6210
7534
5159
4447
3533
1128
2109
3619
6256
1421
4956
2696
4759
9471
2611
2349
7500
3961
2307
7519
5934
4966
6515
6192
8632
315
2742
2783
9829
5210
7143
3856
9027
5230
7146
752
7073
8192
5771
9366
5718
7184
1791
9657
152
9894
2143
3934
303
8061
4811
916
2488
9726
8804
3076
5540
6951
7112
3664
5077
9805
2688
231
7864
8724
5765
5103
3208
9277
9454
6155
7443
2700
750
4564
7105
24
8508
4814
1745
4978
8692
7994
88
5996
9810
4389
2747
981
6313
6274
5252
3826
5684
1877
4520
2318
80
3416
7279
2440
9700
6149
8771
959
6991
9089
4647
3761
440
2431
7124
3596
4752
8909
2907
5705
121
7685
7866
7255
6876
6931
2472
6965
2152
4469
8431
6951
5914
3185
1168
5981
2024
4966
6916
9978
6878
5703
6056
2605
9251
4633
