1924
4362
7855
7032
7733
2915
1050
1943
8220
367
3929
9713
2323
2275
8476
4309
2793
9864
8034
5266
5409
4014
6924
1022
3682
8246
8857
1194
783
9556
6107
4520
983
6692
6994
1249
8521
7003
9267
9863
3456
3483
2503
315
6088
8539
9136
3201
7708
8859
7215
49
3930
7053
5715
3833
1722
1250
5417
2391
7968
9915
2539
8021
9984
7640
9106
1869
2990
1556
9010
3421
4010
5323
9973
9140
8524
1771
6781
491
3890
9600
8254
1484
5057
6807
6913
5372
6515
6092
6914
424
5924
8486
6347
9650
386
3766
970
5502
7900
8645
9977
2489
4150
1412
3892
1262
2069
6273
1373
2216
4595
2291
6545
158
9255
1755
3230
281
1460
1025
3190
1274
7961
640
9619
9276
5901
6306
8357
5997
4360
1004
2888
4455
6308
4532
2764
4960
9015
7620
9044
209
483
9722
3565
2330
7166
3622
877
5256
5880
9375
4132
5993
739
7134
4796
9624
9323
1273
422
9533
1
1067
8778
7545
7832
1933
1465
1734
7515
5286
3109
2348
1415
7218
7899
4432
6282
9438
1092
2148
6735
402
4223
2135
5249
3138
8515
3281
2932
9400
8195
4948
9364
4098
9425
553
273
4177
9953
8479
9195
6302
2258
8220
3529
2587
4119
555
7903
3134
727
659
6309
7331
5477
4013
7096
6716
1657
9182
702
9062
8794
9345
2704
2908
1119
7530
764
3814
7026
770
9570
2346
4267
2815
3705
5386
9474
7603
5437
9910
589
4760
3719
3595
2738
3147
3661
6492
2125
5635
7985
6888
5267
7534
6220
1982
7192
4784
8184
6510
6743
8660
3648
2951
8572
2950
7236
8365
9709
7994
908
8130
6830
1264
759
3803
8750
9981
4006
1571
9538
1888
5287
1648
4078
3941
8575
1100
7095
8915
8016
5238
8848
3776
9140
311
6250
6213
9869
5518
2034
9463
8938
4570
4623
4156
2224
6332
8278
8328
8021
8628
6767
2965
925
9819
4202
8439
2997
7516
6336
1625
9076
436
4316
7433
9466
1069
6431
1476
7229
6727
2737
103
4345
1599
5746
3238
3687
1767
9988
3241
2035
4328
3340
3794
2720
3153
6478
4273
5378
6352
3111
3966
7004
6102
4904
3268
7959
3379
2224
2377
4757
3293
7046
3922
9326
3784
8165
9641
1848
6421
8965
1774
2018
3060
3801
6090
4078
8505
9930
3047
9269
5663
7377
8906
6593
9190
4095
3200
8256
502
5439
465
5836
2234
5927
4805
3997
3173
3938
7653
2133
563
469
8975
7555
6449
1837
1767
9412
162
8436
3639
3917
7869
3293
8118
8233
1754
4814
3073
6567
2361
758
2843
7322
1781
550
236
6843
9262
4274
5341
9862
2868
4234
688
5400
8899
4061
6455
7765
7433
653
5601
383
7388
9327
6946
5797
1160
9790
9366
5315
9253
9023
9194
4648
9229
5389
7981
7524
1451
3868
805
4151
7555
7685
9021
3973
8238
500
6881
7220
5691
6792
3286
8554
6854
6140
551
7801
4948
2773
4222
456
9975
4736
7950
3609
1963
6424
9392
341
8550
1473
9222
335
7185
7031
584
2929
52
1020
3037
1336
7823
4521
5669
6770
8576
3142
2937
4108
2631
2634
7428
5421
2599
9186
7477
5081
7434
745
9771
5884
9338
8693
8644
6189
5480
9619
9151
5032
7860
3832
9760
8885
6753
6146
6250
2183
4349
7883
674
755
5131
3165
8205
3786
9213
6518
8323
7710
395
4168
7295
8211
1417
3496
5130
6402
5371
3036
1557
8021
592
5267
6317
1838
5335
3918
1502
8211
6782
3836
2428
2492
2827
499
8862
4553
4463
138
4257
7952
5950
6912
5443
8368
316
3661
6285
7649
6785
9236
1490
1036
9183
8868
2330
8338
5557
5986
8622
5793
8877
1759
7363
4525
812
5866
6809
5551
2490
9520
7650
1793
3502
8194
1765
6902
1485
9313
2838
5220
6926
6997
7973
7710
9479
5137
4387
4194
4965
3858
4283
1145
5809
3959
6766
4932
2507
5934
3498
8392
6472
2572
7706
1561
9975
9902
512
8230
6924
1414
1244
8519
6852
4327
4021
4231
4396
4358
8367
876
9207
8825
879
2826
3635
961
9296
5892
9061
1063
6290
4984
7796
7208
7834
7362
9335
1437
3378
6399
1814
8355
8965
6069
5914
1777
9792
3477
4568
6808
419
3149
6875
7380
8881
3151
8193
4500
6630
9850
2213
1904
4681
2317
6511
8789
2539
2263
4626
6671
6914
7257
9486
2665
5143
1657
9935
8949
1734
8200
1293
8355
822
6918
4759
2505
7956
8767
715
7003
5061
249
234
6143
9518
5572
2680
8579
362
2700
8909
7343
2560
7596
9610
320
8588
1915
3954
3579
4605
28
3094
5780
1162
6549
1866
5534
9638
8100
2991
2786
4094
9102
5439
4003
9917
8784
5695
623
6635
6494
5691
8399
800
7742
8215
3750
8531
7770
1487
5279
193
351
7974
4499
5745
7961
2649
194
6295
5689
1957
6820
5517
203
2047
4940
9119
1107
2602
9709
9167
1226
554
8721
5606
6743
9480
446
7564
6372
2294
2332
5157
5600
4412
5027
5213
1015
7204
3574
2287
9253
5697
7869
9387
2005
8249
6907
7497
2727
6777
8016
629
9185
625
9512
1720
3666
1975
8703
8785
1230
2269
4485
3831
5184
9560
6015
3668
3631
2432
9925
9263
8200
3294
9221
8950
9168
8860
5262
9486
4838
5136
1619
275
6152
2471
6276
7097
9347
2707
5121
8688
8901
3360
8107
9638
2610
9557
8186
6004
3808
2131
6888
6762
9121
3763
8853
5992
9689
7238
7919
6313
1963
4220
9881
9176
2385
9612
2628
7773
1808
4426
9628
5293
257
6966
1006
78
3848
5452
244
5589
6854
5761
8197
2872
4043
7656
7525
9829
2791
9347
1504
4555
2695
1485
5714
5938
7285
2776
6816
8448
8542
4531
3147
8226
7158
3330
9242
9860
3622
7799
4581
7068
5979
9174
7758
2986
4463
2171
4427
3433
6285
882
3753
3445
6356
9887
3091
5482
9706
7056
6604
735
3974
2237
4712
7259
8800
6515
8924
1141
7807
5735
7110
4476
2130
8560
2192
2717
693
652
7559
5899
2818
3648
7202
2976
1200
122
8668
900
7097
1735
3156
2345
5543
9175
8866
2487
7420
9414
8221
9572
6033
5731
135
9194
1775
2096
5648
3489
4277
6939
4379
623
5874
6111
3774
5431
932
2339
1366
6175
3268
9360
3729
1419
7974
8106
9146
7053
8266
7507
8119
6492
3171
1768
1970
7619
4132
1596
593
2213
5013
8195
7302
7473
5641
9826
7202
5437
3860
8531
6856
1529
1702
8428
6502
6317
337
2238
5917
7622
3870
9676
8331
7312
4546
7240
640
2882
5328
8702
7450
2504
6625
2462
7660
221
4452
3954
776
8815
4080
7912
7513
6408
350
4786
3364
7950
6352
753
3583
6319
9373
3023
9738
2168
1535
8822
1159
574
941
9529
2833
994
9566
8859
1957
3903
7925
1798
2268
5849
1062
1928
7112
3221
8179
4010
9448
6414
3852
4900
3075
5083
2469
6198
2036
7302
3175
4427
8543
3520
2504
449
4622
7844
8053
927
8899
9746
8375
8521
1871
7278
8059
5774
6717
7265
3988
7099
6081
2412
5269
9577
1474
9854
165
9282
5386
8969
9794
9462
1444
8236
1645
4295
6369
4184
2693
3995
3771
3505
3173
5389
5457
6045
6953
7239
2245
8219
2840
3500
6231
5065
695
6467
902
2556
3421
6393
4447
491
2075
52
5691
3203
9013
8988
9150
8589
3001
8597
2721
8372
2404
9770
4090
7283
2957
6252
7261
8563
2552
9962
3643
2346
7997
5895
6325
6454
515
7095
7609
579
5402
1142
6168
6900
112
1715
8016
1687
8877
8009
5018
6382
9844
8756
8258
9700
2785
5794
2672
2296
7966
2612
3416
3837
1730
4205
236
8651
3583
4739
9319
7009
8970
8856
7285
4283
3577
706
4620
4727
54
7926
5869
8254
4751
6142
2149
4211
5706
6382
6217
9343
796
8686
5230
3411
252
7783
4324
5569
9412
4352
5418
6131
8692
2253
9727
6202
736
3514
2970
1266
1263
5841
8572
5716
4927
9946
7260
9319
6071
7484
7139
8431
248
1040
8750
4883
4651
584
1154
3969
5511
6813
7012
3250
7111
6087
3564
1938
1400
5718
2775
4180
3836
6132
530
9133
8030
1736
4872
8088
7408
816
987
2341
94
5892
2283
5238
3399
3344
8233
4643
1987
4690
608
2165
5547
6421
7994
3638
3011
2132
849
6846
8156
6011
9410
6517
5335
6737
1123
7853
8734
2103
6619
869
8963
7284
4739
2224
8903
1465
3876
1556
7214
7015
8589
3996
3787
9098
6315
7037
8297
1714
2833
7088
3881
2399
8420
2253
6733
8340
4618
5248
1204
2009
69
4438
2166
8029
6344
5668
4430
8013
7809
828
6522
9997
8602
1016
546
5418
8292
4141
7308
430
3480
3841
286
3622
2162
1928
9475
5703
9474
4710
834
4455
8294
7507
9189
3643
4197
9932
376
7195
2352
9595
8271
1837
430
4282
1671
258
2755
1050
1934
4703
8489
9397
8789
3237
3330
6258
5636
7521
4250
9492
8138
1366
263
9900
2628
5314
7867
9674
2057
9594
2883
6127
5739
3617
1730
4612
715
6298
6409
5771
4030
2114
8122
6292
1036
9369
3460
1024
7846
1658
9773
8632
8223
771
6622
2878
6509
8552
8585
4710
7857
1860
7990
5333
9713
813
4690
3675
8169
7212
6409
768
3175
6111
6842
9797
6938
9649
5846
2696
5800
430
6402
5256
3905
7065
5501
4335
2760
7973
5723
5163
3973
8003
1065
5866
3991
9611
2127
4601
1039
5645
7353
6946
2328
4804
8448
9346
504
2578
1655
1867
1767
9375
1521
3553
1923
1599
9624
2542
3086
6372
3251
641
5526
2589
3496
4494
25
2438
8815
9916
3271
8624
3499
4282
2282
8832
2232
2800
55
9064
1429
874
7861
2477
4057
1605
6277
6214
2007
8594
4472
8330
7835
797
6329
5571
7858
3727
162
8307
9530
6913
9046
1511
4255
9804
5317
7893
7696
5521
5300
2873
9941
4781
5362
5239
5000
8248
7088
1290
7140
3463
1654
3229
6977
8699
136
5052
1809
8380
8085
9160
6957
462
6070
3150
3146
1
5105
7053
1825
4426
8133
3427
6741
971
4505
9860
5901
5966
4266
8233
6371
4629
1255
4729
2843
1131
9219
210
4568
4935
7728
8154
2053
4816
3655
5619
9997
7529
2158
3984
5362
1014
4450
9827
4262
7992
8093
5282
5326
4792
3812
2853
2603
3409
5176
2798
2677
6492
2024
550
9266
8875
2202
1934
9299
6969
1063
9747
6276
3437
9314
3858
8967
2014
5466
9187
3789
6837
979
9382
1883
5696
1865
7355
4332
3590
4252
2510
9660
6158
6996
5916
6904
2302
2955
1933
5652
8242
3203
7792
1445
4540
3530
3262
5518
8658
3427
2624
5785
9244
7707
8180
3058
9760
6158
4919
9907
3569
1004
8485
5625
5701
2817
1022
2980
8008
6703
8434
5051
8801
5431
8791
85
4066
5306
1477
3477
5172
4564
9158
6553
8589
5222
8203
187
1242
6902
9905
6776
3207
7820
1642
2187
8653
9286
6341
1904
8820
4877
1500
8694
517
629
69
2012
3072
5762
8082
4774
2060
1867
182
9113
6707
5747
9087
4536
5495
5304
1192
6545
5489
2753
4668
8188
3301
5316
2768
3852
5303
6925
7951
8426
7105
5
2550
5347
4384
2764
6497
1722
7387
9209
4385
6485
3284
381
313
6182
5496
8509
4470
8743
9025
3985
6220
2141
8421
4439
4810
7667
1083
1474
4366
3933
2638
3532
4560
3790
533
5336
8958
1358
624
3407
189
2568
8262
6500
9404
7189
1934
9412
1430
3776
8016
9133
7144
4921
602
2427
4784
2793
1810
2862
8028
6883
5060
1292
6767
529
4227
7476
6595
6374
3716
228
2249
8186
1877
3407
6279
6619
9393
6389
976
9807
3999
3592
237
290
5326
2015
8818
3786
4015
5185
3484
8160
6097
1666
9703
5186
1578
2328
2131
5936
7983
3060
3977
232
1101
448
3104
7887
3176
6522
7083
7179
7025
8540
5834
2036
810
4238
4555
4881
8733
5040
4242
5330
3814
4005
7817
4754
3363
6674
279
1
5633
5115
6097
9901
7665
2031
4033
5214
9708
7441
3053
9385
4245
3072
2839
1885
1828
6157
7155
8255
319
3732
66
4917
4145
1383
3230
5618
1999
7026
489
4458
3391
3081
6171
4449
8567
7269
6863
4717
4676
4740
1678
7561
1284
1535
8719
8442
2314
6999
241
4750
6922
4879
7470
5894
1328
8614
3504
3495
5371
7139
4076
2578
3199
4810
2023
2816
9638
7258
4759
5714
9753
6472
3125
8152
2801
7251
5500
7107
4041
9624
6374
7846
5357
590
7822
1477
8611
4831
648
4641
7374
6961
1403
7224
6819
5174
5545
564
5764
3511
4035
4675
7426
2098
7043
1139
7514
130
1056
1368
499
8795
5629
8487
272
8622
6625
5008
6859
5923
7241
1334
3323
4475
5461
4958
6906
7093
7994
411
3139
5106
4043
6624
8254
2927
6224
5019
7431
252
7982
578
8583
2933
3514
5565
1805
59
5041
2363
8881
1802
9673
389
7771
5004
9451
5432
9940
3346
499
944
8775
5116
7281
8624
6708
6452
8483
7475
6197
5026
6497
2389
9420
3452
4401
5483
5791
6175
8482
4127
2350
3414
4315
7007
6442
1121
7015
8933
2845
5354
258
7725
9433
5264
1908
8094
681
669
9931
3211
5020
2387
5473
2258
5538
1922
9691
1844
6266
4253
2632
7993
5387
9850
9075
3192
7977
5207
5804
5599
6839
2536
1171
641
4547
655
4178
4807
1973
7537
6785
426
7270
4278
5179
4329
3192
3223
6639
8102
1545
7442
9782
329
8731
4351
542
1667
5682
3498
2347
1205
6110
9964
7867
2216
2678
399
6017
6261
310
3580
4648
2824
2890
8301
677
4479
4262
9290
8422
1071
3186
5420
6476
2998
748
9692
9323
4415
3879
3329
5368
4418
6612
2953
3632
6736
3581
1607
9953
4596
5688
1475
7315
2651
22
495
6315
3985
2534
999
1762
31
4338
7170
7629
9460
8544
3909
6788
1057
5699
5813
9112
474
8518
6811
3490
6470
7098
4093
2632
6298
2448
4835
2024
5846
3408
2798
9158
3948
2240
6999
3037
6929
1396
8145
9314
2952
7235
1212
2049
2344
8079
6234
4858
5025
8829
9069
218
3098
2000
1512
7544
8203
6365
7771
6117
8195
5440
9276
2565
8895
4244
6551
1165
9715
6366
5918
8506
8429
4245
6556
2655
9833
5387
3296
8033
638
7723
8372
3939
6931
3763
2224
9488
3986
7830
9974
1080
5824
827
1542
4319
5735
3575
8494
5560
2832
8417
1099
6703
6767
5473
4979
1622
2613
1152
2383
3666
3728
7563
5151
6597
2618
2928
4513
236
7100
4309
5242
1724
8809
4481
1862
741
1722
6948
9972
737
1354
6484
9888
1087
9627
8428
5704
951
6083
8728
8696
816
8840
3889
7550
2347
1576
8149
378
6549
9029
2514
7511
8617
3752
1019
1358
2014
149
7990
3368
217
1007
1329
2421
7717
8397
2037
8485
1470
185
7227
1049
7803
5173
3729
8120
6724
1781
303
5209
7117
4846
8851
5203
7123
7048
973
9277
4388
5823
5226
3242
3528
6018
8308
9525
3092
9746
5054
886
9545
8880
2508
1836
6716
1252
255
8441
1581
543
1366
5419
7422
794
3394
6882
149
3965
1155
4614
5893
3390
2295
4528
9874
6621
7089
3230
4192
5374
986
9031
6163
4783
7168
6756
6588
325
8598
9326
8077
7145
8241
7848
3834
4050
6986
5979
7887
9396
8631
7735
3659
7869
963
1418
8541
8676
1675
7568
9831
8942
604
5815
2107
6698
3557
2241
3401
5801
9822
406
4490
2900
4085
4073
7143
6963
3091
7709
5919
6308
1605
2537
3770
1972
3411
8646
1172
2928
1784
6040
5604
6496
9385
1738
3330
1182
4887
2826
4317
200
3912
1475
7565
9666
3536
4633
5294
8413
2344
9484
8948
8194
4009
6682
1887
2973
5445
8424
8132
6181
379
198
7963
8009
2072
146
2046
6236
1900
9635
2261
5114
2622
5943
1200
3093
5287
1264
9853
9640
2085
1547
561
1006
4569
7952
7499
7478
7013
8170
7058
8251
8582
497
7479
2514
567
4208
4032
4501
4400
9278
5514
4617
7706
7396
1640
2495
1642
2293
6025
2706
3339
9282
4809
4962
5331
7152
6847
1797
8839
3163
6905
4502
6489
1496
4755
349
8289
2317
1984
2773
3029
2649
164
1456
8355
5510
9121
1265
1521
9967
8239
359
5363
4530
8987
4551
7794
6325
5406
3148
1829
8143
5452
4249
8714
4194
7010
5347
8820
3468
5417
2760
5368
2438
3779
6162
9865
1845
6878
3928
492
3931
3358
3184
9016
3942
7009
4967
5491
7406
4493
892
9862
5454
9649
9177
8541
3151
5682
9219
1506
310
2558
7736
8635
2437
7616
412
8371
5683
2423
4589
9279
1432
2277
7522
5492
3184
6622
5405
2785
3712
6682
2708
2263
7096
7298
783
2798
720
7189
872
5922
1697
3029
5317
2820
8772
1230
286
5468
3958
4895
9496
2791
9924
4329
7751
1445
3706
2842
3226
5523
3190
5381
1699
7145
3677
6598
3518
6010
4384
1853
3581
203
4129
7139
3781
6708
8953
1632
9941
6137
7735
4931
7368
6774
4062
1572
7353
5739
1504
4260
8760
5997
95
5503
9678
5897
2977
2144
5391
4449
6338
936
1008
3242
5959
2783
8677
5862
6590
9672
3246
9657
4316
7856
6169
1346
8348
1317
1777
2310
54
8240
1841
8170
77
5621
8082
5559
1841
5588
7255
9560
876
7285
875
2695
4242
8708
2820
8448
7611
1951
1689
3324
7303
7778
1581
1094
4394
5083
4516
3918
4554
4951
3656
1937
9826
2920
1542
5484
2161
2240
3007
7921
5094
1845
8937
8787
6178
3001
3403
5816
4830
7418
674
784
6456
7367
2278
4962
1802
4503
3756
6073
3001
4790
8687
9539
7345
2809
9000
3912
3637
2442
2902
7624
4627
1573
7251
8266
9374
269
7252
1005
723
9558
3681
5434
7544
1042
323
4854
151
5705
9848
8244
9540
294
9565
1285
5339
419
8083
9602
7292
3198
7895
3464
3742
8034
2202
4908
6341
3825
6904
797
5040
2811
3425
4222
8634
7231
1879
922
636
4389
7674
2936
1710
9386
1581
7011
9941
483
2073
7099
8788
4556
9297
6660
1065
7160
801
153
3044
4174
7462
6836
3475
1174
4117
6250
5961
2564
8445
6747
4970
5926
7782
2256
1212
912
9515
4923
9665
5214
1486
5431
8126
7012
1055
8446
8080
9300
4335
2437
6083
9975
5222
364
2440
8141
4203
3975
6703
8055
3307
276
208
2067
6506
1003
4413
1783
5965
920
724
607
9021
162
2418
4500
1785
5855
6496
9277
4533
6071
8248
1826
6216
4408
2782
6724
847
2652
5942
1656
907
9994
5241
295
8710
2880
654
8916
7851
4944
4281
7381
1760
6877
2848
1516
8072
849
9651
5716
3380
4384
3980
7869
9072
6303
9076
3809
3157
3173
4071
4954
9446
6181
7643
8406
9987
7839
8857
3725
342
6140
5733
781
5858
6678
1704
9628
9371
6055
3166
3648
3044
5310
1939
224
1589
1484
8169
4276
3942
199
4313
525
515
9610
8041
7724
3817
784
3249
7874
9295
2576
1655
3960
7127
470
6579
7792
3428
6914
688
7800
8195
8007
5305
8754
955
6385
4288
8859
3331
8695
9825
2432
101
2584
4349
3086
278
5658
679
4008
4935
1282
5851
1919
2773
2063
263
9164
515
7662
8458
4108
4981
6716
9001
5573
5192
9475
92
9006
3794
7773
1550
8944
8131
6350
8888
9963
5261
6247
9661
9341
583
6942
2609
8142
8817
806
7739
5806
1227
1253
8122
2000
1065
3007
8646
8116
1243
7717
8351
5522
1536
1525
727
7086
3311
3527
5353
7805
1115
3510
436
1108
9054
6012
1759
1645
3421
8640
6907
6964
201
4227
345
8296
2769
2243
4556
7064
2098
6446
6173
6153
523
5272
510
7534
5365
8330
4042
9343
759
3467
534
6508
8928
1662
6818
6145
4842
9186
1706
1004
233
5402
5943
6119
5051
3154
8293
2493
2279
6905
6642
7100
9129
2187
8098
6262
7566
6317
4260
602
6082
7234
4621
8575
5765
3379
9473
7669
5277
885
3726
6401
9802
687
6851
8349
3371
9268
1757
4204
6967
713
476
2196
9179
9640
9023
114
7820
149
5181
8088
3366
663
546
7268
6907
9152
4380
2951
4043
8120
2948
3062
2205
6560
4512
147
7226
3577
7977
4588
5413
7006
6872
9464
8072
2209
9628
7492
9934
2207
520
5740
3750
2610
661
4705
2184
6659
3920
4156
4352
974
9654
5253
1367
1273
1942
1993
4989
2201
7712
7011
9909
3278
2682
1436
4446
2077
656
5082
4870
8899
5554
8908
8385
8812
3286
590
4888
2485
5503
6748
6126
8418
4641
548
1438
3923
3374
2808
7988
6661
9565
5484
2344
4532
6724
1829
9074
7352
3450
2824
893
6601
3848
9738
3664
3412
3365
1195
3886
6008
4888
8239
6073
9013
7116
4800
3833
8896
4831
6768
4434
3430
472
7004
9660
3252
2354
7767
6172
215
3586
6725
3880
1613
2995
6254
5444
6933
6957
1665
7429
1331
8691
7927
7154
8605
5200
5150
6924
7015
8430
3392
1561
2747
342
8400
2729
5474
1796
1471
9422
8181
7144
7265
4056
6090
9359
5454
4282
4228
8049
3958
2824
9644
1928
5777
8933
4702
2765
2929
6969
4563
783
1598
6255
7101
9578
3583
1444
6712
6335
4194
4587
6101
7680
5143
9629
8386
2494
2210
2888
7369
137
4514
4068
2677
1357
1170
1881
4828
9287
4362
2249
8309
2888
7079
5329
7381
7734
2308
8936
7825
5555
9657
8237
6261
3013
6593
389
2388
7431
7376
5131
7218
4129
4004
8272
7950
9913
9268
7425
5324
6743
2413
8191
8394
1834
4614
7860
4402
2707
6218
8187
3880
8921
1226
5827
1909
8214
7798
816
2149
9945
9569
65
3188
2334
3400
9063
6912
1851
9533
8098
6264
2474
5507
9449
1107
4061
3353
1514
4775
491
1
4711
1116
3667
632
1892
764
6014
7571
2197
4316
9852
5249
1416
7485
6537
4557
6213
6879
6928
8401
8754
7107
5894
5373
8347
1515
2498
8999
1454
8894
5660
689
40
8161
1593
3705
6805
2240
119
4544
9030
4186
2011
3565
4593
6734
8554
4623
4467
3277
6589
2711
3364
2827
7749
2293
2243
2841
4012
2535
8434
3062
8360
2231
2152
7246
9092
1126
4138
5800
1003
4055
7537
1993
8508
8215
2958
6096
7194
1153
1561
7230
9684
1960
6729
8523
5272
1804
3389
5358
3844
5869
7039
9003
4175
5050
9449
1659
8901
4337
9878
7481
6407
8684
757
2968
2080
9905
3543
1670
3797
1495
7940
6025
249
9676
9622
8379
5339
9268
4613
4033
3564
3762
9898
7616
8067
5902
3854
9316
1732
8630
4699
7553
4532
423
9470
6006
1518
4097
8653
4823
247
8327
3709
6963
7396
6663
2523
5396
0
4497
3165
6325
8783
8301
5529
7740
6243
2244
613
9603
4027
4117
4205
3998
3253
4448
3275
5417
1039
3106
7361
8851
5682
6124
4315
3722
7289
3853
8629
7469
8592
8176
917
8986
1066
7863
8574
2083
8315
7870
5629
6864
5207
8750
1873
9901
665
7689
7366
2650
4229
6406
4
7499
9067
5440
9665
6389
9961
3348
8335
7668
357
1618
461
8367
3106
1009
4396
7857
3847
8490
6318
1961
3427
3920
1736
2981
8037
4753
4682
7483
5281
163
9327
1201
8227
2179
1709
5787
7976
3455
5468
681
7111
4732
6996
6133
7989
8301
5617
7454
7299
8936
3875
6437
5411
9902
2640
4737
3486
5486
9909
1441
5493
3392
3770
3557
5166
6717
9160
7714
4587
944
1068
6270
1117
5945
1629
9481
4733
6791
4194
5615
7855
9109
5042
6154
2718
6003
9646
7718
5332
5761
729
6612
8412
4575
7470
3974
5682
8675
5929
7311
714
5920
4610
4546
414
434
6599
5535
9359
6193
7357
678
5848
4656
4469
873
7985
2389
2325
7541
676
7966
5538
6975
8240
8360
1271
7030
5797
5605
5480
8158
2770
978
2099
5993
5414
6664
71
2755
6106
4969
3800
4831
2714
9016
1487
6614
9575
5803
5114
1084
779
355
8667
9072
2625
4925
9752
5095
6942
6009
15
6105
1201
9985
1897
8836
2305
1513
1045
2060
2756
1351
4107
7134
2503
7635
3122
4745
5261
8737
179
5680
7192
791
4613
4413
7032
5345
4925
1835
8291
2562
9934
2327
5614
8643
14
2337
8433
713
8240
7595
4291
8505
2730
2660
983
144
3153
6399
4251
8070
3179
4160
4439
1855
9897
9264
4413
7683
9549
9778
9083
6207
6829
3272
9597
3858
6955
6619
8267
3200
4264
5432
2008
7701
1521
8418
5343
1521
1977
8882
5616
8970
7207
2502
4377
2439
5352
8444
4109
1362
784
8388
4613
1279
797
2856
8120
318
6254
7145
7095
4434
7881
3701
3956
5420
3340
3695
5059
480
281
5631
2338
6129
8289
1132
5013
6479
2865
9008
3387
3908
737
126
1419
7367
6227
6415
7251
9984
7053
9388
1953
8734
1101
8839
4714
8210
6648
2026
2069
1103
1147
2858
1123
2261
4953
8371
3360
8245
6551
2485
290
4387
1898
1970
4263
5768
9914
8175
1654
769
5151
7713
5806
235
4214
501
324
5414
6888
7845
8607
7335
9216
6921
3979
4304
6650
6475
8878
4053
98
1832
6896
2183
9326
3799
2441
5307
3545
126
9573
8196
7656
805
4040
4743
7568
6785
7817
8055
8249
9976
4126
8055
6097
6242
1056
8458
5740
8765
3876
3771
7698
4765
