6249
9891
9320
3066
3719
7220
91
8506
8111
1045
3134
5167
6414
7561
4490
9328
9254
8126
5068
9854
2530
2415
5083
4471
4659
5698
9941
9699
8665
7430
1282
4614
8889
5949
9924
7687
6719
8669
5977
5808
5702
4268
1417
9585
3027
3660
3651
7815
3560
3320
2962
354
4797
3610
4524
5740
8003
7371
9892
2255
4485
4232
8116
1364
1076
4710
8768
9099
3536
8171
8015
1128
4386
2022
6830
6293
1065
6157
6219
7783
9981
9168
1008
4848
453
2379
2518
3507
9607
8173
9080
5654
2751
7682
5152
3603
7940
9411
2814
1644
8749
5736
5152
6026
6921
1732
9095
2640
5207
9769
5947
3226
7415
3023
1258
782
4827
6366
8549
3490
6390
842
4383
721
2603
3230
1128
8492
5667
2043
7158
9926
1236
9956
3231
8321
2488
675
7355
4451
9226
2975
8693
3453
4099
1231
9512
2799
5895
8396
1848
1989
5555
4033
879
2236
7672
9607
3428
2509
8756
8187
8606
2364
3315
4236
605
990
4712
284
4478
2963
3627
8734
8846
7772
1677
4464
468
6731
4088
7003
8159
5574
9549
1774
9943
4601
1807
1968
8849
637
5819
9187
3100
5773
541
3972
1270
6998
7919
4787
5791
2927
4776
4170
1306
9561
890
5296
5684
2075
7961
1404
1588
4652
3986
3091
6007
941
6196
7408
2845
649
4073
7514
6534
533
9966
5616
7044
6018
1869
392
3523
8920
9793
9298
6968
2568
8705
7591
8880
3611
948
2524
167
1780
1440
9214
3383
1532
2567
1996
4759
6674
5908
6537
2744
5442
5928
7556
6084
9113
7444
6995
2328
2492
3774
3032
214
4474
1860
9061
6309
3647
8098
3303
5937
6020
9841
9589
3445
5912
9777
2228
2097
4485
7002
9843
974
5154
5412
9620
6654
5161
9438
3843
7387
445
7331
4591
9582
490
6550
6816
5002
2092
629
5484
7631
2069
8256
3101
917
3322
2872
1863
7003
5056
696
4424
7878
8564
7256
7548
7861
9889
1625
6559
7453
140
3070
6704
1592
5737
3086
6069
6651
1035
4277
5513
9061
1423
6465
722
1682
5995
7197
3915
9712
4683
8026
9798
8276
6946
2084
2991
693
9110
6453
436
372
5681
6088
6645
5086
8019
5777
5355
65
515
1653
7985
31
1890
638
1857
7066
1203
2542
792
2486
2243
2364
8163
2771
7002
5584
344
5611
1491
9898
231
8737
5533
2089
675
2694
5200
4094
7785
3134
5212
5610
15
6653
4281
5229
6187
7441
5897
4290
1110
3285
7304
8524
8385
8780
2234
5002
8928
9836
8070
8735
7767
2637
5424
2226
6952
6122
282
8131
7431
8697
1423
1216
3647
3175
9749
5505
6304
2471
6377
9387
1194
3657
5765
6832
9779
6155
9890
3836
4319
9126
5306
4217
3473
3606
8248
49
4709
5359
3959
4773
3613
267
9233
788
7179
4938
7737
9347
9797
7188
5674
346
8678
3175
1637
7379
5296
7524
3316
4418
8421
6075
9346
8390
8617
7913
61
4496
3237
8360
2905
5827
6929
9124
2460
6738
5984
7733
801
214
1710
4214
2542
6762
2191
768
9148
1737
5227
5214
8488
5230
6275
4692
7664
4814
1355
2087
3589
9659
971
1940
330
9920
5146
9057
8815
7383
8555
4433
2342
4948
3150
7141
7710
4594
2077
6084
8860
4964
3894
3272
9058
1435
4484
6521
3589
6450
1890
1582
9456
1931
7136
3855
552
8199
412
7661
5907
260
5764
7376
728
3824
8751
2444
888
5706
3789
317
2974
8024
2718
6412
5251
5458
3232
3022
1171
1499
9494
1828
6205
1346
381
6672
6594
488
6460
7516
8710
8869
9579
3804
1656
8886
9242
8408
5870
5905
2571
2566
9033
4398
3064
875
6170
3003
83
1535
2579
3429
911
6659
3960
7019
8115
6198
4266
1130
191
4199
9577
5543
5124
1175
3327
8086
8919
6188
9496
6131
3157
3370
6281
9962
1603
1951
5363
8005
2882
8329
7411
2061
3704
9546
7537
7229
7130
7627
7875
82
4280
3427
4739
8049
5147
847
461
7729
9603
3247
4329
9978
6489
3851
7284
2313
8824
6707
28
2216
8683
8773
8418
8906
5330
5843
6556
9070
4220
5463
288
9391
968
3079
1503
117
9592
360
8724
9804
7506
157
3639
9832
8872
8522
6036
1547
1769
5801
1921
3329
3064
4087
4007
4690
2277
6
3847
6910
9071
1933
4850
5565
3146
8832
1014
8647
1411
6959
4611
1516
2804
7415
4185
1739
3886
1200
6594
9335
8400
3567
80
1186
3457
3100
1170
825
1780
5617
7610
2421
2442
7749
7735
3920
9099
6921
3755
6916
4941
9239
4674
7956
9970
8348
3947
8659
7736
3400
1647
213
9597
1439
9820
5736
4961
3521
6097
2005
7
7904
4885
784
5744
2386
6552
449
2369
7086
8260
8492
1926
1653
4157
7625
697
9362
434
9080
9008
4145
6030
9997
3520
9453
7506
3089
4729
5946
8307
720
2517
7550
5486
7706
4385
619
2749
7845
2201
8205
2727
6075
773
2129
9879
1542
4406
7187
3160
5880
4586
6145
8345
8976
2559
7557
9002
7965
8575
1249
7812
2228
822
2170
7377
8212
569
966
3161
8296
9908
9558
402
415
5296
2970
3110
8671
3738
8676
5430
9289
3165
4390
597
4340
6244
3280
4527
2269
4141
4055
8335
7070
5536
8991
6324
7383
4983
3289
243
3125
4351
4189
5519
8497
7676
9455
1656
4511
8135
3635
1738
7106
1249
9500
4013
1401
1846
4961
9871
8661
1785
1738
4211
8165
5101
9296
6002
5740
1002
3121
328
802
4741
2530
4661
83
1611
3965
1918
6930
7035
9132
5434
7379
4429
578
966
3251
4780
661
5275
1678
9538
8845
7934
7707
8994
7383
5811
478
3169
6284
4323
8775
1261
6564
5088
5696
6860
7955
8875
3011
9097
8520
2270
7418
648
6122
3726
7677
5365
2880
6708
520
1455
5038
3796
193
1583
365
5120
3886
6956
5800
1586
5308
897
6366
4900
5764
4317
2040
8331
5796
6030
4757
4689
9479
8279
3437
368
7595
4903
3724
9892
5208
2244
2746
9849
7951
721
8343
2887
7652
5805
2798
9572
2008
2173
1477
1395
475
9874
6808
5419
1543
346
234
4977
1470
7026
907
1984
4851
373
1694
839
2583
8480
7013
1894
1831
4813
6493
5856
7236
2369
9907
4827
4796
7604
430
9014
3721
9153
5485
1987
763
7092
2027
9870
7769
1328
3280
3490
2174
2788
8534
8709
6469
8020
8795
6095
9242
8435
1545
7822
5683
5698
2789
189
8137
7384
2744
5283
8755
648
8294
8640
6830
8758
5013
6230
2764
6304
7795
9202
4607
809
4324
7623
9401
3382
4738
9200
4436
7520
6772
2327
6010
2962
5885
6014
4417
8625
4003
931
8032
813
3058
5615
4098
8869
8552
6439
2562
4991
6932
5725
1188
2424
8795
5655
6993
8751
3154
2714
3567
4979
4880
5389
3488
1840
7064
25
6670
584
3029
3572
1703
8035
7608
3420
7861
7133
9561
6915
2669
4050
9173
9702
5112
3163
5559
3619
5203
5801
6871
3075
68
3570
2162
1732
6984
2660
2316
7341
3221
788
5651
8331
8882
8655
6886
7977
740
1793
9555
7741
6572
1404
5258
2404
4813
7050
5494
8503
3791
6807
6669
8280
4687
2867
1114
7541
2155
9222
4800
7415
9607
7517
7978
1918
1609
7078
1254
6935
5043
9782
4214
4881
1642
7121
8665
3000
2765
5290
5190
4044
9760
5024
2126
9787
2243
9167
2663
6229
4608
9636
8017
7212
6473
8292
3324
5342
5945
4298
3613
8300
6258
5809
1326
3193
6396
3057
3249
1529
4074
5830
8976
645
4602
5729
3372
8093
3143
258
8368
2399
2982
1027
4313
1880
4972
270
854
454
2191
2157
7119
7662
4065
1292
6410
2843
8788
2984
4799
2279
6758
6996
5390
9992
6629
1943
6248
7523
1032
4360
6965
1025
4788
4665
561
4729
4981
2855
6811
7307
525
6837
2269
4692
9714
9473
6480
2727
6135
2145
2701
6510
2628
3088
9265
7116
3832
7615
1414
4862
8058
5570
8471
8694
6722
5941
2453
4019
3301
5032
7690
1127
9780
2973
8963
9740
8176
8107
6868
1068
3886
7592
7464
4141
9412
9860
8637
1062
9794
725
5784
586
5054
4238
8530
9814
7934
5483
3234
6185
4886
6410
9951
9278
4633
4459
6833
6713
8811
746
6673
5301
7971
2350
8891
7771
2705
2094
7093
6792
8999
5603
82
1397
5994
6794
6373
7872
6726
6308
7733
8740
2785
4384
9139
7666
5087
7765
8914
3118
7971
2506
4583
1191
8639
9450
9756
6174
700
2374
4222
3001
2761
590
1119
3798
4063
6853
7200
9423
3851
1837
4258
7930
9233
9613
4032
7929
544
8256
3039
2550
4365
4148
4728
636
7411
8482
6364
6153
7140
431
6500
9104
1310
5015
2821
5979
5625
9231
6377
6533
1921
8125
8640
1189
4787
631
7029
4013
1578
7893
2260
4485
9780
7679
8824
1144
5111
2704
8464
4658
1393
8339
670
1667
2119
8099
8281
8778
5643
8303
3455
899
9467
518
9099
1954
9522
3266
514
2469
146
2597
936
8539
965
5198
5047
9458
5151
1965
4417
2077
3105
2369
268
2105
905
3193
8630
5313
135
2972
3155
1829
9415
4542
712
8548
873
4961
8939
767
7659
2141
9457
3646
5857
2556
9408
6372
3280
610
246
739
9013
138
5774
6940
9738
245
2170
2849
1225
3333
3075
3844
7232
5600
1714
1290
1068
2859
6698
6328
9066
1822
376
6459
3057
8497
6738
8923
1222
9035
7179
7813
600
9964
7731
5041
2269
7789
1362
4105
5689
5864
5553
5229
2283
6322
1822
4097
4618
5324
3115
9165
4161
2717
1816
4679
7563
4795
34
6792
292
1760
855
7772
9401
3896
1483
4030
6963
3362
4468
1459
1863
2872
908
7382
1490
9161
2625
8112
6015
413
9296
7157
9394
4610
5164
5086
1327
7702
7747
9648
2352
2944
8943
8139
3530
3626
6856
7003
9058
4615
7295
6751
8295
2523
5574
1847
7059
1760
4558
2323
1571
5538
836
2911
1363
7581
2309
8775
3318
5382
6766
8277
6518
5525
3465
9862
2923
489
3395
5204
2313
1370
8958
9459
6897
4822
8421
7910
5572
5055
7878
7145
9678
8444
1430
481
8564
2059
4288
4707
7946
2981
8867
294
2508
7323
9333
7046
3156
372
3206
7902
3222
2352
1058
5693
730
9717
1453
5599
9547
2655
4646
6841
834
3286
8086
3417
6822
8722
6330
9993
7170
2143
8396
9029
296
2243
1451
3629
1397
9675
3027
2420
8762
1187
5815
4981
3019
1915
1634
2745
6680
7393
3121
9240
1928
9477
7671
7420
8933
5916
8797
8655
8568
5981
3483
4494
5174
7004
4445
9981
2456
3944
4899
3651
1593
5841
1313
2244
9632
6314
5332
1141
7309
8196
9015
4181
8797
633
5048
4970
2119
2874
8266
9351
2238
4961
8804
1901
3667
5689
737
4824
2536
237
1558
9496
2727
599
6998
2460
4933
328
675
9617
6870
1979
7427
4077
9898
3233
1577
9522
4526
6492
4525
1229
2066
2178
4225
9950
6494
9470
5834
4513
2379
3550
8767
1089
6564
144
4161
4378
162
7519
2575
6077
2018
3941
1498
3424
5994
9236
1036
4692
2668
957
7905
7589
4602
1656
5413
5552
3233
6819
8190
2127
8192
3707
3893
9138
583
7203
3411
2601
3592
9370
420
3090
4397
5254
4962
9123
4890
9502
1230
8560
1982
3368
7147
340
4155
523
6880
4687
7932
303
4877
863
6381
8797
8544
5273
1236
3523
1868
8614
3315
5657
5340
8626
7235
8925
1478
8531
8044
2640
8247
6464
2943
8904
1712
5130
5480
3607
3776
6516
9906
1429
467
4907
4106
3674
5978
3923
6228
1180
9089
8009
5553
7104
4159
6592
8620
8531
6854
2403
2535
2353
9918
6132
4964
7675
3495
9633
7316
562
7328
874
7266
4545
4989
1893
3359
8599
4321
7478
1616
1874
8608
3202
3222
9258
4130
227
8728
6838
6209
2922
8151
8756
9968
6217
4869
4684
7153
8291
4775
5221
3052
1774
2262
4133
602
5722
7787
4685
4353
262
2557
9953
7233
3637
977
8309
5472
1885
4433
4855
5828
1604
7162
2464
2758
6048
6118
696
9485
3927
1294
3661
2688
5549
8199
6359
3466
101
8229
3084
4793
9298
4964
7445
6360
3310
1348
5632
488
9164
5822
3203
6688
3000
3226
3644
8971
7092
2231
6540
8276
8683
4963
9700
4880
5153
2849
6350
1295
6591
8525
9921
8323
8653
1001
6094
9363
1470
3061
9371
7086
7704
9552
6427
1903
308
2662
9383
3021
2019
1945
1807
2406
8480
9937
8916
9226
1434
7815
4846
6153
457
4599
3744
4560
7599
9376
7000
2722
17
5885
5777
4205
6165
7389
3895
8913
9754
2914
3890
4798
4529
3797
8058
745
7431
4681
9911
5552
6708
7468
9103
1048
4287
9776
9723
4785
6023
5600
6270
2409
5490
8328
5681
8183
6058
3462
6168
8192
930
6888
9501
6410
9906
4752
1327
6171
6121
8383
9663
5297
8492
5632
2670
6777
1216
328
1984
5631
9581
3961
3359
9271
9225
8840
8609
1578
6044
8571
2309
8394
351
7686
1877
3221
167
2338
6291
3339
1120
8343
5398
410
2289
1563
4215
2294
9044
2969
1978
8263
2446
4643
1560
9466
9859
4854
8885
5780
9359
2981
6667
7766
4515
8624
6837
9700
3011
2636
4184
9900
1177
8327
8719
892
4791
3057
4594
3191
5701
2659
1457
2801
4702
5799
2937
6239
1802
2985
2651
8536
9137
672
6836
1752
9607
627
9891
4710
833
39
4771
994
3053
8798
9639
4607
7542
9168
8550
9731
1964
1112
6175
1623
9345
429
6396
9596
1495
5988
7400
8542
9891
386
4517
1162
9967
6708
1882
8205
7410
6309
4409
5945
9986
7800
225
9338
4082
9565
9999
64
8879
9401
5028
9166
2718
167
3824
7341
2322
4903
3945
9939
1489
9519
9264
3531
2217
473
2495
9019
8475
1209
3147
3170
4349
9178
6378
4766
8626
8833
5930
1371
6535
8051
3093
8292
4433
9616
6950
5645
1685
7770
374
5524
5373
8517
9446
1902
2846
5844
3568
8280
7531
5309
8086
4049
3300
985
2805
5862
2958
1288
9353
9336
8223
2078
323
2389
7069
7317
2887
8357
4093
3536
6848
1242
3747
5283
4512
8618
1882
9317
3989
5689
8741
6899
4714
9808
7262
7785
3641
9430
6149
8737
6129
2976
1658
3498
4514
5262
2898
7909
5348
6858
4327
1124
2935
7693
864
1946
751
3216
6437
5276
5137
6674
9102
4985
3580
3488
1037
3811
9112
6277
8014
64
1179
5784
3980
8676
8402
4281
5960
487
2681
1167
898
5143
2893
6315
6647
6765
4979
3190
1464
4307
96
160
5213
7821
7312
9804
4408
1928
3727
6159
9774
8413
4983
4942
5902
6972
5073
7667
6185
1179
5204
6711
3803
9258
1398
3328
7560
3081
6859
5631
319
5549
5146
1097
536
9535
4948
8483
7863
2622
7803
3163
4832
1491
5314
3662
7375
2008
2587
8288
2169
9098
433
2791
5084
4633
9399
7035
7919
61
9140
9555
2402
4353
9505
8750
6973
6178
1923
3564
7627
8949
3966
9170
8114
6610
7813
9436
3462
6877
2312
2704
8193
5266
803
6101
3586
4784
9544
2576
9786
9271
1288
2330
7322
4044
6387
3405
9659
6784
4245
1962
7822
9431
6152
4853
5362
7963
7967
5009
4896
8380
8707
8388
4571
6318
9437
8930
798
8501
504
6743
9961
3250
3867
6231
3987
5219
7793
8720
3306
7136
2495
7177
8879
4210
4063
3860
2198
2463
7173
519
8321
4321
7063
6416
601
6325
3893
8495
5074
8180
1928
3736
8418
6557
1446
8468
2890
9224
3469
7187
6518
4179
2034
5142
4708
683
7711
5263
3752
3745
3083
8806
6162
8547
5390
8285
5835
8584
1742
9330
1336
4210
6191
141
1179
1990
9033
9294
3396
6182
7499
8179
6107
5137
2882
2994
401
1592
5433
3219
5256
4902
4493
5435
8602
9702
2488
4318
1511
1094
6055
6137
7719
5933
1660
7282
538
659
4682
5593
5562
4383
1855
7741
7790
7243
9895
2552
6522
8787
4943
5975
9001
4974
2033
4129
5128
8100
6753
2052
2635
5632
3715
4921
7131
2921
9153
4702
1052
2103
2881
613
7453
9609
3129
3261
3188
1957
4959
9911
2658
5355
2771
9151
9318
5345
1827
7954
1535
8642
5748
1274
3076
132
3040
4206
8738
5193
1966
452
2196
8991
9940
3144
7884
1407
6855
3767
4975
882
446
4920
3566
1590
848
4813
5593
3064
6183
8563
8794
4413
1761
9984
5732
8415
9368
9639
6719
2004
8204
2603
2571
9448
7977
900
4846
809
2209
7888
1466
6286
6322
7558
1603
5655
8095
3651
7014
9840
9238
2155
9430
3612
1878
8878
7704
9561
1949
7322
767
2387
8854
8243
3726
780
4958
1414
5118
3633
8564
6953
8284
6945
1483
8907
3150
9618
8415
1737
1908
1271
2305
779
5806
7871
3444
3980
3564
477
9987
428
7862
3600
7881
2650
86
9281
8241
6826
8302
2651
5900
995
7295
1431
4240
4187
8820
6210
8061
4450
7805
1332
8226
3305
5665
4700
5344
8281
3376
7585
4057
7711
4810
9242
7642
7039
2564
8158
7201
4468
2550
3753
7950
923
5534
5534
7031
4745
1178
2893
6408
542
6631
5974
3366
5060
1622
2826
694
5878
6622
8361
8044
1605
4022
9889
9294
5265
9092
4533
6739
5155
3760
9832
8042
4966
5758
7899
1196
8301
3828
5553
5415
7629
5855
1309
2234
2850
7038
1301
3360
8727
7325
7751
5190
2189
9916
774
9049
4230
8189
1786
1108
1313
3789
2471
6971
1989
976
831
1250
4160
7228
6666
7497
8065
1979
1890
585
4868
3239
2942
4531
9173
146
4585
9941
80
1472
5530
2194
1232
7952
6468
168
7840
1749
3838
5007
1514
908
8147
8367
2179
9041
6539
3669
12
7855
9318
8395
599
8141
5582
8696
3499
9970
1343
1198
7672
8040
6700
5762
5417
9449
6391
775
9450
4188
4642
6960
89
8569
9157
4109
8296
7926
5169
1348
861
3527
3519
5481
1133
2348
3490
1195
8368
5918
3759
5156
640
1670
8266
6954
7663
7664
1774
8138
2098
1991
2358
2858
6614
1027
3210
867
488
5404
7011
9007
1906
1279
6557
2059
9820
9218
4710
3420
296
1343
8870
752
3441
4503
2851
6794
8111
6597
6958
9165
751
2513
1505
6087
5073
7734
2920
1919
5172
6108
7582
111
9860
4725
1518
8455
5849
9241
4676
2775
2558
908
8833
7260
8974
6159
1494
7253
7115
7714
5468
390
3864
4023
6957
8858
7807
4762
3079
4296
4756
6228
9022
9624
5828
6038
4471
4332
9029
5391
1992
1539
5273
8432
2343
9634
8844
6120
7864
3783
8563
7715
1348
7673
5753
4697
3257
9691
6761
7645
1934
1486
70
7190
3054
4856
2861
1633
7252
8288
7506
8286
5757
8903
2485
121
8626
834
540
3125
9074
443
6798
6915
1337
6885
4414
3003
6674
9626
2631
9965
5723
2460
4209
625
2169
906
4701
5006
8555
8694
3002
8682
7403
1323
9338
1406
8772
6031
9782
1057
6193
8202
397
6573
6558
444
3826
9450
5488
529
5792
9482
7006
1319
8092
3765
5872
4413
2311
5068
3540
303
3184
5458
9259
1439
2578
3510
2225
4384
8376
1751
6684
5578
4468
5343
2520
6875
9303
8354
3106
7476
4955
7321
4305
8126
9839
1069
5967
7777
2931
1930
8731
8421
8553
7496
7354
2069
8802
10000
5312
9291
1151
2697
6457
7588
5758
7423
918
5857
8906
4143
9648
2600
8324
8440
8661
3456
9236
8583
9829
5361
8417
3359
4781
3781
4962
5241
5228
1731
6110
4649
3767
2697
1034
3839
1663
1450
6910
6613
955
1573
8935
9434
4602
9064
5978
9000
9186
5393
16
8793
8528
917
6615
7757
2325
1262
7193
7352
9368
6860
5245
8596
5713
2705
9077
6333
2611
782
696
7609
4670
9407
9037
6275
8386
3331
2904
2003
4425
7194
4045
6047
6665
5094
684
2232
9850
4786
5418
4056
3510
6448
329
8915
4513
6195
1716
2589
9361
8926
2486
7281
2619
943
7669
4497
6136
6835
2321
8537
2576
4307
5851
5151
9898
3852
5236
8481
2676
1577
1272
5855
4473
6073
6203
7629
196
4660
6639
5012
542
1912
4744
3851
4269
781
5728
7358
7882
4289
8899
9148
6948
7009
4080
230
6944
2597
2524
1236
4985
1404
4917
7886
8739
6561
9005
9442
107
1370
2734
9739
4357
8
4151
4421
9607
960
2291
2882
6851
9224
518
7949
9391
7178
253
2944
1377
5575
5342
2186
5762
1534
9955
6418
7938
9770
7086
744
4230
2163
267
476
9458
8491
5279
6410
8
8501
7381
1931
8043
4350
427
5367
6797
153
9686
1361
8794
1591
2261
257
3271
5528
8098
6725
2363
8496
7882
6168
3394
3608
660
701
8499
7317
5296
8901
743
9770
3760
3722
3954
2862
2384
9415
4877
9081
2102
8183
6213
3596
641
2143
1077
6170
5760
7206
3589
1159
9123
7281
9347
3306
1964
8463
6859
275
2024
698
2375
7428
260
2040
3214
3439
8435
3029
7995
4757
2465
8901
3457
3175
6828
1553
3511
2734
7875
4765
716
7126
1885
2987
4219
2303
8167
8420
6306
810
1936
4379
5285
9547
4666
593
3994
3841
6532
9507
934
149
3955
9039
1550
8333
3894
1320
9918
2410
3056
2422
5795
48
2503
2094
2311
201
6031
7306
4532
2666
4037
489
987
8195
9122
2168
3226
5038
7460
6469
2619
857
2648
1970
5844
4095
4455
6031
1386
3432
2911
817
4185
7169
1354
257
5875
65
9965
1182
794
1359
2830
8092
7017
6602
4039
8773
9470
4282
4091
3895
6645
3584
1746
7939
2111
9998
352
1855
1515
1603
6261
5039
727
4713
1300
9031
5410
9719
436
5008
3090
5546
6270
5883
1421
5682
152
4642
9819
9342
7545
5453
568
3234
9650
4955
4743
4341
7113
4560
1005
1249
4222
7082
5497
4622
4977
3901
1665
3335
3327
997
1921
2520
367
4535
8865
2376
2490
9919
3989
2515
7985
8415
4707
7566
743
2175
6720
8505
9809
4510
8635
9500
2537
1102
4506
7752
8023
6929
8321
1932
434
1631
3372
1296
9806
827
7988
3300
4744
3906
4638
1807
9181
9039
6573
683
5783
2839
5468
5720
3020
3498
4674
9360
1392
3292
2854
4908
8199
4570
3819
4507
8258
2218
7364
6572
4294
2867
1172
7961
7405
324
7850
7129
7218
2910
816
3811
7831
851
202
8128
5623
886
8914
6280
6417
8009
7368
7899
7960
9092
606
5012
2644
1818
3886
8005
355
7723
7792
6015
3326
2492
5468
9574
4911
7399
2160
8906
1738
6807
469
2095
3725
8813
131
8496
2819
9833
9557
1460
2748
5936
5355
1486
7863
1775
2890
6454
9997
6773
8738
6155
1092
8893
644
1987
887
1529
4797
9244
6551
3539
6210
1617
6277
60
7919
2391
6021
6600
5568
3944
1148
3848
7204
4592
6173
7352
4853
1578
4708
3587
9566
9389
6379
4168
3273
2498
1204
3381
4161
5415
837
6872
336
5511
5052
1216
3855
3054
7594
7890
6292
4419
7444
8680
5723
1504
3529
9772
3868
2568
2480
3307
7580
4960
1460
8751
5344
2474
8432
5918
2923
4534
1596
8668
8013
4104
9461
8975
3097
8900
9576
9639
5429
8553
4397
7375
324
17
7404
2122
8461
3275
8797
2286
3543
972
5687
6596
7883
4464
5926
4177
6966
4481
866
6753
9825
1725
1989
6554
971
1551
4324
6269
3816
3175
823
2786
7441
731
8260
7900
2321
2292
6468
7274
5852
9804
7235
1164
8923
1651
1504
8011
8144
7139
4681
4824
9859
2516
9935
1095
6500
7270
9862
9183
2142
3189
5955
6797
9994
2136
229
3368
1441
8678
4598
6465
4748
3868
9588
6388
1920
9065
3012
9811
103
6183
9512
3181
5129
5395
8582
2226
9319
9063
4078
4323
3190
2327
1085
4765
2821
3554
6610
5387
1899
7873
184
1107
7807
7972
7425
699
9800
6743
2864
3666
5811
6191
2010
6497
5178
9044
8335
2057
9596
1949
7060
6934
8535
5873
8952
4564
9908
8830
9468
7623
5692
3069
7771
1635
687
504
5332
5749
8264
6542
5394
4733
4266
4863
9948
2272
5657
8480
6404
1746
6496
6721
6623
1078
2940
9686
3751
8095
5690
3510
6178
1085
7978
5239
8049
1940
4671
6594
529
2308
7427
8425
1527
9026
9835
1020
6805
9004
8374
9566
9182
8503
1691
8361
5846
5294
7450
6429
9916
7973
385
8426
1455
4477
8071
7515
5647
7953
8591
6050
5450
7364
5299
87
672
6434
1241
4682
1854
1446
6776
9366
9817
8319
9866
9569
3952
1354
7883
4620
3073
8743
1809
7229
5426
7081
9293
7209
7241
718
21
6477
142
207
8338
4316
2073
9474
2427
3015
6412
263
5201
6517
9014
4148
3963
2042
2152
8776
3276
9271
9936
8515
1374
1676
2730
5286
7890
1092
4737
7939
2317
5227
9666
1874
3722
2289
9059
5579
6336
5490
8791
569
3220
5446
1368
5816
9600
527
9023
9177
9110
6990
5222
5637
9457
189
6600
6526
1002
7600
6886
6273
2371
3608
9989
3957
5919
1403
1151
1896
5810
1721
9829
189
9995
4207
2825
4781
6329
5474
6881
4571
5067
5119
9395
2643
6141
2156
7385
5875
5192
9860
3452
5797
4935
2965
6269
2245
7738
9751
4753
6535
1426
5453
5226
7587
9116
9367
3059
7697
9972
8309
7383
9040
2683
4013
688
432
5059
3533
1529
1785
4951
1262
1664
736
7523
100
7733
3350
3890
4282
7598
874
207
8003
6821
26
518
3319
6419
2644
4367
8865
2506
9420
8258
807
1959
208
164
9897
5151
7013
586
9234
7500
8835
6449
8640
6316
2276
37
2355
70
8630
4898
3454
2309
2329
6960
8966
7465
2030
8938
1072
8974
9072
8536
8164
3977
5125
5765
6057
3625
7218
4922
105
9652
299
3482
5587
5036
650
8519
8952
5884
4305
6075
5267
3257
1652
3851
9579
3464
4482
2819
351
9294
5153
2937
7537
4004
2241
5650
9835
8146
6810
2381
6959
6059
1494
4849
7620
6624
5686
8498
3017
6469
3435
3689
6441
9573
2512
9915
1402
3027
2277
4296
3746
3486
7972
5895
6226
7925
1995
5643
9456
6901
3518
5147
202
7554
4690
8940
9668
6015
6619
213
1811
651
7871
6487
1663
3543
9223
3215
2357
9774
8887
1433
7779
6728
7518
7223
2255
101
6896
7203
8552
9384
5691
4397
5198
6303
8806
365
3622
6980
1512
5558
1521
6365
1543
5819
9334
9334
8471
4187
8072
7323
1877
434
6616
6008
7160
7619
9956
1508
3487
1280
6670
2554
1927
6458
4543
5553
1652
487
2204
2590
7506
7327
4486
3233
7548
6079
9059
2090
2350
3377
6695
9095
4954
2889
9734
6511
9619
96
3553
4903
5635
7505
5417
8850
8253
4917
5608
63
9793
6380
4733
7130
68
7550
674
4038
4758
5238
5009
6391
6249
9823
6294
2861
9977
9474
2521
3655
3488
3213
4783
7079
5654
2415
520
1135
4717
6737
3570
3839
3554
6963
1546
1862
1203
31
4705
6018
9083
1091
4612
9226
7116
7369
425
642
4678
2174
5705
561
3247
4562
1416
1404
1726
5920
1937
3858
8665
4895
4246
2542
1813
4736
3902
5639
2787
8250
5128
194
6562
7369
4091
6443
2942
5047
7521
8433
8619
8260
151
3181
755
5389
2363
671
5610
8760
436
5425
9815
8547
7411
5678
3616
6563
4782
641
1349
3324
4354
941
9441
9051
9780
9413
3974
7150
1076
4221
7294
7016
5388
2463
6475
8514
8673
2188
1524
6886
5334
4348
4997
1639
4889
8911
4955
9087
6258
2007
5524
1154
5583
1431
1086
1995
5701
2342
5037
4426
1364
3981
3025
8754
2366
9361
7604
9706
6177
645
6743
2356
6431
8262
8595
2007
2492
1066
6053
4660
6203
2021
894
7464
6106
2540
9701
1203
2335
1323
4254
7012
459
6071
2375
2376
7608
3270
1774
1822
3269
5614
8185
5791
2059
2360
629
4606
465
1667
7978
7423
8010
7657
7227
5645
9185
7589
9814
5017
3564
2868
1993
7558
7586
7287
7397
6192
9203
4188
248
724
4277
5671
7982
2784
460
5651
6581
7231
4470
144
6693
5029
6465
8042
9591
7439
4290
7535
6990
2226
5654
9153
6267
5363
1716
9265
4240
4930
2788
2378
1440
4762
1489
3224
6279
8551
860
9881
9073
9320
94
6524
9109
191
2414
41
8865
1322
4001
1094
6538
4460
9952
1748
5835
8642
6758
5836
6103
6055
6431
680
9379
9958
1175
6818
5866
1444
8942
1822
688
9678
4048
8946
9347
9513
4137
2442
1538
1777
8041
3392
5194
8107
2774
4112
7730
8808
7419
650
1452
3212
521
3873
3074
634
7704
46
1145
2142
2850
2129
7643
3653
541
5159
9688
1380
1195
7884
3112
2911
9898
3018
7042
4321
741
7648
4214
499
3443
8817
6777
7481
6260
2346
818
5096
7194
3846
9934
1770
6787
7712
1039
7056
4478
4356
9207
9028
152
7799
7913
3297
5721
3461
2502
8955
6286
1979
715
8816
762
8556
5332
9644
6793
1581
2161
4487
6616
5023
181
4156
2555
908
7409
2963
4977
1463
213
5229
9891
1664
6747
6728
7058
6193
128
3335
6915
9189
5317
7682
2236
7073
9998
4259
5073
510
8174
4397
7077
9779
3171
9912
94
8595
8449
8983
1710
9699
6529
1091
7857
6580
2988
8589
554
3431
3792
3779
4081
2088
8121
1567
3016
2012
8953
1957
7863
7108
52
2964
7065
8754
6340
2596
5826
4161
3429
7550
4668
1873
7122
1026
4256
7205
5140
7697
9750
7510
9800
4053
9693
3367
3531
4562
4566
4032
453
326
7910
8830
1769
2648
2006
9886
6051
3171
7044
3857
8774
5905
8395
3422
9999
8585
7990
2286
8925
3793
743
6570
6590
6346
3049
873
6926
690
3323
4488
543
2542
946
2308
8754
3868
2132
285
9462
4982
3188
491
1850
9527
3522
7887
913
821
355
9155
7341
88
734
2256
2883
1904
964
4814
8468
8744
8363
6260
1447
4409
3587
7719
2134
8066
2221
8915
6759
3198
9252
4656
2289
1698
1204
8838
8840
9818
1599
757
1371
369
1262
1921
2018
5087
3021
9969
2445
5463
6208
6131
2345
7349
3333
6488
6573
5103
9048
1033
8100
9372
2993
3565
1024
9555
4471
6195
3594
5108
6365
9971
8099
4173
7447
1441
6406
7216
3670
9887
5537
9359
9327
1481
5995
8303
4273
8892
5902
1879
616
8081
8871
9688
4683
5688
8273
5569
18
3581
8396
1867
7449
1461
373
2576
1753
5167
9157
2326
562
279
3073
4235
6382
2467
7825
8170
6918
9744
3339
9952
5574
6312
6656
2978
8474
4633
4668
9027
3272
9678
5825
3583
6127
5035
151
9999
3872
9246
9971
9808
6124
9378
5215
597
6367
4397
8397
8183
3862
4478
5726
1196
6961
4031
4316
7943
791
3091
7349
5309
8904
4096
2200
2200
2739
3619
721
6623
7302
4016
7389
9524
3058
7125
2224
7030
9979
6060
7665
8617
9830
5887
7010
6947
3153
7463
6214
9693
3217
6968
5110
2312
4582
3887
9416
269
5498
6534
9230
7861
1943
6507
331
8036
2870
6972
3254
5866
4062
3894
5197
2478
8343
3297
5893
7748
7027
3583
2885
1293
1588
2208
9054
1154
5212
6139
5657
7942
7555
6613
4688
9253
2597
4120
8239
8099
5680
9312
24
3528
788
8875
2642
450
3390
4621
8452
7328
8096
8043
5728
9453
6976
833
5057
4047
8898
4911
3828
2359
7588
5893
7930
5620
1008
9284
5507
3401
7112
6906
235
1305
1444
1900
8250
7462
732
5797
6354
3413
5194
6745
2801
3672
8639
9556
5023
1388
4269
9033
2154
1750
7677
6877
9044
6894
6201
4978
6687
7540
2241
2242
9559
3321
1970
2152
3556
9909
542
2310
8254
2201
9045
1245
7736
7750
9697
4251
1455
9310
9355
4735
2920
4301
2413
1785
5860
4254
6851
5824
5897
8257
4489
9039
4770
6664
5126
5179
3716
8092
4476
5341
2363
3523
2542
9119
126
7499
4319
2245
9798
6874
2510
3069
742
9695
1672
4795
3802
6887
7638
9952
223
904
5865
3408
2711
7099
7705
5874
6016
9164
4430
5841
155
5705
4934
815
3101
658
8613
7064
7892
2221
3006
5500
4715
8510
636
8478
7147
4753
8484
1353
6787
5088
7901
9584
9701
5739
1608
9033
7744
4082
6231
5224
2049
7206
8457
1274
5945
6129
2470
8670
4809
791
7719
6022
4614
3527
7498
9545
3135
1206
4061
1532
829
7786
5968
2452
6244
7948
7292
8384
9367
9985
9004
5751
5742
4137
5962
2845
4955
3049
90
7373
2087
7010
687
2134
7996
1666
5736
3132
9869
5617
9198
2232
5016
5321
2125
5996
5864
2266
3683
7508
8212
6194
9207
7947
7124
4210
1272
1054
3234
6930
6976
214
9212
7828
5044
5876
8525
4681
490
6628
9053
4197
5207
1193
6040
9011
6216
2526
5219
1939
1307
3158
1175
5312
2998
9961
4363
5048
231
1184
6154
9875
4536
7400
5114
1289
533
6821
998
9470
4919
7384
6417
3755
5455
2484
6287
9745
8904
6628
4923
2455
941
7218
9460
2847
5403
6153
9029
6664
139
9551
6302
4086
6076
1552
2379
763
6055
793
4414
9312
6511
8932
4419
6359
2214
3885
83
9988
8107
2274
3219
5997
4804
6537
8228
662
8127
5362
2150
8429
5328
8666
461
8296
5398
5103
5525
2089
816
31
3375
1803
2326
218
9821
5724
8879
707
8264
922
5943
4100
6076
3353
3838
6395
2776
5916
4378
9999
2737
225
1563
7489
6313
7010
6868
125
2203
9746
6627
6735
6586
2933
8062
4729
2328
4331
8142
8950
5758
3623
5533
6714
6913
4447
6150
330
3968
2040
4097
5482
2216
9493
9030
8646
8631
9740
282
6077
269
2048
7102
6619
2365
2015
5500
870
967
201
2024
786
9213
5889
6647
790
8037
7928
2884
6753
3151
1411
4886
1749
77
3917
5677
681
5143
347
206
3890
7574
6282
737
4666
5221
431
5819
4841
3062
4655
1464
8043
2930
5324
8544
7441
441
5134
3762
3364
6639
1141
9634
6974
2981
8343
7798
1147
5497
6680
566
7362
7237
9419
4644
943
5470
6734
8622
8946
5200
2127
4935
4011
8838
6376
5672
4323
7948
1592
5556
6321
5379
5891
8340
3740
8977
5281
2937
3661
6760
3550
18
3361
6087
912
8386
5896
8574
2698
7290
3291
9451
7496
6628
7999
3941
1416
5175
4818
8759
2018
1009
8777
7306
1452
1503
94
2594
9385
1676
6051
9640
7825
3909
8233
5135
2880
7917
4883
446
5790
8508
6076
8891
7459
4020
8099
3487
8852
3566
1657
6442
8509
6797
1590
4294
912
4825
7764
1901
9313
3177
2345
9951
9
8498
3947
3365
1958
5703
8321
7583
241
4381
5952
2459
1632
9940
2146
142
5772
2734
8089
7798
9140
5740
2696
2772
9603
2281
2059
4030
1442
9468
5867
1322
4773
5430
999
2367
5677
2532
2226
3975
9984
8994
755
555
4043
5124
2729
2075
4129
1100
1242
6266
6391
5219
5565
2142
4656
3321
1315
5480
2471
5041
1770
4155
5577
9532
3138
1032
3054
7923
550
7831
4434
8084
1542
5677
8683
5612
384
8045
7609
9460
1634
167
5142
4172
4750
118
5835
143
9526
6162
132
51
8299
8335
400
4123
2241
7973
6427
4456
6801
1459
7369
6230
632
9748
6833
1062
948
9341
309
9541
355
1696
6479
7613
3133
7783
3213
8324
661
2696
9882
9921
2044
4563
7616
4485
4400
2413
4145
2147
3871
7729
7286
3691
7389
9262
5278
6768
8238
6879
7658
9447
4749
2222
8893
5204
9108
2843
3749
4413
3090
7670
8584
3602
2524
1170
457
3774
8494
5118
4008
1490
1564
9015
9231
8905
7436
3638
5721
1692
5246
641
7158
2092
1036
3973
2911
1983
8778
6466
6594
5238
5669
1677
9959
4737
6017
8005
748
3094
1653
4322
7578
6160
7131
8041
6020
9816
8838
7494
4444
5034
4942
9581
3218
5009
2935
9541
1239
3336
5562
6914
2438
4766
6209
7379
5264
1762
3375
1557
917
7919
523
8801
3590
2977
2897
619
7626
5889
9619
8980
4964
3017
7747
8379
9479
3790
2494
6457
7243
7508
1027
2374
3341
5509
2511
5122
1045
4751
2910
1143
1638
1870
8247
1096
1059
124
8355
1505
5626
1764
2203
7837
1771
1085
3740
8033
6447
3773
9678
4588
8463
795
5709
5487
3761
448
9006
8233
8841
946
6081
6104
3960
1848
7278
5093
753
508
3587
4190
7255
4490
6796
9573
6170
523
2717
6336
6663
2400
2023
8336
1585
2062
2828
9510
5949
9823
2059
375
3360
6811
8972
3874
7209
6272
6078
555
6581
4418
5145
237
5858
2686
6196
12
9321
4478
2250
1965
9485
4064
5447
1083
4496
3056
846
5949
5283
8803
4012
6133
5187
4468
3290
6841
9683
9217
1456
5871
1902
8268
6777
7214
6616
9185
8605
2067
5284
9426
4849
6995
3034
2857
3693
1558
1631
8723
7169
4801
6993
3820
6790
8637
6503
1825
3279
7385
4299
5238
2075
9058
8059
1836
877
7976
5745
6544
1939
8493
9898
501
2041
5715
3453
6928
749
2308
7287
2576
8651
3558
3941
8918
4879
5669
1226
1697
1441
9976
9075
4343
4301
341
4126
4995
6077
2601
6615
5352
7465
2575
5626
6021
307
228
2014
3201
5650
4641
610
6259
894
7142
5132
1036
8670
1076
7986
8413
9636
720
9066
8910
4358
4015
7715
498
6367
2926
3887
5024
3657
1340
6737
9695
5524
9463
2681
2114
7666
241
255
4583
5830
8004
8208
2999
1065
1951
261
1292
3137
3242
8960
107
3099
4757
3881
9379
5658
8134
183
6211
9617
7162
4201
8873
6309
3965
561
3926
6735
5891
9755
425
6989
7971
6215
4448
5568
7514
7936
570
3123
6158
4614
2998
8041
2269
7916
5243
8343
3158
6828
7030
2912
1095
3434
9629
1582
5744
5443
3289
3464
8550
6577
4389
3295
4205
3909
9645
9089
307
9913
843
630
4822
1630
5592
2220
1124
9323
528
2696
6596
4332
2671
401
3332
4762
2287
6268
6466
81
3271
8221
1332
1961
1406
8073
7304
5415
379
7274
5302
3761
5020
5563
9033
3588
4426
4849
4487
3926
3196
9847
443
920
2296
8930
2275
6684
1464
4289
8872
7157
942
9733
6069
6701
2709
5388
3070
3626
118
6708
6713
9240
6511
6188
6693
9872
8607
9856
4250
1752
2216
3153
1507
772
7918
4117
9355
8138
768
8088
9907
4550
7178
7055
9948
7324
9668
9879
9145
1373
8466
2832
7386
292
202
3305
9722
9765
6175
7603
1263
5005
746
809
8115
727
6725
8439
1004
1722
1728
310
3444
7666
6949
3955
4969
651
7062
6798
5674
2221
292
2493
8560
4359
2328
6547
9681
3298
5630
4093
6959
3878
3799
5571
1009
1441
2757
6628
9342
858
1762
2678
649
286
5940
7415
3276
998
3278
2826
5800
2536
3854
3423
6779
4957
7384
4906
125
7235
9567
2924
9301
4978
2229
8696
3982
5149
1989
2817
4259
3845
5745
2549
5958
8131
8820
8345
3105
6982
3917
5409
3367
9212
5146
1
708
3063
2915
6959
9637
1717
6292
4091
7877
4072
4812
5914
7561
4267
1520
8446
3771
8396
7645
9418
4903
7245
3983
3489
2852
1062
116
5804
684
7670
4425
3828
8225
8601
4153
3991
4833
7059
3838
4038
7452
693
8290
9964
5216
5966
4048
1819
9042
4794
8233
2023
658
5799
9006
2392
1834
2322
7733
4897
5444
2085
4322
189
4205
9404
193
8624
9684
1250
9699
7822
2158
7381
3423
9878
9925
9882
7719
3766
3480
9686
9253
3643
7216
9647
8381
3913
232
6531
1539
807
7473
1352
711
6898
6484
5116
6105
3044
8898
4607
9716
7722
6319
5466
8709
1546
1218
3284
3405
9106
2038
4269
5707
8009
183
2802
1470
9365
197
5495
9877
4996
6067
3574
2094
9555
5826
9716
891
6178
4482
8843
8987
3288
931
4620
8703
8968
3717
9494
7062
1343
9080
1076
529
4831
9527
6
387
9178
5783
1022
4966
9378
1661
2386
2674
900
267
8352
8309
2027
2286
8250
5810
606
1149
7997
3624
9912
6794
5863
1335
4661
8399
8492
5690
325
2580
6477
4230
1895
1344
2012
9702
1257
947
6047
9064
5709
8334
841
3255
9550
7480
3310
6746
251
420
450
8772
579
7773
511
2050
7998
6271
2242
8298
3505
2045
3982
4259
6936
7239
2908
3058
2498
739
6954
727
4351
8075
6692
8349
9873
6934
7852
3326
6827
1876
8518
5416
2946
8905
