82
2019
7237
1659
1187
1997
2885
9970
1494
7740
6060
4572
8845
9651
6515
5907
253
1788
2932
1136
3431
9445
6418
1792
5515
8117
1234
9824
2557
2891
4341
9742
6027
7553
9231
7019
206
173
8921
3567
7032
3463
2893
7947
2213
86
3166
6591
1246
4470
4954
3407
8348
3256
4533
172
4289
4073
2439
7837
3405
3526
2843
4020
6925
9963
178
5774
8408
1396
355
7231
537
8408
3151
8652
9886
5776
8372
2771
3364
8717
3302
9932
3193
5054
3487
1346
3623
3519
8707
7594
5333
1858
9502
1324
1267
8363
6450
9843
6970
3733
8874
7064
6615
8379
5303
4554
520
3023
1761
2870
7090
6726
2346
8563
9624
6445
3487
6167
5288
6179
9730
743
4336
4665
2457
152
2935
4693
7235
9661
814
1895
8771
2442
3480
8586
525
7710
5365
1118
3656
2323
7076
4609
185
4591
5158
1286
7150
7955
5571
9254
9622
1508
3800
4226
7624
7580
6259
7671
6229
3083
2665
1266
6419
6481
8677
3843
592
4817
8666
1798
3490
8612
8068
619
6206
2776
843
7326
9832
1924
3476
1470
1370
16
5276
6581
3787
5769
9500
8128
1494
6966
6437
8000
5199
5297
7204
11
5700
3830
225
2694
8411
6917
3598
1708
8273
7133
2136
4630
8068
772
4789
9128
2304
628
5085
3447
4151
2312
4489
2485
8953
2674
3628
4509
7947
2063
2803
9159
6039
3906
2648
3871
2743
7876
9662
7377
604
4401
3137
8496
9657
5963
1921
8229
7825
4855
4756
3233
4660
6351
9417
9309
2815
2253
432
8562
8796
7187
4916
2230
2290
9554
4205
5223
127
3469
9528
9561
5635
4145
6025
7043
4878
8208
8855
8031
8035
6630
3037
5120
3497
7398
3558
1170
8027
1820
4682
6358
2783
6551
7595
3906
894
4633
4355
2930
5990
8489
2186
7650
7859
8301
6764
9736
9373
3699
5068
1381
6386
8722
4998
6648
2568
5944
2162
1984
1941
5115
1621
7948
9286
1059
2145
1855
8185
8357
2957
5426
8960
7576
1344
5283
4582
631
4591
8057
9186
375
3983
8920
6010
3897
2726
2615
2992
3065
3368
2776
2541
2519
3984
7303
247
9550
2247
295
1403
9488
3625
8339
3436
9169
369
4130
3766
1987
9281
3176
9928
1642
7400
9744
3303
9094
3360
3487
7535
6273
4073
1510
8228
9768
8319
9765
1780
1201
9939
8479
5618
4584
5664
27
439
191
7930
7706
7258
1629
6540
9024
9418
2329
5899
6745
8939
1731
5988
2824
7228
2068
8687
2353
3381
6297
5028
2030
799
4210
9287
2196
6473
6631
4450
4095
135
3198
9711
2502
7195
2026
68
5969
1789
4788
4773
7839
7900
1497
4014
6765
1404
1117
2391
3837
8461
8140
3202
8561
6302
7592
2072
7370
2361
8574
4224
9044
2999
873
4093
7426
3
236
6716
4812
5859
4128
9281
8138
9159
6994
3175
8256
9809
2523
9552
3977
4576
4281
703
9701
3433
5695
5850
6475
2127
2249
8793
3520
8813
6702
5036
8576
8110
1798
1953
298
95
5832
297
6572
2982
442
6725
5855
5116
424
9738
4349
1838
564
1736
6927
5116
677
2833
5664
5833
1914
1558
7054
2500
4463
3164
2301
4720
9636
9904
5478
6457
7430
3266
1301
5191
2319
4900
7495
7647
896
9547
6921
629
6292
3258
6789
9691
7378
8402
4482
468
8948
2451
8413
7992
2142
1651
8299
727
4715
2840
8173
4347
5032
8097
1284
7069
4703
3410
8887
1224
924
3864
3063
3281
2324
8421
588
7334
2464
9700
6751
8446
4153
5902
4017
4563
5765
5088
9354
4514
6639
5802
8592
5267
2099
7555
6235
4784
6816
1193
5114
2680
7415
7678
1973
6708
3227
6783
8311
7322
3262
2661
5848
7026
480
3099
7287
1784
9670
177
2978
7632
6379
224
5184
6219
2325
4883
3248
6787
9316
767
2512
5490
7710
1309
2433
5792
4657
9083
5831
234
3569
6682
4489
9645
4741
3826
2155
5971
1381
5382
3351
9662
2379
9874
703
3008
2969
5464
8030
4791
5570
842
7606
372
4825
246
6151
9984
2984
4731
1588
5578
8741
8417
7413
9837
4925
9093
2290
1205
5190
4398
530
383
4276
6513
1445
8800
2971
4826
2813
9219
2956
3114
5859
3074
9921
1327
4747
4451
1986
947
4941
9374
2831
9728
6170
7065
6939
6937
9652
8592
5824
2843
6093
9717
3309
3898
5337
7787
6349
7812
2776
502
566
5676
883
4847
8948
2115
3791
2568
2197
3357
333
9394
9423
302
605
2344
3062
5382
5048
2007
2983
9694
4368
4785
3762
445
1473
3783
3164
4769
2406
1021
595
7481
2653
4105
7290
2809
63
7659
4549
7512
8759
5139
1107
1967
208
3043
6926
2167
2108
4536
2462
2265
8189
5512
3146
5856
3450
9632
6534
1611
124
3475
4517
6558
9043
6262
1031
283
6058
3666
7583
108
8490
4105
6961
1748
384
7099
5937
5051
2962
167
5377
1145
4071
5711
1183
3322
3147
2537
1323
1185
9235
900
3058
9862
7774
2225
4936
9557
9815
7528
6603
6553
2343
7166
7530
9776
7457
5784
7865
2411
2563
8555
7417
5833
1116
5047
1579
1199
8923
7717
2101
1283
5865
5679
980
8520
8262
5497
6410
4913
4373
7082
4698
8666
3148
1749
5789
575
8296
1404
5932
9068
2937
1786
874
5525
8008
2126
538
5139
5811
9064
7281
4525
6276
7024
2359
8639
1554
8545
7210
329
429
3285
360
3302
4211
9416
1531
9507
5575
5796
4516
9712
5148
7710
8613
6713
964
3971
4394
1217
6622
2019
522
2532
5393
3693
7719
6228
8466
4841
409
7924
6101
6551
3523
2049
9500
1667
4415
9014
8679
9996
9619
7175
6209
7306
291
529
5305
1622
2215
19
8614
3834
2725
4535
4577
9763
9748
7787
5463
6163
1703
7431
1308
4967
6395
3762
5489
9666
8049
2355
3547
5571
690
7385
8307
4276
6797
190
4930
3013
6923
1116
483
3822
6683
7949
8440
914
9321
4537
5812
1336
8903
1660
8294
9181
6278
105
6957
9168
4236
7394
5586
5207
7297
2216
5443
1523
4051
2756
2772
7389
8437
8349
1389
3894
8929
4909
6156
8540
6179
1209
7832
545
9730
1717
9710
8455
7206
5305
689
7201
2036
4636
5341
8002
1243
181
367
8256
9997
9280
2057
2772
1265
5702
3355
9037
8945
5276
2238
1476
8628
3271
6806
6438
464
6284
4680
2779
7104
6971
3711
378
957
122
1760
5862
5664
4601
6298
7091
8376
3542
4092
5777
5895
5292
3746
6010
7560
815
7789
3918
4034
5574
2503
3972
1557
4002
5811
7297
4246
9565
5096
5617
6579
9659
6089
403
8301
4747
501
6289
8405
4302
6244
1856
6949
2372
6129
639
509
1840
1823
4657
7476
5060
3044
3188
2922
5287
4123
9437
3215
405
425
3528
3709
462
7702
5520
728
3902
7344
1674
1519
7757
8277
9475
7889
9121
5575
8940
2188
304
8020
7808
6142
670
7985
3469
8769
6208
9661
4462
8887
7850
1915
5655
3379
2303
7810
3991
1425
5673
4966
9760
3358
3109
3585
8860
4699
315
1341
5521
8383
2566
8807
3501
4405
776
1850
409
2924
8609
6408
9133
5582
5525
9259
8171
5082
143
3997
1134
8069
6946
989
6920
8557
7753
8570
7530
6705
2699
5746
5930
2719
6314
8709
1517
4985
9308
7191
5486
9785
520
5410
6407
373
7253
6182
1924
226
4836
8303
7517
9302
5515
3998
8765
4489
5850
3134
6864
6659
6943
1800
9540
5683
8060
5720
6297
7775
9376
996
9570
5840
8533
6133
1072
516
9853
1610
5696
5633
3610
1224
514
3286
5240
6585
7768
7403
96
1460
1267
1986
935
7740
9764
483
8188
8497
3446
8704
1441
1421
4267
4294
5766
7152
6309
1375
2447
6783
1832
5318
7964
9313
3077
4608
1570
2496
3917
5298
4979
4349
9031
8219
9804
4396
74
6200
5173
1015
3327
7186
9389
7017
5981
4234
3517
3826
4151
2132
1511
3974
1176
832
8114
898
688
9668
5713
4363
2365
716
864
1002
717
1778
4627
3457
6199
7027
7077
2621
1305
6572
4932
7571
9484
5411
6449
9877
2631
6305
839
7083
7197
6369
4090
8076
3984
6599
9105
5992
7059
3049
9862
2940
179
4054
9244
3397
735
4431
3631
8103
21
3365
5835
5118
4381
3910
5469
3196
2321
5844
4153
7391
3089
3966
1517
3286
7339
3354
6592
1619
1046
4838
9581
9169
8455
6905
1676
9988
7502
728
3523
1629
2389
3724
9191
2343
1482
984
5919
1089
3428
3813
2552
4379
7465
3831
5298
96
3931
8929
952
1353
4117
651
445
943
3996
9426
3128
1252
3470
9289
5676
6421
8920
4998
4995
1515
9639
9286
5037
30
2769
9033
476
4364
3990
1647
5404
1967
5532
3149
5490
1919
379
7575
711
8684
9574
2294
1976
7442
1049
9638
8100
1963
8741
2423
8800
3086
4827
9715
5037
5977
5624
7175
3039
5640
5694
1107
1360
591
3961
6274
5046
3237
7040
8466
1247
9672
996
2410
262
6883
6507
3279
687
3575
5340
6084
4721
2583
450
2691
8935
5790
9455
23
8240
3953
2478
3032
7256
6299
7304
9996
6827
9803
777
9442
1627
1057
2584
1980
9560
4499
2092
9659
9401
4851
7743
8109
6887
2385
7016
5819
8780
4091
4418
5913
4548
1083
2334
2088
4575
9365
766
6427
9123
9102
6866
2444
3185
4018
8723
2781
3682
4320
7599
5148
8650
3946
7001
6115
1575
3139
4441
4001
9783
8429
5913
8466
9636
8249
8959
3017
5427
7881
5013
6827
4087
5185
7102
3812
4590
8750
3850
7624
7443
4982
5752
7408
9598
2023
6853
9177
4290
4144
9280
1891
3557
1449
6919
5430
1334
2474
5753
8915
7071
5810
5650
4934
3754
2392
561
2599
7177
788
2552
4915
5855
2224
7524
3569
2125
7353
7391
2109
4104
8199
2066
3795
2396
1916
6870
3600
556
3733
153
801
2362
1715
4570
1668
1079
4258
1403
6727
4202
2348
6509
2189
164
6600
2009
9599
8133
5627
3905
7534
6853
9083
3406
9642
8772
8890
1681
66
5599
3477
6954
1536
1271
5243
5853
7050
100
437
1656
6694
4697
420
5245
1201
2158
435
4249
4512
2214
1939
123
8648
3327
1728
3159
9570
3979
6554
6685
9394
