1197
5734
197
620
1373
4077
5144
301
5133
8588
4655
2081
7878
3996
3672
672
3845
9398
1012
7399
85
36
1831
9697
8360
4557
8201
1149
9472
8490
1950
4538
9757
8493
4493
1607
6972
2602
1383
6544
2294
6813
4435
6374
6484
6489
5194
4801
7338
5552
2099
2682
2120
5165
916
5897
2358
4558
6766
5947
2203
70
7499
8025
9359
2882
8330
7834
740
9579
4948
6632
5807
7139
8032
4268
5170
6166
4306
1244
7036
4354
6280
3970
3181
6086
9474
3355
7964
9983
8035
3810
3398
652
666
3505
3934
7713
1205
8905
5725
1991
5501
2638
7050
486
7539
5629
9944
569
2496
4056
7750
9099
3504
618
5853
4826
7488
6373
8862
3817
7055
9195
8582
4629
8971
152
2681
2996
4981
3656
696
1903
1220
5013
7370
5410
6370
2506
9364
3349
9062
1242
8865
4821
9315
6444
642
7902
5649
5486
9782
2500
6978
7030
999
4654
5142
6777
4833
9922
8523
1967
5033
306
3002
7060
7232
3176
8136
6411
9907
2025
7767
614
43
5723
4726
5217
4338
1558
6501
5167
1913
5714
2670
5838
1373
2996
5285
7360
2180
4779
4641
1057
9806
4319
5415
666
5069
1705
5690
5748
9965
5106
5792
6269
248
4359
8631
2816
1907
7892
9750
426
1013
2185
5164
692
5269
9830
2187
4323
295
2654
7696
333
829
885
3688
5896
9768
6076
9285
7679
9172
7721
9120
5200
534
9048
3466
7094
8171
813
5929
5531
3707
126
8402
27
5974
3990
9429
4849
7704
1265
256
9047
4605
7316
9958
8443
2989
46
8529
5549
2656
1716
4939
9396
6978
7697
9571
1329
9407
4617
9582
6807
5759
2862
5718
109
8876
8061
2769
1168
9176
5833
3182
5858
4823
7704
3944
4882
1856
6069
5607
1283
9272
6699
1806
6217
1782
7269
8180
2928
3537
1017
4910
7645
8563
4445
6406
2230
9497
1719
8730
4034
5042
9927
7509
6897
5311
9821
9692
357
743
1170
5603
8505
8954
985
4591
1054
61
6194
1207
4820
3418
5144
28
6896
6234
2834
8064
7788
97
8245
918
7250
3661
5017
4349
63
1893
3615
4947
8471
5693
7986
4120
9501
3706
35
1030
9031
1701
9175
9556
1684
4260
8974
1912
5995
8814
5333
9871
7562
3968
1451
1703
9757
8569
5255
3426
7072
5722
9963
7824
1066
9254
7608
5006
7682
1322
8593
5374
8010
6378
1913
7003
3186
321
2242
7132
8154
1205
5368
9238
4676
2241
2570
9754
7357
7761
3398
6877
6851
6219
8349
6149
6133
8736
7160
1045
9983
5108
9516
2862
5953
7681
2099
4561
3780
2733
3440
4614
9396
4951
858
3422
8048
5915
4317
8994
1423
7166
9494
6525
7498
9170
8371
6750
159
4183
3992
8010
1426
7624
619
466
4418
805
3342
470
1333
8943
8180
3981
6491
4919
6557
3603
7906
6489
5454
213
3718
3960
7436
8703
3505
1393
4443
5837
2750
5552
1557
8356
7641
8059
7392
2952
6284
3900
4564
8997
2230
9761
1927
6476
5070
2259
7376
5591
2951
1755
3829
3863
4853
2148
4513
4408
7467
4129
2883
7128
9216
5308
1995
5197
7190
1748
1703
7542
2152
5033
6415
2878
4355
4485
8782
8235
4918
5577
8653
422
8914
9911
649
564
7648
7844
8463
7470
838
6849
7894
915
7931
8999
7797
3483
3915
8595
9284
5543
1577
179
382
6062
3162
6841
4161
2007
7790
6403
1573
891
1829
7027
1199
6635
19
7908
9919
1667
358
3171
3520
345
5735
7785
2679
2172
783
1123
5342
3536
943
6857
6122
7366
3335
6330
4752
2792
9425
6194
779
3751
9192
7674
9032
1510
2920
8644
7939
923
8164
9601
3994
3632
5140
9487
4953
8946
1338
3136
5442
1636
1423
5573
2940
3005
8575
3261
3962
6840
7689
6062
4110
7517
2691
8217
1493
438
7410
2799
4031
2027
5520
9866
7908
7623
2373
4850
9364
4788
7258
8497
1038
9329
9605
6577
5057
6377
3063
3286
5860
5196
4371
8799
3101
6632
268
9121
5479
2563
5057
5236
6817
6480
5712
3686
4333
4969
3195
3654
7667
4086
9056
2758
2198
4509
1276
9827
4848
6558
6015
4719
8707
7202
3966
7382
2580
6001
7323
4139
3305
6002
2123
1124
8057
7158
7652
3071
1856
4520
5955
7096
6138
5931
6949
4552
8755
9686
4366
409
6527
4040
1145
4142
2512
9048
3792
8439
3372
9097
707
3014
6978
2294
1341
8151
3395
5484
9915
7932
4552
3483
9703
8561
4288
3947
6942
8002
6801
1978
7944
4027
3324
8605
175
2346
150
4407
9183
5098
3122
1235
8583
1869
7296
2437
4588
4133
8860
6099
8416
2528
5306
5800
5761
5904
7328
48
4120
9895
988
9892
9192
6043
1456
7674
7337
4141
7466
7557
9226
2591
2246
7888
3488
7998
9885
1888
4725
246
8583
3712
1785
1996
3188
6131
9255
1565
6480
5474
2
6458
8527
3357
3613
5809
735
6361
6630
12
2522
4884
1309
4406
5026
8226
1610
2676
1946
9949
4722
1855
4289
9922
7410
6444
8421
6064
7389
1522
8649
4076
5277
2901
5995
7892
5582
3374
875
7121
5150
1743
8372
6696
9340
3897
7583
8759
2523
2366
5494
2827
3773
6855
2408
8405
225
4072
1679
7577
7445
7798
4057
7306
679
3004
9684
4616
6392
3475
6767
2573
412
6952
2305
2627
8547
4942
6778
2659
7802
2302
3233
3770
4275
626
9981
7480
7660
6056
1381
5645
8832
3574
3315
2472
4814
8991
817
9407
9515
5754
8073
9912
742
8896
8794
4072
3816
4712
6156
1841
4051
1272
491
8507
439
4981
6360
4862
5382
9352
3374
434
7496
6480
3547
7315
8883
6303
3238
4758
9841
4571
8246
5534
8711
5110
7411
825
7227
2202
2131
7277
7787
3755
2754
7883
8393
3351
405
9576
7739
4899
1596
2676
7093
1641
4315
3717
7457
644
2436
5488
8255
5741
1106
5812
7704
3182
4730
2405
2538
3771
4330
2012
7743
563
722
24
5799
7033
7136
2716
6109
2111
3423
5083
9510
6918
465
1757
7383
7158
6050
8834
553
4873
6866
6429
9041
8214
5469
9550
1362
9184
4250
6276
4367
5982
1312
493
8613
1441
8316
6449
7262
688
2466
9766
8674
605
8020
3183
724
3368
4975
1445
4929
4932
3525
5704
757
1970
7461
8267
3054
6652
6291
6623
663
8947
9943
8292
6004
3273
9682
474
6862
9121
2056
441
2299
5495
9320
2898
2130
3754
7569
2357
3066
1201
4874
7744
1922
2255
85
6861
2841
6413
6277
3774
2257
4885
7429
7701
4769
2671
6667
5338
4106
6972
2295
9285
7511
9939
2778
7851
7247
4379
4410
1373
7521
2716
5268
3187
8791
4702
9078
8746
4928
1682
6471
7894
4225
5190
401
3013
5305
3513
294
8006
3603
1981
8748
5785
1003
8215
1944
4635
7794
4701
3133
2626
6522
5510
1107
6736
519
2400
9833
8075
8674
6766
5815
7723
3693
2376
2203
1078
8563
1516
3472
6836
5067
7409
2949
7499
5140
7260
8567
8701
5772
8133
8973
968
3959
2896
5831
7159
257
3985
6431
3654
2387
1194
1518
2245
3622
489
2610
7280
6485
6431
4013
3271
3303
5441
2960
7792
5879
5310
2082
6102
4888
1178
1777
2928
8981
5408
531
4347
1878
3950
6189
5404
5495
737
4202
3695
7021
4339
1404
7078
7255
7523
2777
5138
6905
5508
5972
4528
522
518
3376
8743
4241
7728
9699
6762
7591
2778
9873
5680
4733
6419
3809
1766
5641
3170
6800
9890
9817
2351
7681
689
9306
2616
6709
9477
6751
8391
9990
1824
16
3964
1987
1813
3686
4851
649
3089
4297
4967
8066
8894
6139
5590
8725
9268
1999
7061
1630
6265
8303
156
4100
2846
2799
2820
1741
162
8730
2846
8473
6871
1504
4897
9739
5846
8986
745
8485
6660
2251
2673
5381
2138
4665
1398
4684
3048
9719
2755
2118
1209
8723
5808
793
7409
6617
5154
5979
8055
3865
1397
8324
9780
2926
6201
3088
3676
7992
393
8032
1459
3385
6021
9352
8420
1091
2626
5250
6747
8996
1005
9653
7233
2333
3147
8932
8104
6229
8236
9045
5996
1753
3675
4430
9785
945
9491
924
4899
9195
2135
8927
5268
2688
7431
1752
840
676
544
4164
9704
5005
7783
6466
5705
1380
157
2721
5991
8167
1863
449
3507
1205
9781
4737
7457
4714
7918
5545
5477
1178
8104
5288
2130
5420
4363
1746
7907
4616
6294
1548
3300
6269
9529
7436
1445
3228
6849
7874
6377
2261
3501
3079
1431
8258
8401
3364
8017
6290
895
6066
5938
2895
6498
3139
7844
3840
7443
9967
6442
3555
4847
549
892
4560
7309
3090
1939
3053
7212
5781
588
532
8110
3676
8302
6224
7055
3329
5087
8093
8915
6572
9428
4991
3769
2944
7313
3201
2606
2867
4617
4479
388
4427
949
6724
9886
9308
9710
5678
5370
6876
4408
4376
5680
6825
3961
4730
2072
2864
4595
5185
8696
7407
542
1031
5079
4153
19
2598
1365
6534
7004
8488
8182
632
9585
5875
2616
3359
296
3258
3352
8378
5069
224
4369
3519
9044
4039
5824
822
9496
4157
4518
3853
5741
827
3192
156
6261
6008
1573
9071
1305
5945
6671
2016
4926
2359
3012
3906
7370
406
8185
5091
8626
3290
7309
2025
7177
3162
2707
5855
3086
4251
4103
9215
4331
3226
5242
6807
5091
1683
1605
2172
7461
6575
1719
7780
6390
548
2623
7928
8929
6980
9599
7392
1889
1629
312
6761
9983
5459
3727
3012
3220
1390
679
5917
2448
1675
9163
2313
6146
1912
272
1854
5510
2681
6515
720
2877
8343
6488
1689
2406
3296
4633
2651
7130
3812
4114
4255
2601
1357
5196
3496
2069
3956
5016
8109
8482
6852
4292
278
4344
3708
7748
3688
2132
9032
1270
7604
9785
8711
6466
7909
1577
1587
9375
3904
3743
5192
9251
541
3407
2394
6166
9829
357
610
8124
3461
3153
2766
8007
3159
2804
108
4381
8722
9649
381
5832
6079
6760
2718
442
7424
8442
8999
9258
8541
4665
924
6955
3787
5343
6673
4657
2792
7645
6795
4920
8837
5813
2941
8484
6770
3501
4016
5057
3967
9932
8188
2193
7714
368
4678
3041
7720
8781
7096
2946
2042
590
9914
8280
6951
7087
4919
8224
1014
9340
6800
8974
81
8965
2024
9041
3028
3861
8552
2514
3315
4051
1168
4145
5741
8832
7262
8264
1715
6518
8173
7646
2217
4911
4871
1598
4148
8471
6529
5339
6345
7541
4118
733
8473
3122
7716
1264
7210
9509
8200
6320
374
9206
3032
761
204
8260
2771
9334
1543
6713
3671
6848
2196
1171
4182
2695
6898
2441
455
5132
2549
6328
2843
1924
4446
6415
9077
7852
3112
5115
232
8194
1984
1523
8003
6587
8512
4136
5242
718
646
8477
1887
1146
6940
4925
1908
750
7684
9479
9416
4990
6833
9192
5961
7900
5465
421
780
7361
8040
3305
1895
4103
4006
6515
5806
5424
5438
2830
6982
8163
5315
2211
5171
2349
3483
73
6263
703
2231
4947
772
9018
4968
1385
729
1897
2834
3232
4986
9587
7207
2203
5035
9819
7490
3694
264
600
6419
4777
1893
5627
5978
9117
2047
4371
8383
2221
9673
282
6244
2190
2259
8426
1980
8850
908
9358
5983
8241
4460
9233
3981
5468
5742
5505
5583
4547
2122
5868
4159
7873
4829
3691
4164
7629
6074
3267
7555
9771
8530
8121
4599
4334
5486
9180
7934
2468
5897
8495
9772
2389
5702
6126
8606
8903
2264
6504
6292
536
9236
2940
5148
9326
2483
1683
6342
707
9154
5387
5497
1722
7569
2444
83
4758
6810
1999
4818
998
7772
3622
9083
9378
8798
9710
7762
4327
820
4736
1000
9874
3451
9913
4494
2102
3093
8724
5484
150
4339
3312
946
9448
3697
7228
2426
4603
2750
286
6603
9955
2749
7070
5967
2937
9250
6013
264
8587
8376
1704
3715
7643
258
9595
5473
8235
557
8504
6217
9812
9611
2749
5911
3238
3604
5720
7230
8879
3701
1317
2266
3150
9473
9646
833
7563
9359
2382
6487
2695
7431
7052
1446
7036
1781
2950
2484
6041
161
7492
6291
2741
2419
4605
688
7400
7539
1375
3100
8286
5889
2414
5488
3090
2887
2531
8527
2632
8982
1207
6220
4191
8130
2782
5237
5014
6798
3975
652
8803
1354
4285
3527
3092
4060
5063
6571
1077
4757
5993
8282
9147
6922
1289
1016
9267
4923
3630
1908
6838
3614
841
3924
4200
6303
1008
9927
7934
3151
1472
2320
7209
838
1120
8598
960
1052
1686
9817
5500
6722
496
6076
8170
1468
445
1643
6746
7266
6661
660
7209
2236
8401
8234
3982
201
1125
8183
4016
5053
9970
9282
1278
2148
9983
9507
8540
4544
5589
4756
2659
5004
5407
5765
6173
1496
620
9813
2563
8507
4507
5989
8670
2991
3508
7503
665
5628
8718
6021
8630
2137
8862
3572
4716
968
7712
2629
2894
6157
7721
5625
1160
2964
6453
717
9242
2663
5791
5631
4577
6147
4497
1593
2379
9738
9717
1155
198
3709
8755
1754
48
4466
469
761
7947
8979
8905
5869
7620
9324
7219
3799
7554
9947
8230
978
352
9580
9132
5596
6349
2370
4374
3684
9867
850
4051
9725
6315
584
1497
3203
1977
4681
4497
6236
3090
4913
8241
552
878
3362
9244
1293
427
2299
9464
4483
8421
892
2318
2079
9365
476
282
3741
7600
6529
9611
2893
8532
1733
1042
6273
5224
733
960
7604
4536
6936
988
791
9680
8608
4969
8817
7289
4178
2137
8789
7067
3696
4442
9501
1407
8304
9150
5056
2369
397
7796
4232
210
7604
4453
7569
6483
8072
5117
6465
4754
8909
431
5543
9115
9523
3129
3328
1933
165
932
7755
7433
1374
6710
1853
902
4900
2606
7909
6624
9085
1357
5611
7901
2488
3776
4079
9005
101
6283
6511
5307
7695
3455
1971
2388
8285
1573
1633
9900
7193
3829
6613
7090
7382
4909
2660
7821
9219
4130
294
617
3870
2724
2211
3947
8143
780
8213
1058
8276
5935
9379
337
6483
8924
2248
6320
2357
1729
9825
273
8251
4350
9596
8251
4512
1360
8631
4800
592
4453
7569
1798
6008
9898
8066
4608
3610
4472
209
2355
8991
1812
7931
4024
6041
3597
2547
5871
4850
4451
3723
2173
1605
5651
496
9744
6996
1189
485
1603
357
8464
8840
3207
9697
4272
1988
5965
7594
9789
485
8372
7036
550
5367
2518
1805
6217
1751
1425
2045
9725
124
566
3027
598
7267
1408
8775
3857
7783
2779
5273
7943
2431
1317
4705
5008
9475
6366
5060
4785
2420
743
6843
2974
1298
9680
6184
8814
2708
6118
2587
5764
9941
2939
6220
6250
53
3716
3508
5906
7757
5055
8916
7093
7108
9928
5635
6766
1650
699
2022
5423
4368
4270
2072
2205
7929
9288
5191
5981
8008
2840
5825
8647
3234
8069
5812
9324
9679
6658
1694
8457
3493
5278
2632
8223
7141
1202
2003
3701
5871
1056
3073
8611
3290
9145
986
3174
1829
9853
4457
6078
2027
8291
9965
7405
878
7619
622
3263
4377
6907
4857
8165
7717
9596
3507
5385
4477
9055
7370
154
6934
7215
4348
835
1361
9138
2908
5354
4734
9060
2194
7606
5324
8613
6751
502
889
5095
6073
4245
9689
3586
1955
9911
9309
1402
3289
7182
6513
5488
6263
1683
4786
7899
576
4271
5114
4202
1575
9475
2296
9830
6853
5492
4141
4905
1533
9267
5233
5273
1457
2335
7383
2061
6367
2446
2340
1617
4476
9782
3394
3405
672
9428
900
3805
7289
7563
6163
72
6566
5958
9030
1731
6496
328
2620
8007
7700
5778
8191
1155
7639
826
2360
8432
4404
5087
8725
4604
7719
4361
809
5371
2605
4807
2432
733
1814
9997
3251
3265
2271
5071
3024
7437
6578
8125
1144
959
8024
8492
1915
8740
9770
6579
5267
2607
889
4436
4753
1818
9534
1147
6748
7927
9039
399
2919
5890
160
3986
7516
7626
5535
243
7953
6067
9106
3991
6626
2739
7060
9402
672
3815
9954
9739
98
499
7744
8008
8199
3392
355
4590
2284
109
112
7688
2435
7028
7315
8029
2529
9699
3301
6623
1092
4377
6346
8691
6253
4460
1099
7496
9659
9569
4453
5696
8425
310
6333
7095
6751
5500
8779
101
8306
5169
4022
9114
2005
3619
7877
1933
7620
5033
7646
1128
9680
6141
3389
3199
9867
6024
6106
6492
8544
7010
7556
5365
1767
1050
886
9398
5150
5052
6017
5309
7162
3167
3284
4545
240
2603
1851
9921
3772
9023
280
2717
9280
9089
2717
9627
9526
7704
2129
5885
1051
6061
8275
1328
1292
1305
2651
8647
5101
3952
6964
3883
6950
7166
1194
6395
4634
9598
263
788
2982
3795
2106
2877
2653
3048
6477
3682
9171
1439
4863
6977
9423
2310
9243
7641
3979
8227
8125
4228
3234
2608
2356
8039
4830
925
9594
8513
4091
2147
2250
4776
5391
6156
3690
506
1652
4656
944
7209
2450
2141
7292
4004
9257
125
3246
9002
9941
9636
2880
5550
9978
1042
2197
7378
4202
2827
4737
3487
9672
66
4349
95
1904
4564
5788
8523
618
4508
6378
7795
9756
5077
6640
6759
4751
9200
3480
6845
4308
981
242
2762
1312
9071
3998
1867
8747
6910
162
6339
6849
4830
1316
2219
4515
2781
2331
5796
6901
7983
9781
8724
7928
1224
7430
1609
8617
3701
1860
9361
1801
9620
3751
8176
1684
2721
8103
319
9331
4434
1554
4658
4233
1325
9895
6706
7733
8709
1632
6605
6061
8084
9288
748
5946
7644
5002
1092
3910
5250
6472
7584
9153
8874
3683
2991
8198
4026
4986
8374
4032
6745
6889
2366
9179
8556
8135
7809
3995
3424
4887
6762
1768
9523
6965
8295
7702
6335
1283
3617
1072
1297
6480
8810
3054
7032
1979
7542
666
7974
3027
9311
7803
2557
7132
1880
9569
5871
4567
2796
7973
754
3345
5966
7211
4315
4698
12
2372
8269
2241
4033
4542
1514
9550
7215
4525
8142
3263
6993
6068
9773
1024
8060
7404
9074
5791
5912
9908
8117
736
882
6378
2483
1802
657
7931
5883
1329
6074
9243
7055
195
551
1360
5153
5790
9002
2189
9079
3605
5684
5053
8010
6749
4400
6508
7433
3907
8500
1575
8371
8585
1952
3405
442
1118
7186
40
3668
4497
8216
5378
9767
6778
3370
3456
4140
5605
4976
3952
7056
6042
356
4383
3578
2952
7284
4647
7379
4130
1221
4111
8506
9409
6848
272
2035
7269
7014
1478
2631
4914
557
4353
6619
5335
2947
8541
3929
3208
4666
9714
9531
5032
8959
2004
2421
6562
8894
8113
2182
3753
8894
4496
756
4352
7708
719
5564
4647
7178
5990
5663
6101
701
2533
7500
2725
9901
7667
5525
1325
7191
415
5526
199
8191
5065
9145
6996
978
6502
3873
5826
6548
5865
2411
7042
6785
9190
1680
4643
2104
3529
5038
2048
5955
3463
3933
1484
2106
1238
7461
3504
3166
473
3779
8169
4565
696
5617
2748
7447
1051
398
651
9386
5652
3577
9417
9247
5620
5261
4104
6729
9663
2177
4640
7740
6788
5814
9996
2201
6487
5078
8691
522
2746
8386
4288
3117
6595
5421
7627
3463
399
4562
8146
588
5799
8222
612
93
7699
4650
8533
6265
510
7918
998
6525
985
2245
7559
9207
6888
9852
750
9763
864
3570
3461
4509
6050
7422
9606
4650
2916
7835
5860
6308
2800
4118
5307
2431
8449
7210
4936
2950
1376
2809
5389
2015
242
5884
7857
4055
1037
5056
4691
5131
4246
5644
6423
1759
3502
1607
604
4973
3022
8902
3326
1015
3343
1859
9839
4264
6
1459
8672
1237
7409
3106
4392
2144
5183
5346
5839
9033
2183
5927
9187
6422
4379
9423
8862
5876
5705
5352
4952
3290
7815
224
6325
9481
405
9006
1005
6741
2448
7486
8285
3653
680
5792
8986
2515
6799
3406
4107
6989
5901
5922
8888
7484
2453
5066
4243
2768
791
3353
7042
2048
2526
5525
2809
9545
3615
4559
877
8154
2397
7796
8284
5328
8568
4909
3554
8325
6390
4
3655
5153
8385
4481
9730
6368
645
1072
6403
5330
9623
2808
1717
1327
754
4906
7386
8630
1785
4198
7914
9546
1368
5687
3640
405
4667
9652
9720
6290
1695
7033
2508
3395
2600
2507
2561
6900
9542
7407
7501
9131
6441
4932
8567
1784
3153
5605
1989
7949
5787
3689
7509
750
5088
346
3552
7666
9989
624
9956
4432
3391
4582
8646
4653
3977
295
2877
8697
6313
7421
3950
360
6609
4134
7241
1752
5255
6776
3496
7249
389
8435
1713
4100
6638
4646
5147
9982
2836
5243
1695
4962
5701
4288
7201
3431
9009
7155
9839
2571
5987
3518
3257
4893
3752
9179
7796
24
3750
3935
9476
3558
9642
908
6552
7224
4035
5441
9453
3297
1844
7967
5883
7349
940
5647
9136
4688
8853
2888
3670
1757
296
1244
5236
7869
9977
3726
6104
4881
2024
4967
3319
5032
5005
2916
8710
5822
5429
9738
245
9067
9674
6081
1822
5262
327
2536
3220
678
5049
4118
4840
416
181
8780
6252
8162
4560
1061
7753
9466
4787
3688
6888
6585
8563
5838
7902
1278
9870
6593
2390
4955
2000
7044
7908
5883
6578
9094
7457
7044
3813
1489
4091
8039
2590
2421
2602
7664
1555
2666
3342
1385
7612
1140
60
3118
4545
2884
5206
1477
5008
7346
7288
3595
4378
3789
5026
2985
1588
4503
7095
3826
6356
9182
1203
3091
6460
9506
2274
3195
2112
6594
4643
5296
5493
4037
6119
4749
216
5102
8449
4951
8179
5547
6795
6886
9330
6410
1620
264
5448
1114
8560
7504
9632
4305
9301
1496
2073
4415
9406
8941
1573
7080
4545
1788
3026
7265
633
2748
2372
5092
3830
5024
7914
4145
4258
579
9548
4738
4416
7343
1336
7503
7402
2403
5040
4219
7166
2382
5588
9756
2539
5968
123
7408
3362
8847
4152
2320
9432
5576
1520
7649
4159
7681
3188
7805
8096
2460
4033
7978
3072
1689
620
948
7020
5810
4174
2594
1806
3560
1116
7720
1440
7425
2672
5322
4774
8704
7293
7819
6178
4520
9801
5773
6931
9774
1847
5358
3023
9956
2451
9169
681
1530
2425
9725
6278
6198
2339
6400
6989
5599
8743
5713
7006
3130
2310
480
4274
9026
7074
4445
3709
4555
5242
3790
7408
93
2290
443
4804
5972
9316
9304
5910
4643
599
3565
3387
6409
6666
8473
3113
1357
3305
380
459
1658
7671
512
526
9187
7712
9985
4936
1882
4430
64
9074
5655
6283
9618
6500
8500
9602
3219
4275
7386
5586
1569
8675
37
3072
3416
509
5608
6872
3376
5874
9895
9771
7715
3741
6391
355
374
500
1320
3577
6650
8389
6501
7418
6025
3998
9095
8751
94
5790
8136
6926
3169
1184
7839
1746
5683
2567
4241
447
5771
6229
7510
9922
4105
5025
1662
4140
2921
7695
776
475
241
6915
728
5183
5731
4874
8020
6394
1596
8218
156
8137
2412
7021
9241
9611
8218
8777
5940
1060
2183
8393
3925
752
7999
9152
1048
116
9912
4830
9399
5335
9131
1081
7677
9676
6795
68
7499
5634
963
8528
2174
9549
2518
4355
1975
532
8484
3048
759
8338
3072
7209
8739
362
7593
1079
4667
8696
2008
3237
8697
8620
57
4786
6211
767
8705
8877
9331
3927
9277
2235
4073
1113
3397
7395
65
7383
688
9330
5883
4203
3277
7288
143
6049
9820
5778
3471
8677
1582
2653
6733
9300
8068
1392
8416
1720
8645
4546
1313
1054
4360
8572
160
6369
543
407
3654
347
4569
7012
299
8147
9813
2238
915
2674
1112
7731
8976
4442
6336
4878
6403
6794
7959
6052
1812
8181
8377
3991
9642
8704
8607
5565
3235
7453
8534
9944
8248
7167
7305
3883
6989
1735
1519
6154
3307
6697
1589
1578
5227
3576
4259
6141
6990
5704
5462
3751
2941
2496
4586
5476
3884
1205
2037
5541
5729
1196
6411
947
7319
632
8273
1771
8194
9793
1354
3028
6230
4747
8250
4221
6514
1781
8183
2743
2343
2394
3685
2840
5054
3792
4602
7300
2514
4212
9111
5115
8705
1979
3506
6324
5543
5631
127
6349
2185
8235
2291
8499
2643
4433
3427
2427
9986
3044
2333
6183
683
5798
3823
136
4081
7817
8737
6023
9385
8015
5414
5818
9246
7140
1310
3434
3528
830
5592
4386
3574
4964
4344
4150
8295
2828
5467
5676
1291
4530
1970
851
5250
5631
1175
6315
640
8999
2154
8263
9581
7253
696
2356
9457
9404
1564
8342
4957
995
8911
4643
4289
295
4111
7793
732
2181
4195
9068
5652
4880
6708
5976
7780
4399
5464
4298
9475
3118
8388
5927
3503
8946
2680
4131
4975
7967
812
133
6085
1943
4235
3140
9279
1551
3795
7407
6574
378
2438
3118
4937
2695
9667
6791
1885
6549
2915
7047
7387
1505
8525
2994
3741
3476
7625
9298
2072
6020
5046
3279
1637
5318
1394
9997
1508
6580
2360
9759
7071
7621
6549
2458
3094
9070
5591
4579
6333
6016
8344
9378
2210
6682
9669
9366
5170
34
7410
4123
3806
5841
152
3344
6122
5078
5320
4927
2925
5239
5770
7680
9220
6706
5094
9917
4792
3908
7367
2950
7217
1902
9385
1539
8289
1794
7937
1109
3076
8042
6157
6818
7289
803
153
3022
3482
855
410
3147
9957
325
3478
5684
2091
7512
4700
362
3282
3925
1097
6911
3361
3811
9816
4256
3958
5296
7862
3168
9862
956
7992
7103
5154
2700
3662
3505
3253
9407
5008
154
2207
7764
6807
7630
5073
7948
2779
2800
7153
4279
9322
3396
3711
8773
7695
2545
8292
289
5256
4486
5656
9192
5344
9787
6854
9038
8733
9408
5193
2386
599
7282
4342
4381
8162
8143
8295
7861
219
2759
7409
7725
9876
48
635
6262
9061
4600
554
8660
7254
7052
8441
7955
6064
6622
4560
316
3908
4591
8973
9952
2746
1849
7214
5329
9574
269
3958
1070
2069
5404
9266
2343
483
2142
6350
9278
2949
5718
916
8899
3186
4590
4569
6098
1163
4604
5088
7397
3318
9758
146
8448
5457
979
1610
6611
3440
4172
2644
8253
1625
6483
8080
6668
2103
9433
141
9074
8756
4174
6535
1913
8777
9780
1746
9701
3493
6093
7582
3244
4767
2699
9044
8547
1243
4750
6011
9037
5616
5630
7854
6577
2960
514
9614
6693
8834
5963
3935
2184
3993
1050
807
1172
6230
4230
6302
2453
4917
7404
9486
9389
7021
8687
6736
2670
4721
8857
3731
7115
5089
7330
1373
1970
2819
5248
1963
1980
4585
863
6708
9081
2796
8668
9292
3067
69
112
8344
2147
4616
9232
8941
5053
3755
6975
6343
679
3140
9244
9709
5672
5746
2716
6032
4144
8998
1905
1289
4289
8757
4991
5931
517
9412
9055
19
7382
928
2849
909
8416
1696
2556
4396
209
8155
8460
887
5100
393
2910
9502
3337
1926
4082
616
8796
5090
9656
5217
5923
357
6316
4283
4038
3499
1446
7640
8252
8648
422
9167
41
8145
6225
8297
5238
7231
2798
318
2049
6100
5283
5012
302
9019
5771
4655
6664
4821
3318
4165
6485
1549
7455
5506
5847
3107
1592
43
5830
155
2798
8748
395
692
5273
2938
730
1573
9076
7213
9594
5781
731
3229
1239
9514
9720
4470
8826
1355
67
9601
5590
341
1115
7409
3636
2555
4480
9149
8881
3566
4969
8082
897
4970
3400
7938
6295
404
2334
6273
2601
5321
8070
9642
9584
8402
315
7266
1748
8351
557
3068
5675
5010
7628
783
9886
3241
3082
6095
7601
7142
9301
3084
5466
4824
9102
9084
7853
7038
9686
7843
2934
4797
169
251
2610
2740
5126
4869
79
3288
8056
6712
4668
734
7229
5682
7927
1360
3724
5457
105
2775
5623
3799
8431
348
9244
8208
2346
991
232
9203
5363
3000
3868
6533
7118
1432
8023
4682
5157
3849
9232
2517
4615
8098
2972
2414
6226
7407
1523
1843
3042
8577
6528
520
4524
5541
9606
6652
1857
4877
8256
2547
4692
8348
2446
9009
4703
4754
462
6453
8788
9197
5727
3124
5362
3804
9953
1969
4214
5621
6255
5848
9261
6288
242
8254
7693
643
6436
9189
866
7046
3456
3352
9507
1881
1721
7353
6570
8979
5814
9463
4207
5569
5416
4672
2413
5860
6669
9329
7066
3864
7324
1747
6488
661
5485
5766
1721
667
3303
8451
1537
9105
7068
771
7400
9864
3289
1757
3251
8905
474
4709
7413
5241
2675
7951
2380
6589
7827
9295
137
1911
1717
1214
8823
9529
8831
4019
3452
1521
5476
8258
4168
7196
4243
6581
8982
9741
7723
9054
2683
9872
5114
5406
3460
4877
1810
4151
2433
9931
1312
3149
5888
8522
4888
9179
6161
7342
3289
4161
9036
3694
4555
2401
3413
973
9795
9867
2886
6719
7670
157
2240
742
1804
9464
6497
5416
3144
3916
807
6290
5067
9092
5649
4178
5030
3524
2356
2512
1904
4664
9208
3028
4645
378
6294
2230
2892
1022
2565
4039
362
7092
6859
1541
9837
4376
6450
1697
4842
6421
5910
6954
9445
1445
8094
9796
4275
369
5241
3914
3850
5252
9253
701
1995
1979
1241
9858
5165
4389
3545
3837
1955
4979
3395
5987
5527
4392
3700
5597
4121
5283
5324
5685
4830
8948
7532
5721
8053
3693
1290
4736
8196
6043
1518
3545
3994
256
6514
5842
6211
4573
6290
9441
1970
2545
7733
634
923
1170
6716
5601
311
4543
3487
7231
8767
3610
4685
9791
5292
5105
8584
5012
9784
107
4563
5206
9332
351
5830
41
379
9052
9089
2051
4043
4166
7803
780
9129
673
3367
2576
7358
6365
7271
4320
5685
3520
5804
5930
265
7736
4303
4520
4592
8577
8358
3162
3796
3762
6179
4708
5939
9237
6340
6508
9252
9077
7871
7926
2054
6360
6955
5203
3288
1161
2824
5283
7910
4849
8702
1314
2576
6452
9304
6003
2944
7830
4413
9963
4149
9174
9847
5711
3053
2464
937
245
2013
8750
2872
7511
5899
2378
574
6931
6923
4855
4563
9804
8236
4833
2842
4405
4169
8215
8485
2152
2664
5914
4501
1568
8798
9692
7615
6509
3817
8366
1501
5368
8847
8300
3586
8893
1896
3019
306
2074
8606
9770
5714
3765
3598
5319
2948
1468
2879
1568
4226
7969
1814
9858
4432
3447
7013
3050
6654
7795
5610
1729
2131
9399
6175
4673
3467
1434
9232
4890
9893
4295
6669
5891
1755
6161
9358
5397
1845
2410
7911
9892
8289
1630
1353
5674
4972
8572
469
3388
8131
3647
2558
6218
2513
4603
7940
5399
5313
1361
1300
2660
2818
7103
7082
9678
6287
1169
2078
1798
6862
4009
3927
1147
6329
1506
5890
5877
8845
6451
2072
7617
8400
8899
6840
2791
5768
4852
7416
5123
8103
2828
1271
4681
497
8230
3513
9139
5347
1507
4928
448
1127
5423
298
7023
2528
4726
5426
8924
6945
1665
8366
5149
4147
9463
9643
3555
9955
4619
7388
7994
9988
3695
7305
5725
9293
8671
1243
7489
513
9673
1707
2113
390
3606
4210
5430
2866
8959
9874
567
7713
1259
1435
7477
9295
7176
2858
1533
1049
6025
914
7785
888
523
7792
6685
2701
8803
3930
9790
6479
427
3941
3438
1177
2715
9683
2151
7475
2625
9619
1832
2190
8440
4921
318
9800
891
3016
5301
8948
8380
7245
3845
5049
511
3495
82
4653
4761
5610
1200
1278
7543
453
4428
3589
1705
6708
2958
2414
3812
5273
4931
6959
1381
6794
8323
7170
862
6341
345
9490
7928
8457
8146
4401
356
7263
3814
3034
8608
2994
9345
4162
3096
4861
9454
4489
4277
1345
8083
664
6368
5375
7124
2145
2663
7372
3614
557
5437
4736
7493
847
3032
6104
7131
6250
2787
4221
7464
5510
6173
554
9514
6725
599
6523
8412
493
6304
6654
5818
6772
2627
6001
6768
9116
3316
3871
7669
6211
2162
7152
3943
2575
232
7065
6504
3674
3539
8061
2194
660
3150
4791
6720
3570
3449
3149
224
424
1179
3666
7108
7035
0
600
6110
4968
1081
3961
9412
8256
6751
4771
5578
530
8955
5449
3895
2411
1939
9291
240
5961
8339
5270
5853
8829
3392
2385
2363
5921
6021
7287
1010
5083
5637
1071
7727
3113
2614
8363
313
3725
7124
3187
5955
3673
3871
5083
4559
8999
5515
3279
6668
5264
7199
6928
9144
1542
6868
7390
7985
8324
5181
9742
4045
8540
4221
9448
5762
9780
1844
5100
1421
7291
7367
8150
416
8673
6366
1294
5491
7222
556
98
2937
8261
6175
8167
3540
6227
8231
2776
5465
2059
4643
9661
5935
2374
1576
1647
3334
6133
1655
2062
1406
782
7350
4637
820
8961
6415
6856
2290
2405
4311
7402
4316
1041
5915
8539
5985
6689
5864
6238
8537
4796
9911
4320
8772
8241
2298
8016
4667
8370
3639
4009
6354
2037
5258
3629
2118
5834
2837
9459
1087
5846
8847
7980
5473
631
1306
821
609
304
7075
64
7112
5545
6547
5958
8009
8847
5952
9740
1689
9375
7913
135
7537
7119
1049
5299
6158
4465
5422
6974
7921
7536
8103
6165
2231
8283
9722
3436
4004
8049
1398
2073
2701
5747
1192
1711
3743
2992
939
5141
7742
9805
2304
9820
4834
1416
4318
4173
2555
2443
4178
928
5484
6478
5610
8690
521
8486
5216
2203
1140
3097
8410
934
3780
7953
6149
1427
2125
9217
9193
211
4391
4180
9075
9549
8937
2505
8629
6623
7199
6805
8888
6242
2275
9662
4976
7819
1455
3011
754
2589
3362
3677
4885
3072
8463
9474
6771
1747
9332
9934
3961
3439
1201
6151
4328
2218
4737
1412
6457
5905
8248
6198
6402
8156
8514
8175
2106
5605
28
9355
8156
9499
2627
5533
4935
952
7213
8430
7235
7017
3309
1580
8342
4048
1179
108
8128
5261
9845
8339
9116
6767
1362
9952
6320
3856
1168
4611
3040
5179
8737
5519
7824
8467
3375
746
1044
1379
8538
25
4199
4043
5722
149
6898
6850
3238
522
4348
1247
3210
9913
2426
3061
7911
5189
659
8826
6995
9037
4947
464
4610
7722
4009
665
8730
5575
665
388
9767
689
489
2280
6056
6865
7265
189
8542
3370
6472
6720
925
6015
8318
7567
9858
7362
4354
905
1128
9326
349
4368
256
3642
4284
8479
2790
3890
2523
6312
9562
6069
2497
7142
2695
3554
6066
6768
2456
4847
4495
2931
5574
8269
6373
3770
8426
7493
8196
1576
8644
978
3406
2889
3043
410
6991
1317
6826
5926
3539
3081
9742
9063
5489
260
1445
2118
2341
2379
4759
6669
2395
5999
6433
7924
6498
1053
863
4342
6957
1544
4315
5696
9456
4058
538
1658
1246
1930
4253
5128
5327
6669
2833
4526
3904
4196
9580
4853
8089
5702
943
9220
7013
493
2873
5169
5608
7255
75
613
1037
6469
7049
564
5753
6581
6003
2273
1137
270
2313
2062
6929
7373
166
6331
8061
8874
8983
4606
2737
9474
2876
2738
6963
7087
1905
6490
463
3895
1607
3289
6782
9968
9408
4388
2608
1435
4209
1724
3002
9252
5837
1285
8863
891
7677
403
8992
6922
3859
2752
8350
9960
9696
9283
6272
392
1797
2629
9714
9841
2761
2407
4617
4003
475
4983
3079
1627
326
3147
1711
807
6838
5779
1128
3521
9428
7515
1545
2983
6444
4540
7286
9083
6428
5647
536
9952
3464
6930
9624
8815
9062
1252
4076
8719
44
6310
9787
945
4013
4745
4658
5771
1315
7151
9722
7622
1894
2063
6420
4122
8195
4466
9778
6738
1231
4371
6137
7910
8799
251
5933
216
6526
9275
1183
3840
2327
5746
5474
8130
4529
707
1193
8380
8002
1417
7377
3437
8733
9242
7928
827
263
8267
7695
2171
8074
3023
3251
8036
1938
5203
3800
5038
3442
8027
6499
7761
5746
1091
8652
7156
3122
9047
6996
2193
6401
9481
6793
9430
8088
6526
8867
9881
9187
9182
4861
767
5403
8065
1567
4402
6053
7382
1783
7554
5310
1063
8306
1469
5906
6175
5089
4625
1848
2731
3615
2956
6752
2424
3562
8213
6684
9575
8345
9253
81
2591
6197
692
4644
5636
9689
6615
9218
861
1998
9425
2985
3338
7995
6461
3442
5675
6879
4515
512
6630
9856
5462
1666
4955
5220
4117
5017
2270
2315
9081
9812
5900
1441
23
1757
5374
3850
9593
3374
8001
2324
5948
1871
5146
6711
4831
1882
8733
1616
8033
4371
8216
6304
7432
7016
9168
219
5227
5589
9459
2236
1402
7796
6926
5343
1909
3190
9474
2936
9363
5047
8586
3296
3412
5522
9016
7841
2209
2320
1064
4611
4484
8751
5909
3927
7931
2463
9040
1316
7147
9584
4569
9490
8560
7565
4648
457
1318
7657
8886
6795
3568
1933
5386
2568
146
594
6257
4466
3673
7244
4979
2731
684
3742
2843
9249
1360
4295
5978
2729
1612
9519
1915
2412
3278
1084
3504
1118
1918
1693
1267
719
2857
1768
6726
7990
1708
7642
6928
9143
7105
6016
6413
7555
4259
6247
9326
8734
4003
5539
8539
8335
525
9497
8975
5534
8776
1043
9425
4862
1060
8814
9918
3686
4073
4349
2100
103
6390
4206
7967
7539
5637
9248
2020
6207
2774
7432
4497
6096
2909
4407
8300
1912
7848
8506
5476
5548
7719
5728
8032
4893
5944
1059
569
7401
7605
2877
9396
8970
9634
80
2139
5656
8707
1240
8892
6007
7682
9003
5495
2270
7846
162
9699
6706
4344
3766
3402
5334
9086
3528
1214
2344
3048
2764
7864
1687
7272
3294
7767
8294
1809
4393
1574
1489
7072
9187
2029
8494
7856
2662
2518
982
4582
5886
5831
3320
7827
6208
4558
6089
9663
4471
4693
6528
5390
3067
6048
8527
7677
7182
7429
8382
5861
1876
3875
4373
3565
1834
6735
7141
9582
8972
1383
8665
3771
7343
7987
3018
1632
2012
5360
3941
4376
8444
5762
6349
1211
3918
4949
6180
7219
7982
3078
3136
3068
4700
2235
1048
7737
2455
788
8278
158
7644
116
5448
340
3796
343
4073
6133
1511
5599
3841
9065
1345
1047
3397
5139
185
6582
178
6784
7536
5805
2772
7383
6786
6953
4774
2729
2989
5349
3501
9009
5848
5038
9086
2969
3140
4876
2513
730
1125
7388
808
1046
7562
4477
826
7674
2969
8298
6034
4465
255
7219
3229
8106
4044
9579
7417
331
1081
9121
7377
6133
9327
783
5292
5287
6737
6588
3358
8003
1730
4750
5908
5452
9376
2715
2773
8471
973
4299
9892
114
8097
8250
8955
8576
7023
5700
6785
9037
4458
2304
611
1751
4720
5236
566
7398
5847
5902
6963
8336
2905
4189
3138
5020
6771
769
2916
4050
4840
1238
5414
3104
4561
7480
5292
6878
8490
6408
8119
2540
2654
7178
7799
863
2221
6763
9379
8429
2332
5538
1186
3982
5452
4549
4957
7614
203
8000
5962
1381
3582
8387
4525
8167
7944
9809
9037
8989
2561
6895
5086
7891
8143
2921
4430
8557
4936
7018
8729
9957
6281
6580
7429
1742
4271
5447
7511
1382
2864
5725
322
1285
9553
8690
7302
7816
6440
8208
2469
1819
5069
9207
8037
6821
7365
2682
8676
1408
8981
2033
7093
8580
3073
2542
7582
256
5640
9447
104
6170
5756
2180
98
8471
2546
584
1092
154
8853
7583
4875
8081
2663
1265
3968
2795
6793
6746
4001
5794
4488
6802
3499
9848
755
2174
9485
394
8282
6899
8475
5485
7878
7768
8280
230
1098
8764
4974
5303
2428
1630
8161
6314
4814
3643
3436
8185
6605
2200
9783
4114
983
5430
2131
9652
2202
1470
8491
3358
220
8438
8075
1376
983
4863
4090
4887
6055
2428
7437
9635
8702
9533
3861
6356
111
3812
6327
4224
9335
3990
4460
9173
2355
3649
7894
1042
1399
5539
4639
5456
5696
774
858
8003
6577
4554
6420
9351
5948
4498
8278
2837
15
877
8207
7209
4821
289
1663
6234
3119
1862
9363
3699
1821
6016
1980
4273
6876
152
2873
1797
3011
9772
4380
7367
1850
8124
1129
9967
6947
5583
309
966
6474
5794
62
7812
9305
1291
7579
5861
4761
4740
5918
2784
9977
2817
6284
2104
2117
9286
4265
6371
8775
7253
2552
8035
7839
3980
3314
8180
7801
3436
807
3328
4673
7240
3424
7874
8683
3117
4322
996
307
6351
9602
6950
2924
1031
6962
458
4938
5983
3271
91
1617
691
106
4040
7648
7133
9238
9119
1777
1610
3294
62
9471
9184
8092
7583
5022
5644
1353
9662
1336
2595
3246
6535
8417
6410
6038
9557
4375
7031
1142
824
4409
8033
2842
3316
9228
2705
5394
5524
7793
4246
1830
140
2458
2371
9610
3645
6014
620
4447
4513
8186
5311
6850
2611
982
5531
5288
7367
4099
1989
6233
9009
5625
5771
3567
9148
5445
4848
9935
2982
2673
4937
5813
5304
638
5103
776
9557
7700
2856
4349
8515
9030
7311
9988
7086
3244
4426
3560
2507
5891
3483
4091
6115
1463
6367
6781
8742
6864
9327
1282
5726
6863
589
8245
1886
1765
7505
4665
7152
1496
8747
5089
6344
3558
225
1010
2165
1956
5282
7107
2579
5989
8745
8857
8520
3973
6899
9002
7701
512
3948
5394
512
5359
3635
884
9282
4205
7992
9459
251
7767
2764
839
143
9797
835
260
7006
211
2062
7856
3650
7206
5328
2263
7427
9634
2235
1011
6772
5447
4010
518
4585
8489
7170
4101
3253
3217
6470
4758
7364
3755
893
9073
4051
666
5464
2638
283
9847
2801
7840
2531
3474
2940
7855
2732
5022
6526
6746
7140
8223
9098
1903
4359
2919
990
4782
3837
884
4195
8389
2730
133
2860
2897
4620
6553
9776
9804
5809
4180
4606
5038
3388
5907
18
7106
8549
2299
3943
2175
5156
9790
313
9881
6980
9916
3581
6817
9664
300
2121
8581
8423
608
562
3069
3490
8347
981
3341
2326
4433
784
6805
969
5763
8828
9066
5846
4225
3862
1127
8628
7736
2417
808
7007
231
3122
4956
7915
575
1720
7459
8036
5924
2134
733
1826
5259
6168
7566
4421
3735
7858
3194
7459
640
1812
4329
3084
7273
1151
1256
2081
4795
2328
4069
8101
4475
6483
559
1144
2107
3367
2966
2437
9052
4513
8452
9918
9735
4521
909
8098
594
1786
8346
4776
236
5697
619
8490
6867
8774
9431
2658
8740
3273
3948
7987
8429
6432
3405
3373
