6250
1885
3194
667
9106
5795
4495
5079
8072
4801
547
2542
9875
6527
2422
4024
1641
1468
8765
6170
7283
8298
1064
710
6051
7787
1543
8609
359
66
7927
4791
1907
8468
1868
403
1412
6781
119
5880
378
7371
7814
490
5729
4788
9617
4544
9163
9519
7950
8478
3958
3802
1261
1428
3382
7032
513
4556
5943
5106
6587
1090
7214
8037
5405
624
3495
2155
3266
2101
8311
6678
544
9873
6872
6259
3711
7347
6635
627
9235
8024
9062
8138
7302
1292
8914
9780
2399
4430
2440
4289
9945
8259
3822
3266
6852
1736
5766
8571
7659
5952
8998
4981
312
9222
8008
5211
2693
1644
3274
4808
1101
7167
7013
7332
2855
8419
1531
1227
79
7054
5099
3465
2488
8664
2712
3911
8802
3578
7136
302
3288
1121
8429
5345
4526
5246
3031
4476
3842
6582
2622
3362
1765
4260
9140
5996
3885
1292
1367
3311
8956
7006
7223
6797
1327
4802
2239
8904
2659
405
7616
1869
4827
3665
2763
1487
315
8451
6536
7251
9358
6133
811
8525
2830
6445
4627
9449
7561
4019
7034
1719
5375
5553
5670
4312
3275
5983
315
1152
3072
6005
8885
351
1524
5923
7642
9414
9581
4787
4567
4242
2257
4447
7216
4635
6457
6914
5056
4720
15
7725
1837
6917
6205
3365
8298
9566
6385
6390
675
6037
916
8026
130
151
4842
1494
1678
5974
6763
7113
6846
6645
5745
9584
8821
4242
8696
5402
2245
9224
512
8458
4058
6674
1716
6414
5679
9158
9510
3976
3082
4422
5961
3707
9044
9364
389
3323
7771
7205
4140
961
218
2266
7785
7262
1034
417
9769
6115
4320
3362
4959
6334
220
2149
8097
4569
2013
3572
1717
6036
2994
6559
990
4093
3057
7067
1835
2645
4494
6276
3203
2675
2105
1650
6464
5525
4464
3239
6370
6403
2666
3055
4383
5845
722
2898
458
7246
3105
5487
9909
4934
5763
7895
7818
2484
2256
9615
5366
1390
846
1121
7079
9027
2389
4903
6931
8065
4364
3377
4403
2259
690
8158
7469
4719
4042
294
6630
6538
9896
2086
3724
5674
9719
4430
5181
2084
4978
1364
7097
4490
4089
865
3579
6428
6054
2945
5670
8734
5221
4141
3196
3285
4890
607
3284
1497
5577
8094
1762
1055
8710
9517
514
8409
1140
9245
8957
3711
8499
5979
9365
2933
1914
2947
1681
4633
8786
1308
4521
3183
9722
9402
8557
9469
6742
404
3213
6701
1051
5784
9137
2779
9185
6624
9146
7224
1011
6781
5582
7170
4197
2168
4388
2528
8617
4231
8811
4084
3410
9344
5591
3606
899
5493
2778
9058
5058
589
7675
2667
6804
9995
8031
2302
8847
619
6193
8683
2715
6634
2701
6176
6161
489
3766
942
5077
2256
4981
6701
2302
2247
4763
8464
3377
2252
258
4696
4501
2964
3784
8704
6324
5162
4625
2525
6494
8960
5887
3525
2215
8630
35
8788
4421
2189
2027
6100
4113
4343
1094
8635
3023
1807
9406
5472
8161
9945
3263
1489
7510
3059
1638
2560
4846
2477
1569
5907
4755
1766
9051
7036
5955
6826
3357
1831
2189
9449
6010
8182
5218
729
5059
5784
817
6503
9447
711
2474
9107
7420
7741
3746
2220
6362
3270
973
6382
6640
328
8880
9335
4765
4189
2597
8657
6696
8986
5041
4196
266
1336
3835
3704
9374
9665
2277
406
7124
9614
5585
66
385
6714
1238
4039
3881
1498
5453
6707
1418
6251
1234
4119
4888
1325
9270
7839
8305
9996
4631
986
8233
6613
9390
9115
6988
1867
404
9113
9601
1920
2790
829
9445
881
4954
8260
2728
9064
5407
4395
5443
5921
3762
1155
9999
6937
8186
7873
7269
3193
836
1038
8492
2439
1940
4050
5695
1972
1681
298
1664
9636
190
1976
5732
2139
2824
4039
4640
1626
9756
8635
8109
5471
7510
2995
3923
2214
7400
457
4589
1272
2539
3411
5637
2378
5033
4272
2274
3120
2158
8005
8462
5203
5273
5111
7514
8997
6052
425
6342
3230
4418
2349
7759
6757
1800
5998
2974
1530
7262
5936
2636
9902
4190
7649
3945
6789
4501
591
1915
4477
4577
44
5290
4389
6155
2890
3662
7434
5774
2049
8184
3959
4834
8221
7344
4369
9776
3361
2559
3426
9189
9907
4312
2422
5536
3947
3930
8632
9375
228
5891
4496
9485
7940
1852
6926
8312
4450
5690
7945
1998
5399
1377
9162
9436
6333
5963
7266
4280
8489
5749
8435
9445
8414
1386
3551
9640
1950
9331
2366
8247
8371
7284
3306
3207
8314
1799
5205
6872
4311
6780
7470
1479
7846
2517
408
747
8037
7440
5144
645
6177
2844
2009
3199
4232
830
8491
1581
1461
1125
2259
309
6472
7934
4710
6365
9682
455
855
1717
8562
4306
6746
4916
5822
2511
3649
1631
8054
8714
941
5800
5165
3209
3795
6906
2721
8875
8481
3576
7553
4240
1352
9045
6747
6712
604
4895
518
9193
1571
9082
8622
8859
8847
6350
5269
3900
9910
9080
2601
3651
2506
6305
9984
6661
4924
5281
3482
4042
6273
7038
2277
3052
8762
7107
9670
845
9895
8756
813
2713
5335
7576
6321
1950
6685
2238
4471
4666
5333
8177
3330
3436
403
7954
7527
4092
5426
3260
21
3769
5862
5361
2426
3403
7242
9453
5788
5095
1298
1830
1771
4037
4327
7332
4176
5046
9858
3446
2269
8514
3383
2087
5338
1598
2379
9312
2141
7616
1619
1207
9788
3690
788
1741
3760
2225
2276
9087
1000
7505
2830
1854
2936
6487
7361
4653
1108
5191
950
7557
7385
936
1438
6708
8573
1052
7761
815
2127
7673
133
1358
6734
4286
5286
5691
474
2754
3952
5278
9173
3411
2699
7168
8988
3329
9276
8017
8120
6632
8667
2519
5941
2175
7406
9910
480
5348
4104
2272
3079
8085
8161
133
7250
9810
6861
4482
718
4310
2214
2531
1130
5175
4203
3399
447
7296
8239
8146
8078
5915
5474
8232
6292
3264
3125
1152
8159
4269
796
3023
4982
2441
4466
3959
1574
6263
231
2468
9251
8730
9717
9406
6506
5586
6687
8049
4756
490
9219
394
2624
8389
5663
9364
6779
1343
2953
5722
3118
6522
1945
7618
5851
4461
6401
750
7727
5348
9291
2709
3337
6184
6894
4530
7037
4374
3948
6387
2299
7817
6892
3733
8147
7460
2631
2470
9920
5520
2089
5115
8858
1409
4003
5065
1458
3107
1129
9548
8853
1641
783
1317
9075
1205
3504
4514
5877
1440
9183
4469
4334
5759
8132
6820
347
6870
6804
2320
121
9868
7818
558
4601
3191
126
4618
5754
1972
6262
852
7518
3717
2097
2666
9463
6887
7434
4016
7824
6957
4748
770
484
5392
4155
4086
3572
71
1054
2786
9346
5961
4805
9295
5694
8241
1057
4284
236
5895
7924
8497
9043
355
579
1172
6243
2997
6131
8091
4568
8436
9630
4357
1619
9050
1600
9150
6653
1721
9172
3826
1225
43
9435
2921
9246
9018
2995
100
4225
2230
8292
5181
2003
1299
2982
2706
2559
5068
8050
3241
5266
2321
789
3448
7801
2969
2524
6786
3755
5093
7013
6368
2958
9822
4350
6664
5742
2927
7024
1398
6028
5055
4723
5976
236
1246
3002
4107
2114
6604
6978
8569
8059
842
8246
7183
2856
1155
3538
8029
2661
7235
2248
1850
9907
4225
1120
6718
2077
6215
1272
4439
7223
1783
2137
8835
2144
7998
4762
1202
9767
714
7780
6075
2827
4576
1995
3303
1670
8512
4347
721
2004
452
3555
2158
4074
4352
8623
5238
2427
194
3409
2347
680
8747
4078
9692
3320
50
9893
610
3077
4173
6170
8078
9628
3907
660
1750
6002
6072
4718
2750
9772
2353
7749
8190
668
7402
7635
633
6173
2963
1366
9942
9476
6150
5775
7106
7777
8067
1935
8822
1750
1272
3163
8133
8023
2940
4932
6920
3596
5608
7511
2984
8399
3110
5345
8296
4761
4473
27
8721
2954
9867
2372
9805
1782
9947
2011
4623
7013
355
1996
5739
1929
604
2772
5902
7177
6318
7372
3935
4467
1212
5132
6593
8785
9964
2208
3316
8320
5510
4622
4920
3358
750
4148
1473
8778
7121
2523
5509
5209
344
6168
2087
7713
4439
7892
7326
6733
2993
5140
268
3216
9551
4193
5009
4357
4069
2598
7557
9337
4322
10000
5215
5685
9944
6319
6595
294
3565
1301
8970
1104
9020
5472
4057
6111
2177
2460
6006
7424
2093
1234
7730
4084
2381
3694
6961
1707
3621
5018
6271
4485
4827
9823
592
9117
2883
8649
2931
7934
3428
3771
8008
3433
3737
7593
2814
841
9658
9149
953
4801
2958
7168
428
3005
5165
8256
3222
644
4286
4387
4519
1771
3054
6944
6041
1528
4700
4091
5401
725
2285
3344
6332
3180
5534
787
8969
4015
1360
1491
8638
7958
9559
4888
2399
2282
5688
5585
6376
1445
3947
3407
5
9514
5726
9774
8200
4809
6831
4525
3088
1027
7432
7837
648
4451
9033
51
8665
3233
4300
1678
1811
3693
7810
1380
7213
7936
2604
4823
8342
9001
7504
7474
5084
2365
5058
4890
5719
2621
9274
3947
7732
2620
8074
5656
9753
8124
5148
1053
6701
6686
9320
5703
5608
2328
9590
3914
633
4451
301
9687
6070
4459
4425
9053
1587
4215
7549
3742
6831
900
636
5876
6784
6076
6044
3237
481
4075
9510
3032
4928
2952
6311
6370
2281
3776
2469
1869
2310
3459
6128
6236
2256
4295
1237
5163
4132
7265
9852
8895
240
8127
4927
4194
2347
8081
5175
1512
2385
1747
2895
8871
2632
1486
1040
1184
3532
8269
9176
2878
8085
95
3566
2132
4599
2094
6955
3078
5460
3676
7160
9149
7486
9497
3912
6049
3458
7119
2262
4682
1035
7614
5266
8566
7387
3023
3104
6924
6621
6867
4437
1149
7755
4762
5210
5424
3051
2425
7647
6777
3064
6002
9959
4804
151
1355
5813
6779
5367
6970
20
3114
3977
6780
2840
8813
620
1298
2648
4879
5772
9278
1341
4117
7172
2810
3836
6866
4682
5530
389
7036
4320
10
7415
915
8687
7290
2095
9262
3589
1504
2482
9522
9615
3779
7011
1657
2908
5475
5629
6978
7305
9956
5577
6525
6125
9798
4734
9842
6634
1723
809
469
8117
753
2680
4190
5616
7032
7468
162
5324
7373
7336
4456
3915
6743
5431
2127
5772
1395
2330
6734
5771
3122
6762
5104
8529
9206
3545
5391
9832
6075
3947
8027
3205
7867
3790
9290
2352
5326
6303
9866
8337
5369
6467
9225
798
7070
7811
8308
8162
5446
8084
8975
5008
9752
800
6422
8589
9877
6433
4955
6054
7453
22
3152
2111
3280
5750
5669
2133
5596
336
4058
1326
2466
308
9938
4545
3507
2827
7941
6001
3278
3049
961
6613
180
1506
5030
6023
3330
3683
6154
9246
4778
9552
7768
8216
7195
7422
1460
1000
6356
1709
2539
2511
1821
8897
2202
2915
9034
1489
731
6715
4979
3965
3702
7485
1163
2076
887
6082
2449
109
3165
4740
2233
1368
1964
8532
8861
5282
7633
6795
9812
7102
6861
61
7877
2542
42
425
5524
8924
4469
360
8276
9357
1475
3613
9959
2919
7700
2595
5995
6567
2287
3298
2041
8009
5114
1092
3719
7499
4219
4406
756
3259
7843
8400
5861
6650
7258
8732
253
4413
5250
863
2205
184
8764
8399
7488
5547
6380
1346
5697
6082
9367
6374
6346
4424
7546
7531
9629
6677
6110
7991
2428
4032
4359
9695
1484
6869
1780
7058
3380
1169
2218
5922
6967
6024
6215
9876
7970
5798
8666
3940
8270
2933
7251
4917
6372
8374
1869
8205
7739
645
285
8697
2475
3085
7510
3688
9211
8252
8603
1250
4663
7118
3826
2816
6716
1641
832
9314
5477
3085
1744
9094
4453
3690
5215
3439
5205
744
5816
5324
488
6281
2019
1708
3612
8828
1657
3447
7753
9121
7524
2304
2723
539
3263
9958
445
2036
1872
6710
3039
1384
2223
7296
5334
6651
6388
8964
7375
1207
8282
8869
9529
9267
6660
8162
6331
2410
1344
9192
2917
5394
364
6900
7286
7209
6007
3520
4391
3874
753
9891
4173
7757
2889
669
1285
5521
888
4929
3003
3512
4882
6867
1214
5746
5105
5132
2080
7387
2231
5541
1959
130
841
22
6006
3430
816
9674
4521
2913
4308
8909
5374
4873
4735
1935
9807
1953
4200
96
3006
301
1718
3810
9427
8523
1946
4033
8481
8972
7832
6401
8627
8224
460
1722
8305
5301
3149
2819
6729
8430
6837
5421
9087
8756
8010
8364
8546
4281
6085
3599
3605
2047
2175
8924
8057
6303
6994
2526
4856
5810
4990
147
100
1329
1007
1708
2612
8913
8009
7224
999
5493
7968
9090
7131
1310
6908
3077
1496
3660
362
2365
4124
571
7961
9752
7428
155
9305
4898
2673
6862
695
2434
5398
2231
3620
9690
1738
5838
726
3784
513
6647
5842
5941
9428
3188
1828
2665
9909
8245
7297
108
329
6556
8821
2749
8314
1357
7688
111
4705
723
5340
6109
8193
7494
2314
7938
7065
1368
4120
2612
1511
2581
6086
840
4747
4235
6853
8761
3190
7067
7094
8834
5168
4961
2249
6232
6418
2527
2041
4542
6757
2137
3727
7637
5821
9512
8851
6995
1996
6250
9424
10
6716
8204
3145
6074
842
7587
7518
8677
8437
4551
8720
8356
9053
8598
42
3109
6464
9951
6398
194
5296
1940
5838
558
3653
9664
6667
253
5335
5774
242
2870
2508
5175
8444
117
507
493
4039
7687
9411
3893
2411
8654
2293
9898
9127
8488
7879
191
7061
9115
7941
6090
9065
6970
8777
9230
9788
7691
8733
5583
9948
9912
6590
2778
450
8951
4195
39
3751
8899
5452
2687
3827
888
7347
1432
1549
5750
935
6919
4850
6743
4446
4249
182
4430
4015
2036
500
6448
7735
2297
7296
9506
3950
3586
7443
7057
3156
9195
732
6474
1517
504
7460
5765
4501
7503
9889
5651
3938
5627
8191
8136
4576
1971
7608
8237
5590
2255
4557
130
5259
6096
130
9729
390
2896
1155
2603
6402
1071
5789
4388
5460
844
1938
676
1557
9073
1806
52
7424
4997
4187
6804
2298
3398
6067
1641
3418
610
3273
5608
6382
2650
5754
4523
5546
7295
5321
756
4144
6287
5416
5173
8748
9783
6053
2865
4583
9094
8639
1868
8550
1256
1412
2823
2790
878
1013
7972
4956
3133
3573
8672
7509
129
1398
6907
4442
6203
3469
632
5292
4510
4897
6710
7500
737
9529
1702
7133
8090
646
35
9863
3051
3160
6536
3198
4754
8033
6411
9164
8304
4320
9283
2176
9818
3319
2095
5719
2312
3956
3859
3109
1326
28
8575
8617
8990
5681
2102
8841
9232
3066
1285
9287
322
2497
9950
4775
1502
308
1904
2122
8454
3379
4334
1437
1010
231
3229
2708
9331
8958
1213
3156
6800
1191
2597
585
4692
9186
5527
4936
3820
4675
1896
3491
9270
9757
8530
1799
170
5201
9700
9660
8995
6935
4242
990
2217
2276
7521
1917
7228
2958
6639
1385
8663
3809
5208
5838
3964
8796
5177
407
9935
8504
1522
6301
9477
1140
1072
6260
7325
7082
2643
7382
7978
8093
9892
9785
7262
9169
8247
1903
865
8637
7551
2432
6438
8579
1115
9049
1900
1183
4819
1516
788
5409
2733
8019
607
3371
6312
2099
8934
5764
7870
3575
1561
6848
3780
6863
2929
6735
1052
2674
5641
1065
9630
1502
8667
4454
4271
7931
7708
7849
3585
1409
9409
4552
9696
4028
6736
3330
9167
5041
7792
8368
1799
831
1832
2525
4804
8864
9140
4489
4265
7635
5567
2874
6225
6318
1175
7797
5574
9480
9454
1749
4897
3561
3213
2969
5333
3710
7626
9499
3754
9769
8069
3679
144
5985
5659
9543
5866
8838
5803
2151
5032
3498
844
2734
3321
4377
2887
4690
3337
752
3349
5165
4852
1063
3604
7170
7155
7854
5241
7906
9105
3431
4451
4522
288
9378
6050
838
8027
5653
4321
740
4916
4535
3001
9585
7161
2148
7332
5964
3475
5346
4420
140
9086
9395
9289
1788
6219
6014
697
9555
1786
28
6394
8561
4998
9497
4973
9235
576
244
1611
969
1649
5995
9497
5521
6467
4390
3331
9017
317
4943
7429
5541
414
608
7038
6914
2203
4272
2887
8537
8720
3929
7004
8391
6111
7707
2452
7065
1356
1809
7959
594
1821
361
10
861
6878
5436
4888
5351
5354
4778
7395
3397
1526
4851
2716
3776
8665
9673
6511
4327
7814
6178
7258
7485
8135
6810
9785
293
2074
8863
7855
9448
9237
1933
6530
2318
8409
6784
1648
7276
2605
9783
8829
6699
7367
6934
6827
5718
4194
9349
6504
4422
607
5987
1999
4570
9601
4567
5431
4828
3848
1684
4632
5823
8565
6822
8241
7336
5863
7321
7134
8313
8573
9059
7294
816
9375
9827
2964
4684
6286
3688
141
5217
4468
8683
7996
6206
1915
6350
7048
4415
7901
6856
1704
7747
5065
792
9494
3738
6401
787
6069
6785
8095
9644
3827
35
3505
7752
2563
4480
1555
1798
9029
4516
4902
2897
8348
7053
5547
994
2283
5450
3385
1324
1705
9993
9249
3956
776
4608
8842
6365
9659
9545
8403
380
6826
6774
5052
581
5525
4941
7696
6925
9646
1244
4008
9396
4553
9296
5878
1006
9184
2375
5533
2467
1329
1376
5338
1849
5056
7827
858
8562
7933
3111
1548
1148
247
8795
334
4899
1395
3086
7642
1762
1007
8236
1219
4710
1600
5404
2656
765
64
4115
7415
9526
4819
9391
9374
9173
7561
4787
6896
1648
4546
5653
1360
2002
902
7233
368
3918
2857
8019
634
5202
4251
1346
5552
9721
9897
4849
9813
2109
800
2256
4628
9819
4282
1917
7849
3845
806
6105
4432
1525
288
9096
5689
1828
8358
6709
5537
8637
7846
4555
2043
3554
4704
5641
1769
1629
5667
3357
161
7665
4163
3093
5420
4516
9073
6620
6457
1248
9722
5150
1865
1025
5815
2003
3643
1495
9999
2182
8190
3789
3746
3162
1866
356
9472
5347
7914
8938
1774
658
4520
994
7141
8305
7889
3421
7271
3309
9732
9482
1210
8405
9734
8321
5539
9029
6906
5259
535
7735
6751
4277
3582
314
578
7956
3701
7067
