911
851
5381
7154
7644
6274
5791
8534
7484
668
1975
8044
8407
4822
8081
6949
4064
7928
9722
9406
8676
843
8088
212
2023
9611
7378
2017
8092
5350
7204
9383
6966
9787
6431
7891
2458
2049
7642
2790
1115
755
5399
6409
9388
916
3811
112
4899
4119
4333
341
36
3410
5818
5131
8331
1488
6906
8173
3976
8884
8302
4637
4686
8930
9841
7236
1739
5569
9818
3682
8003
7149
2274
1925
3601
7825
8032
8671
5101
3480
3946
4589
8193
5587
1063
6319
6360
1259
7941
36
8094
3379
6482
9133
9470
3954
135
1846
477
5637
7201
8885
6516
9077
6167
4446
5276
4390
4357
2958
1588
5973
7089
7579
5101
733
1764
2152
2667
5128
6156
9518
1540
7733
1763
1510
3037
3895
7830
4068
7907
6622
9261
8217
2057
6256
7694
1867
5425
222
2446
3633
3992
8743
2086
6329
391
2073
7178
7959
1474
1731
9715
2036
2929
5207
1457
4488
3781
2026
7019
1386
8822
4726
113
9879
1301
3295
137
7860
3204
4776
7058
4762
8035
5603
8978
6503
6449
1596
3053
2062
7562
6133
601
6377
4566
893
189
9151
3146
5513
2491
158
774
3132
6956
4991
4289
6840
2106
3012
1883
1833
4995
9596
6011
5452
3199
7776
5807
1337
5165
3659
2035
8725
8183
4753
2307
4523
9962
9846
3569
7209
1725
748
5069
3635
7762
7558
3382
7724
3591
6446
257
412
1782
2811
7932
1632
665
1664
1806
2496
8169
7411
7246
158
8294
8488
9764
9191
3644
9041
3054
3180
1267
4818
8379
8822
1114
9506
9346
9648
6829
7115
4707
3654
9551
7168
2251
9492
6830
5502
3991
8061
3182
4252
1898
8856
2888
2424
7242
4523
9379
1634
8822
6424
7124
2778
4101
2415
9267
3660
6509
291
2901
371
9595
2529
7127
2700
4762
7069
2746
2696
4384
4566
5892
1496
447
2869
9160
3401
1378
7928
286
849
8751
8381
9770
1485
4494
9966
8275
9905
1241
6190
3880
4055
2798
5195
3725
1776
4502
586
1340
2255
3186
788
8765
9543
3239
9861
2812
2216
9121
2603
4947
7422
7200
7691
1582
1083
1997
8380
680
8903
4791
1832
8264
7145
8901
274
6966
7947
5287
4179
9384
1186
362
5564
5122
9218
5850
8739
5156
4086
4502
7080
7836
1038
362
3997
5688
3404
1816
9843
6010
6173
3014
260
1871
1816
6135
6394
7438
2113
384
6401
6548
422
7137
1977
7486
7405
489
9607
9059
5796
4405
8462
3049
3876
6812
875
7159
1369
1887
8381
8280
5227
1818
5082
9375
2894
2609
6848
5972
927
3839
5390
3406
6848
2326
8381
2116
4627
4652
977
3653
6193
9034
3600
8651
6531
6629
8758
181
9421
1752
9890
7867
2220
1717
6744
8871
9599
1592
3490
7640
8557
6440
8917
3832
9780
1940
1708
9608
9691
7550
6745
1523
3753
5927
9475
4981
3395
6933
4948
48
4022
5291
6913
6918
3964
325
4262
4228
6963
1403
1674
7621
1105
2416
5248
3906
1018
6054
8757
4609
9097
7749
748
8053
8138
7617
624
3607
4136
5247
2409
9575
7244
799
4632
832
8611
1731
9318
5306
5773
5584
8017
163
933
1720
667
8747
4164
5681
3323
7952
4673
8537
5921
2081
4637
1096
8586
7607
6767
525
9196
7307
3317
3745
9179
975
7499
1315
8184
259
7342
6514
5346
2920
8494
328
5164
8528
9422
5810
1104
9581
7699
1213
2357
6641
9425
4832
2527
8871
8507
1821
6788
7207
6782
9435
6904
6486
5316
6345
5170
70
9871
2628
7150
3187
4993
8000
4906
4469
4429
1761
3393
8777
7869
8639
8852
8779
999
3903
8283
6224
9526
7384
8376
8636
2608
7901
2296
5553
4606
6127
5210
5770
8955
1688
6908
4582
3897
3031
249
1412
8624
3092
6777
1268
8001
5790
6710
9440
9487
7630
8185
2014
656
5391
8108
8715
42
2747
9901
2637
356
2989
5405
9012
2373
7467
4825
9345
2483
6664
5997
2208
3336
9798
5921
2173
8473
1564
4599
5851
850
3718
4164
4646
6332
4484
3642
3453
9715
378
647
2434
4523
7395
7647
2687
7603
9644
143
9519
6333
2134
2209
8305
7525
2617
6824
9817
3876
4306
3050
5314
7910
952
9485
1487
3212
1827
1685
7927
4637
9050
9549
7021
1547
6319
659
173
1068
2196
5521
654
1971
6351
9438
6061
8359
145
9499
2360
4264
6069
2422
5301
8368
4253
8207
7920
584
6276
2474
1851
9663
6468
5570
8361
155
9473
3
6006
3778
4257
8506
6276
2983
224
1993
4334
7809
6455
2716
863
5203
131
4365
2320
7677
5092
9618
6003
2338
1280
7429
3471
8983
7064
5896
9167
281
1860
7665
3644
1071
5974
7533
2015
4194
1704
4453
4258
3683
747
8253
2233
1429
7401
1380
6781
8850
3450
7317
4623
9353
8706
9075
2042
489
2066
7556
2737
7825
4228
5586
5496
2861
1485
1017
8873
3693
286
863
8077
6850
8032
3225
5566
3653
3080
1785
982
221
5947
3736
931
4679
8674
4950
6170
2935
3482
436
2398
8588
651
9468
8009
930
3363
6039
9503
8104
5174
6009
9037
8756
6610
9635
8509
6515
9372
6450
296
7739
8496
510
9633
8579
8684
2480
4281
2779
3740
7985
8886
2074
3071
7552
7989
4583
8204
3810
6798
3077
7837
6236
7108
6071
1366
4586
3909
6415
7766
3965
5265
8482
7411
4307
3112
7082
1954
5500
5918
534
3057
6721
993
1937
5911
8311
6706
2632
6836
3822
8778
6025
7084
2382
6887
6175
9400
1844
150
2043
4505
6224
7011
8722
5796
6579
212
1515
3808
577
8319
5183
5345
8489
7386
9614
737
2818
6861
3931
9488
2790
9229
9350
5952
1315
2450
2592
5292
7916
8875
705
6269
4184
4425
7715
4537
6649
9699
2784
5201
8376
4735
7511
2013
5551
2205
2419
178
2172
4051
6310
7659
4997
4894
9847
6824
3676
7303
5284
9137
1952
9020
2070
7462
6017
5016
6136
7789
9642
3965
9788
325
915
885
4244
6061
2537
5037
1880
1372
9319
2441
9908
6413
9792
2672
9266
1208
3738
1770
9921
3103
94
4965
8927
611
2763
9386
6303
8597
6778
6333
6040
547
5074
3193
2009
6002
8532
4650
1081
6904
8888
7779
720
4335
8263
2902
5224
7320
1580
5503
7514
8337
2767
8815
3519
4349
7395
4137
8100
1284
1676
824
7447
9749
2631
4177
745
2701
741
9211
9898
2550
1579
9135
5980
2563
6230
214
8169
8606
2494
7689
329
5282
9257
12
7689
9563
402
3888
4873
3912
7358
3936
4993
116
875
3345
2790
8388
5237
4603
2122
3593
892
1434
7288
5036
9689
9075
3396
7882
3596
2917
6453
9028
8025
8621
3154
9742
9909
6365
928
101
9122
6493
7773
1124
130
9858
9305
1462
5868
7117
5428
1221
1062
71
9796
938
936
3015
7837
8138
3099
3
3477
1770
1907
4020
7198
6504
7766
5480
9177
7638
7372
4782
231
6868
3017
9288
9730
4109
306
599
3678
1499
2569
5559
6623
1181
8681
4277
4660
1318
4395
5076
9036
9235
7762
2661
3286
376
2487
7498
582
9579
5219
5153
5577
6998
9817
7336
7948
4484
9381
754
6216
7398
1719
9398
3869
4590
1446
429
172
2285
3429
7764
7484
3176
724
311
4173
9589
4800
8488
3426
3571
4895
2141
8052
8835
8211
3953
5584
9028
9544
1939
431
5220
7095
9948
9294
6680
433
1417
3359
5811
7291
9525
6994
430
801
9136
8526
1797
1729
9757
2467
897
3637
5965
9953
9807
1325
2460
4533
4738
228
5297
4927
3931
4319
6017
7531
4819
2632
3191
3065
3913
1066
1233
7128
2574
7779
370
2342
6815
5134
3993
878
5313
174
4510
260
8706
4183
3124
2344
7676
3340
219
1519
5180
7637
9496
8012
8155
2753
2327
9089
6483
1303
5665
1672
8003
9033
4618
321
6722
2521
1475
923
1030
6157
9140
8377
4322
766
2717
3588
126
418
8338
2048
7930
479
5341
1059
3742
4231
3501
836
4313
5654
1668
4719
4858
80
4275
7879
6385
5253
1631
2622
9136
2827
4184
497
7103
382
7241
3714
1238
627
3367
7610
9838
436
8846
6296
8087
4282
8765
1978
9399
1722
4836
3803
5062
2432
3325
6798
8913
8352
6979
6632
5754
452
7347
8826
952
6987
3857
1846
2926
7282
1109
4698
955
6454
3467
2121
5010
2350
8485
9661
4428
1213
6363
1758
2158
3402
7175
5871
2759
1254
1375
4437
7511
4032
3543
4807
5753
2633
2083
5573
6329
9373
7779
1396
1383
6687
9659
4443
6965
4635
9894
7912
2398
5087
9456
8423
9236
8308
7923
5623
6611
7708
6401
1310
3439
7697
6034
986
1750
9428
4449
6388
1864
8498
971
8382
2752
3821
5132
4423
7661
1247
3073
584
4848
2632
95
7257
3560
1450
4587
8211
1913
4193
3872
7106
1302
1905
8390
9618
9395
5175
2693
4265
1800
1474
8423
8235
8604
3685
5899
9640
1079
9929
2434
9722
4891
4769
7413
530
5276
3849
1731
6470
6033
647
8468
9841
787
1543
3682
2737
6537
7940
7743
7306
9237
5530
9324
8478
9709
2392
9716
1532
9244
2323
7211
9831
2550
8809
5548
7958
5567
604
4261
2796
1989
4646
5748
985
487
6915
5699
7720
384
9979
4039
3307
360
4546
9353
580
3315
5928
3692
8246
3966
4765
3718
4201
1621
9817
3179
4799
5783
7611
4036
4570
4620
8273
1338
8236
9630
6325
7101
5576
1597
9387
815
8150
7022
2897
4138
1099
3408
2799
5313
1002
1631
5930
267
6594
5676
5333
5731
3260
4334
2252
4963
2056
9801
5403
6193
423
1194
2075
1779
793
1221
1952
4248
7861
9553
8628
960
6537
9068
2754
9430
3313
3204
3040
465
814
2786
7949
773
2549
7708
5000
2457
9245
3837
1695
8235
5242
7061
6735
2044
8973
8381
1850
3363
5214
5154
3220
72
5780
7160
6905
2832
7835
4701
6052
3906
5086
8810
9401
490
5884
4810
2383
7480
9620
5907
5164
8941
5841
3907
4362
392
9985
7227
877
4997
7521
8695
4989
3396
9040
6935
6034
7977
4566
9081
462
6822
9868
854
5139
5421
5261
8639
2292
5686
8406
1172
7230
3893
6082
3833
375
4572
9199
3570
2997
6269
2161
8171
9657
8158
4849
5799
3682
84
446
3153
9341
1617
7816
2759
40
2325
7024
6265
1505
7213
9545
3346
5740
2109
1541
430
8561
8531
8069
7799
238
5007
3611
8925
5851
9387
9482
8918
4913
1601
95
4504
7316
8641
1116
7308
5426
3128
785
2422
1081
2352
8669
221
339
6339
7950
5515
156
399
6221
4914
6631
3158
8235
6917
4186
9690
5996
2786
4022
3104
6230
3520
7625
1079
5161
1326
2771
4180
1531
7207
6613
1822
7521
3162
9178
712
9288
4660
3382
5438
8478
4246
9570
94
1124
6788
5673
9059
6798
497
9430
2749
930
559
6334
157
2861
8340
9270
5527
7664
166
9995
3468
8738
4780
1719
1918
72
4084
8468
5913
9166
2360
8797
419
7374
9236
1458
6971
5335
3170
4155
9546
7976
8125
145
3352
3864
3690
8227
1943
9995
4024
4660
6957
6578
2837
6882
70
2516
1757
983
1271
422
3185
48
8726
7017
5227
3548
3896
2834
3855
906
5229
3709
1772
9628
7523
3139
5322
815
7186
5765
7637
7757
9251
8057
6068
3804
6885
2070
6417
6394
5045
973
2887
8122
4949
4404
7754
9055
464
7121
1484
8996
8147
4337
6491
1256
9209
2662
3374
7055
873
3400
9804
4561
3973
7051
5987
9614
4522
9171
6042
7801
5040
2831
8962
4137
4141
2622
9466
28
9339
4952
7761
8368
9587
3136
2373
9171
9654
5360
6343
1166
8698
2279
9355
3259
6587
9775
6482
57
4357
9926
9142
8589
2796
6323
409
180
7019
5633
6520
6073
9215
9525
5513
433
7800
4333
6534
721
7945
7797
8832
9451
8967
6332
4511
6641
2256
9268
7647
4949
4376
8418
125
2055
7446
2784
2826
3330
1332
5988
4668
2255
9905
365
5093
8013
7387
9992
3419
8636
6390
2078
7702
7392
3675
1201
5048
5371
8031
1878
1382
9857
2469
3693
1903
7307
1837
6258
1775
7636
9004
7527
2764
630
671
6074
9713
5653
8980
1150
5520
7136
3999
910
4726
6565
4299
495
6275
7233
9409
3823
9882
4606
7942
2541
9751
1627
1430
8785
1299
2060
974
8995
4252
3387
8561
403
6280
1871
5591
6725
6141
1611
5367
3739
2497
4556
398
2441
5762
3351
4936
6006
7126
6740
7249
6
3114
6799
581
2729
4917
3595
758
6186
8549
7913
9187
9898
7982
3513
7631
1742
2325
5605
7818
1428
8249
3311
6049
6217
9280
2939
5900
601
5198
614
8633
8187
9178
9953
9068
2943
4463
993
6192
9311
3189
8829
6673
8658
1580
2913
7741
6691
7800
1444
11
5076
5402
3519
1560
5188
7854
8211
2592
9249
8289
3813
1154
2322
5125
375
3750
7047
8902
5818
494
9900
5549
9845
1677
3189
4927
246
85
3908
6765
3035
471
9347
5107
8277
186
5951
8542
3509
6092
4649
8282
737
7755
4948
2563
9546
1508
7332
4457
9355
9984
422
4837
4850
8745
2114
2721
8832
9688
82
3250
2950
9284
6388
5468
6198
3567
6599
9205
4915
9130
8951
9989
989
4335
5158
9627
3679
7659
4971
9686
6324
8250
435
6376
3485
7775
660
6564
7152
2448
8105
7969
9846
6743
6768
4346
3036
5580
643
3691
8191
4518
9877
6437
1921
9928
8104
8133
8836
6798
812
5115
539
7352
8987
7660
1041
8796
9776
4219
3991
9119
851
533
8790
9255
2052
211
8160
5126
2760
990
9626
1224
972
5570
9852
2028
3691
1114
987
9466
3666
7943
6264
6002
2315
286
4539
2608
7696
8479
7854
4431
5231
4342
8203
3915
2092
1006
3451
3288
7622
8503
5543
1820
609
2689
2005
7015
235
1285
5518
2719
7865
4915
1033
4527
6312
5692
1002
5218
4163
3647
514
9359
5487
1164
8696
3838
6470
4742
4570
2738
4483
7050
2079
2814
6754
897
3890
2070
913
9883
7584
3809
4532
9946
7544
6671
1817
6184
9422
7434
9724
5023
4585
3388
1004
458
4374
4923
6891
182
4295
6753
6230
4257
7840
6247
2330
8919
2837
301
3108
8672
4485
9385
7913
7520
1973
8311
5659
3440
1775
9639
5102
946
3658
9913
6290
3437
8651
1057
6967
1819
4052
4445
2522
2496
6559
5526
9632
3719
8465
7943
6944
748
9877
8941
8920
5354
1522
2547
5829
775
4865
6181
2878
753
1344
8097
1974
4712
7144
3380
8446
4232
5297
9985
147
2017
2879
1622
3519
2802
7732
2407
6864
1060
7184
6305
8472
4630
5816
163
6962
6636
4187
6557
7879
3109
4342
413
7416
7832
1045
9477
485
3301
938
9953
1494
7135
3500
5447
6699
8006
3801
5680
2949
6980
6574
2795
2771
7646
1068
1138
2601
6292
4836
5003
1103
9396
1546
6557
1347
8101
4294
4207
645
6589
6766
2896
2366
4589
5272
2902
8121
8654
855
9864
6586
8375
5932
8582
4099
1798
4584
2218
4108
2402
6688
3401
9818
435
9905
8959
1459
5908
4309
6484
1697
7027
3065
567
285
9540
888
3978
8687
411
8669
8491
6661
9181
2519
9254
7770
6270
4678
7325
4743
422
1367
5236
9694
4694
9311
6398
2922
9597
8852
4605
2834
1933
3241
9474
3698
7274
9763
7954
2368
3769
7476
9902
6743
5820
3618
8323
2257
1561
792
4044
9643
7811
4613
7780
2941
417
4211
7143
7195
6110
1425
7448
5987
9007
1383
4450
5937
9981
7537
1673
2265
5969
3174
3224
9402
6600
5748
645
8344
5324
6856
185
339
9017
2301
4896
8668
4395
8042
154
3150
6090
9556
4576
2050
131
866
8376
6961
6451
3771
7396
2034
6348
5741
976
3042
3359
1697
3289
7942
1344
2520
923
4756
5312
9722
561
3288
8507
112
3571
3840
4151
6546
4140
6086
6979
1590
6192
7063
8946
1968
2577
1145
5372
4701
6829
3767
610
7255
7532
6440
9446
2134
2963
7730
7936
2814
5181
3416
5818
5527
266
235
8694
5006
6450
2696
6530
9628
106
9777
6671
6011
8204
4622
7311
9769
2870
755
5890
6594
7699
7393
9526
6895
3155
2536
1001
2287
3818
2159
5006
8027
6901
4583
1042
6924
6928
336
9777
3741
946
7593
8942
5268
3070
3727
8148
1059
7024
3343
9318
4700
6545
9587
7727
2743
1511
5206
8997
8229
3291
5974
192
9825
6647
8360
3797
5787
3652
8820
651
7136
8997
7872
293
4144
7564
9323
6320
5795
9286
7481
1893
3480
1452
835
483
8409
3201
4637
8172
550
6183
3306
2577
1436
2427
3067
8266
1431
6456
8572
2768
4294
2212
3718
8907
9804
6805
7839
2289
5331
5287
5128
7778
2463
5539
5927
7775
7302
2891
4653
7330
2705
8292
3974
1836
5186
514
3319
5158
9707
7798
5824
9190
4780
5215
3738
9170
7760
9160
6119
5693
8411
7318
7531
8235
7356
1068
6026
3003
3199
4664
4858
7276
75
6443
8088
5887
9696
839
5586
8233
7864
2713
321
7446
2035
9907
6403
9966
4831
3735
7984
3893
2639
3967
7404
3955
8136
3155
2101
4902
5875
4471
3956
7550
7404
6705
4525
9286
6128
1604
7380
9518
3494
4871
8227
1009
8512
4863
7573
8267
4557
4145
9675
53
6901
6000
6344
2778
5251
6182
6673
1712
5330
1914
4218
2491
154
568
8555
2361
8070
4845
983
5984
4251
9322
7890
773
8350
4789
5812
8173
8562
154
2270
8392
7159
8858
9173
6303
310
355
7950
507
5914
8057
684
1657
9406
7588
8771
7418
9164
1699
9385
1942
5484
2443
1020
7795
4760
9559
7362
2539
8676
5429
9957
1034
7508
8821
7748
9552
7488
636
1424
6324
8076
7549
2388
8411
5211
7072
8983
6875
5298
8042
3288
5422
3530
8114
818
4126
1660
6966
2323
5860
6577
6587
7285
5120
6969
9405
4058
2810
8721
7898
5849
5397
4794
1147
8650
9083
1708
1914
7011
192
8431
8197
2134
2786
6726
8210
667
382
3585
4999
8013
7334
4648
8728
8575
4928
4420
1490
3622
8939
768
1089
406
8963
2336
8708
4246
6375
6047
7531
4633
274
9542
8204
7941
3172
4645
2946
5085
4416
4289
3047
5956
615
3501
6277
2589
6923
8384
1619
8154
8382
4269
8612
9309
8756
7025
2625
1938
6908
3622
468
2043
850
6666
1692
246
6282
7103
1471
1169
358
3237
7163
8215
8874
4424
7646
5075
8542
8587
8446
7057
5691
1617
5994
9848
7253
5879
1361
2303
7555
3295
6768
859
6477
9515
5062
2770
6144
4311
1948
2328
5624
4399
8810
4377
1437
5425
9856
8613
3499
1408
7224
2681
2113
4797
2798
4705
9911
8238
2031
9431
6994
8944
7957
4680
4715
893
8286
5531
3427
7309
886
4667
3610
4134
8832
7731
1693
8686
8974
1413
5521
9641
5227
4172
2244
2370
8216
7079
8401
3020
1928
9481
7712
1556
8251
6602
3356
6476
3807
6719
8293
7602
3665
3730
4424
4301
8629
1030
4783
7327
2146
9667
7731
7068
5494
3328
9816
4278
2913
8166
3706
9293
8584
9362
9984
5583
2737
9785
3608
7670
2746
6091
3643
5069
5462
4793
3192
9662
202
5302
9666
4695
6576
2638
460
6275
4723
7995
1951
9160
9580
3404
3186
3701
5778
4892
5817
586
7674
823
4636
2095
4690
9278
3137
8346
3641
4242
4440
1895
3609
6738
883
1464
7042
2255
4884
3832
2692
2330
2393
2385
503
2146
7300
946
4115
6338
8983
3960
1434
830
1630
6485
9943
276
9769
5801
5428
202
3391
588
8979
635
219
1650
2346
9004
9908
3097
3342
6968
6243
654
3373
6802
4665
4510
8417
4318
7276
4550
2328
1067
1657
9971
627
9945
6406
5297
9172
3209
7574
7665
3808
7472
9690
199
393
969
6043
9425
7662
3764
6090
2181
3104
5076
2540
361
9075
2504
7360
854
3906
3597
431
1596
5143
5275
2825
3727
7088
3962
1430
2929
1321
864
5855
4532
6904
5886
1803
4207
9364
6834
3960
4743
264
9641
157
1552
5093
7659
7116
5384
3021
5499
1637
62
7811
7693
4546
3988
5633
1555
5854
7513
323
5547
7990
6698
1173
1145
2377
5361
548
4203
4780
973
9586
832
2510
342
2188
5354
2781
9582
2932
3367
6317
5176
7463
4877
8665
3419
7756
7793
9702
319
1075
9938
552
337
9942
9780
1500
2162
7055
1747
6409
8524
1318
8772
9117
6605
3118
5133
6829
602
7772
7853
5270
8976
556
3634
1423
9319
9568
3599
3947
9927
6863
1105
8404
9482
8893
3423
7281
8710
239
5525
2213
2267
9808
2699
5475
854
3857
2988
5762
2774
5451
8507
921
8873
9396
3281
592
3407
431
7924
8797
1807
1508
6877
4346
3485
2565
5095
1527
9506
7559
1549
3516
3621
145
4840
4077
2845
8847
7097
5410
5803
1298
2188
6394
994
1174
6822
3370
9115
1025
3929
1017
4365
2173
8168
4996
8579
8448
7391
527
8307
1282
5096
2476
8377
8819
5929
1105
5505
8717
4573
5686
1143
4487
4531
997
3693
7509
9251
6369
5464
4658
261
9861
7980
2295
7020
2781
9069
4393
4135
7490
8923
3302
750
9562
9741
5219
243
8788
5673
3720
1918
3205
7631
4780
7768
9762
9579
7030
9316
5009
4659
3876
7609
508
7273
6076
6726
7255
6083
2144
4983
4132
3840
7769
4246
8224
515
8741
9847
8995
2034
2096
4967
4665
4408
4734
934
389
3493
3766
4502
4178
9856
6942
3760
1408
7715
2240
9913
4233
3551
4315
9051
4676
4225
10000
6625
330
2228
3962
740
4754
378
8710
2091
8843
2350
2685
836
8561
5796
6905
699
4740
920
7315
6699
6182
4695
4077
5259
109
6272
4162
3303
8368
868
3914
3079
6087
2993
1265
2566
6968
3885
1960
7940
225
2209
3369
966
5857
321
5860
4919
2551
635
6574
3393
7915
3621
2225
4964
3051
679
7817
6755
7582
2277
3277
2156
5536
9380
9
2992
7129
7211
3381
5964
7492
5049
9608
8516
6639
6425
1505
5749
7365
9428
1041
2257
823
1717
6014
6117
1433
1717
2222
5194
535
3944
6321
5174
4875
4735
1278
6511
6789
2697
5679
5136
8337
5730
6073
2037
3691
1473
627
3447
9323
2311
3533
7944
2922
7211
4614
167
2601
2420
5485
2613
1461
8175
9613
3030
4754
7090
2986
3504
3702
328
6784
3220
1650
2958
5899
9058
7557
6483
2294
1143
9594
9919
970
9957
7610
3442
2787
5951
4407
7435
9759
616
1730
2799
9826
8695
6068
8549
9689
294
3216
2471
231
3209
3763
2929
7380
2488
5445
557
9069
1414
5280
9527
9501
7021
9486
6251
4178
2910
2639
2123
715
7188
3547
3895
7278
9881
118
6014
5525
9181
3217
1589
9705
2728
3556
5019
4286
7754
5231
5062
185
2771
2903
3900
917
136
8692
4657
1922
7965
2518
363
2979
101
2953
6863
2299
2721
2773
6382
9086
4052
5970
2273
1237
8446
9387
6507
8537
614
1393
9737
7316
435
9777
132
7991
1940
3384
5719
573
7532
4082
5888
2299
7495
2202
7690
4823
1266
9658
7482
5565
2977
1546
1620
5162
7777
2530
855
2555
2872
9628
9041
1938
3859
4772
9960
8258
2948
3521
2801
6307
6910
5781
78
5961
5883
325
652
3558
233
270
1827
6484
6164
4640
2161
4991
3035
1183
3959
6750
7357
382
8929
4982
2634
9151
6325
3248
9136
3849
7
1092
6182
9102
4090
227
5375
7639
6037
4412
8625
2579
9582
5446
5429
9034
3394
6543
9521
6286
7878
6741
1601
624
6243
2114
6071
8184
3032
4667
8446
2433
3742
8794
6760
7645
2403
3527
1577
3291
6225
1339
345
5145
7503
8906
9404
1768
3780
7224
308
7771
1677
7199
5633
4123
4229
5861
7632
1812
9529
4897
9155
9852
2365
2898
1601
8718
1013
5033
4889
9517
4470
3208
6500
5565
8034
8981
421
1284
1373
219
6165
3123
5237
9178
7836
2472
1754
7543
8782
7705
6024
4737
7131
1836
2007
6683
7926
7601
8336
901
87
1934
6324
4120
511
5957
9417
9049
5270
1179
6628
9367
7992
7733
3968
838
3654
2201
3874
1659
5156
9001
1295
9831
9176
4749
6909
164
8102
8426
5570
7021
9162
292
2732
4047
1627
5320
5075
3913
323
7185
5557
3648
4689
4856
2635
7064
8685
4217
6155
338
7201
9505
4158
4948
7990
5211
8180
832
8889
6940
9244
1356
7756
9013
2408
4093
5293
2163
1217
3760
3746
5663
7877
7722
7070
4569
8094
2220
5534
7347
7280
9483
4698
7899
9821
1347
4587
4810
5170
643
8646
4910
5347
4382
3188
7507
538
7852
5419
6916
6808
7763
6410
2693
9821
2397
8033
4964
4052
5221
2982
3850
1793
2762
3043
2100
8364
5523
1246
3865
1367
8514
1849
1074
9770
7351
8630
6513
8053
5105
412
7879
6601
9481
1604
4885
864
6087
4780
736
8280
9460
3670
4030
4388
3886
9760
9200
9975
3957
5298
1383
4329
5804
2219
5514
6647
1226
1101
6433
1875
8662
6897
7873
8206
5691
4876
1512
4242
1339
2954
2673
4625
7772
8303
7221
145
9849
5615
9060
9696
7036
8646
7639
8074
2901
3048
2840
447
5987
7197
2994
2522
4267
9474
7490
9771
4505
9793
2701
4590
1824
7048
7480
8024
6770
1699
4735
9895
4204
2794
4080
6073
4767
8467
1435
4916
2980
9176
3344
3279
9346
7116
3400
2286
6262
6189
540
6987
462
3203
1318
2453
7796
2257
1385
7687
1133
4637
3774
9792
2927
728
4022
8645
9381
3319
8282
4297
701
1939
542
300
3192
5757
8230
6577
9002
6455
9445
6828
240
4676
1841
8152
5386
7913
59
7615
5654
4541
5166
9011
5536
7984
6348
1810
6083
3631
6432
2456
8064
2477
9595
8063
2910
780
1852
1415
1442
6068
3106
1989
608
8905
3809
6477
8143
9538
7569
8817
4644
6385
2112
4615
358
651
8249
5681
4088
5979
7313
3842
3961
475
378
9729
401
3747
2258
3468
6860
204
6148
2728
5013
2394
9639
7351
5898
82
3433
8770
6571
5612
563
7584
238
1224
9052
9356
6479
8880
3396
9000
248
9550
8760
2142
1814
907
2200
5903
8593
5195
8680
9005
3656
9415
9356
3921
6851
7165
1553
5123
7052
806
8096
9281
3538
745
4668
6401
5085
7160
7289
5473
9022
2301
1186
9266
2157
6548
7598
1605
5261
9909
8219
6056
5622
7111
4845
6453
6666
111
3335
1584
8241
2953
2574
6237
1180
3106
5818
654
3187
7731
5469
6540
457
2667
3541
5974
3602
627
5712
9631
5842
6987
5512
262
8941
5102
5348
1741
212
6931
522
837
4759
2544
7500
3955
3979
4245
3124
4993
7403
724
560
634
344
6970
8540
2137
2748
333
8791
153
7499
1897
2963
2767
2710
2700
2878
5079
9062
3134
3159
463
5532
431
2231
4877
9447
4786
1635
3539
9300
8578
872
8266
8655
5462
4783
6654
1315
4411
4500
6923
9691
9645
3037
1122
1065
7217
3503
4777
1907
6898
4088
5407
6371
9088
5429
7082
3448
2433
1943
8622
3989
8379
4657
9825
2910
3379
6676
8583
7377
8790
608
4879
5733
983
8482
7310
3801
5540
4258
8372
5097
7575
7690
6932
135
1922
5696
983
3882
9862
9168
4525
7055
6533
1406
3635
6344
9846
4999
4125
7256
918
3907
4459
1131
2990
928
8977
4441
7597
7
3855
3210
474
4583
4564
2801
2542
608
7258
407
2655
2223
207
7810
3172
5190
1311
1128
630
2924
8054
1228
9290
9864
8112
5575
131
480
653
4276
2618
6933
3119
7698
6815
5501
5774
1374
1230
3239
7422
9818
7810
1574
3848
3718
683
2165
8985
8394
2981
3724
9678
7588
3294
7942
1561
9409
6041
315
6736
559
5265
3165
7663
8770
1696
9882
8933
3504
7708
845
6512
558
4851
8288
2778
6917
5724
313
622
5096
5198
2332
7888
6418
1240
95
2938
4639
909
683
3014
4298
7037
572
7685
2970
1151
5214
4802
3170
3505
8365
9022
6516
9304
938
817
6020
7379
9836
1780
4321
9174
4858
4876
797
6233
7059
9539
9056
1775
7122
1680
3503
1573
654
5062
2316
4323
422
8696
2282
4201
3058
8938
8735
6799
7288
9356
9734
3614
8928
2285
8950
9895
7098
6278
1219
6222
5019
5876
3390
1348
3850
5857
5637
1658
4271
676
8800
9378
7729
4980
4905
6667
5894
1239
7757
1102
8857
1809
858
9397
6635
8180
1673
5500
5863
4442
623
6254
3125
1159
509
6922
5794
754
5732
1663
6059
5599
7803
1406
325
7862
5484
674
6184
6749
2876
9556
2741
7178
2939
833
3311
502
7965
2595
4329
8026
8640
1717
1740
8733
7388
3261
4053
2379
5671
6538
3519
6314
2164
8952
5762
6717
6259
5218
2842
7692
7519
6315
8069
313
2539
6640
354
9041
1237
6549
4714
3884
8389
8194
6888
781
1470
2885
2906
5091
2646
2525
7136
6710
5763
3603
5267
9554
3020
8419
885
7762
7798
3416
1018
9077
7981
5965
6652
9275
5639
10000
9484
6640
5931
7359
4969
3527
6597
5831
7042
3517
6436
1736
3508
9175
7382
2108
9007
993
7160
5222
3654
6666
1367
8639
7354
4134
5083
7846
3305
5881
6978
6595
562
5551
3788
6030
4955
7739
5119
3858
5170
5286
9321
2041
8309
4255
5301
2474
5377
8358
6382
2324
6042
6401
8057
8219
5426
6569
2763
9881
4456
5425
6724
7818
3794
3360
4627
9682
7707
7914
1778
2989
5835
9892
5271
6977
3215
9659
9890
8082
9959
1760
9181
2726
2342
7961
267
3530
940
8572
9598
4560
9917
520
4694
1692
2220
7032
4222
3475
6362
221
7537
6391
4625
8702
8377
7025
3861
4390
6389
8992
947
2279
4806
9619
9278
2625
6095
5059
2318
2630
4034
9521
5041
2058
5530
1138
4176
5466
5822
8262
3653
1812
6676
43
333
7427
7071
4700
8636
3490
5196
4272
124
4887
6771
303
5112
3325
1022
6831
4169
2892
1384
9228
7535
5610
4249
5904
5110
1969
9735
8536
5927
3928
901
9833
9999
5401
1902
5390
393
7660
5121
8977
9777
2151
740
1866
403
113
4939
4554
6086
8488
3842
2631
5517
8490
2055
7543
801
130
9981
2833
7854
327
175
5538
2745
5571
5347
6500
1289
9279
3577
1158
8170
2084
1576
6113
1465
9908
8741
7907
5130
2858
5195
1493
8274
8551
5699
1613
7300
6845
8283
8088
4882
1070
1485
2465
199
5033
3837
5021
4887
1040
6063
3580
1664
2548
6653
3095
1015
5605
7784
7478
8788
7818
4317
4846
3776
7382
3774
3474
4822
7547
2014
1956
584
3923
6921
6992
9385
5849
8293
6195
8654
6310
178
6110
7535
9968
7394
8957
5505
7661
9512
9766
4105
937
486
2746
5490
262
2711
21
7647
4297
5033
782
8161
1238
9820
1335
950
7976
6611
509
9590
2503
7285
5440
7257
9593
3897
8111
8348
2120
3359
7000
3886
1916
7058
1404
8305
1660
9354
1736
1965
2938
9674
75
7485
8822
1047
1577
8451
1031
6982
2661
8367
6601
8169
7448
6099
341
2979
6111
5693
7314
8072
5350
5641
5821
1533
9937
942
8783
8311
1340
9294
1366
7750
2751
5448
3138
2743
1867
4759
7273
3350
7571
5896
4841
3738
23
8099
5347
5224
2242
9037
8024
9172
2819
9368
5630
491
2999
1111
4125
6378
3733
3335
7460
9480
870
572
7970
7962
100
7289
4811
5526
3556
6841
2101
882
6721
2818
4339
8942
176
161
553
12
6717
735
3701
6450
1574
4950
3151
7002
7894
9079
7756
6015
7898
6449
9545
5343
4112
8215
3765
6042
7011
6709
2324
6551
6146
3954
3777
727
1668
991
3773
5085
5176
7521
6438
3610
1555
2681
7503
4782
2930
5125
6268
922
3755
6143
6824
7915
7713
8729
6542
9248
7483
4939
3476
5108
8029
5497
3560
3814
9197
4373
771
3659
9927
6480
3982
9506
8383
8023
6308
4803
5984
1781
3900
53
1744
5259
4251
9234
428
5434
3581
6851
4483
3844
8843
1125
2300
683
4261
5485
161
8288
2011
3745
5996
388
494
5208
2235
4708
4526
4291
7381
2322
3935
435
6233
7797
8091
7546
1655
4263
5225
7143
9059
9868
7648
2228
619
5524
7846
2774
3528
7385
2821
3742
7120
94
5454
2967
1058
9778
6671
1267
5988
6007
2288
162
7737
1095
7143
1233
2501
5540
7569
7367
1035
3985
8461
5444
6
1260
8970
8371
1250
5903
8151
1212
412
6751
100
6436
4131
831
2930
33
5048
7304
7601
283
4830
6691
1990
797
1268
5398
473
7749
6354
5714
8872
6186
8112
3661
9088
9405
5722
20
7497
945
5447
6744
9125
8797
660
4811
9304
514
4234
3917
7569
1198
6201
7844
6438
5205
2892
8000
239
7676
8258
4946
66
8741
6310
5865
3025
8780
4958
6502
253
7943
3798
6021
459
328
7372
3949
342
6442
7360
3852
3135
1714
7508
6304
4480
6875
8439
9279
8835
9016
7783
309
9813
166
4469
6002
4325
7064
6326
1875
9794
1469
376
4529
5833
6797
2737
9345
1354
9142
6677
9526
8779
348
9037
2010
2088
9599
9507
1693
2418
4623
1265
8381
175
4701
8952
3277
1126
6385
3958
8816
5180
7777
6184
1535
8816
948
5845
1222
5141
5694
3340
1937
9997
6420
5507
7577
7047
1968
3503
321
7468
4113
5681
6869
9044
299
1241
7011
6761
2154
5322
4999
192
6272
1166
5285
683
5521
1368
5726
1374
5112
8861
3432
3076
2963
9822
4466
8422
3185
4012
5484
8745
2004
9948
7452
9088
8974
571
671
5003
5027
2054
986
19
7566
8857
3388
3910
1828
9745
5568
907
327
9067
4073
1000
4474
2035
957
9281
5045
7008
3798
5746
5241
5738
498
5913
4885
7944
1282
3655
6323
4285
9144
9802
8973
1003
4272
3235
2384
8688
5138
6763
1320
9630
8812
7646
2375
1943
8787
3894
9035
8558
3374
3191
2850
2819
6043
8070
9071
1341
1202
7912
2251
3615
7746
9919
3266
5755
4921
4379
9569
7475
1137
2578
772
7604
7316
6549
9195
1310
1761
9010
362
2033
8035
6989
835
8748
2305
3766
8732
1001
5866
6647
5167
9056
6320
1080
2817
2771
2480
651
2917
5766
2799
7144
705
6766
3312
3702
6247
106
3970
515
4176
1534
571
206
1961
6515
8624
7216
1441
2608
6670
3323
641
7591
6970
7136
557
9945
2499
6964
1264
4960
2625
1472
7935
3181
5446
5627
9274
32
6528
2642
4697
8022
5953
4532
4895
9220
2697
1505
7749
5505
6052
3207
9038
4438
8114
8924
2969
1635
6971
4406
3656
7950
5717
9093
4295
7036
8436
6463
4546
2127
4454
9756
6072
305
5550
6164
2435
5221
8316
588
7756
5168
461
95
43
8842
140
7608
514
1406
8720
2910
205
5449
5389
1383
499
7741
4287
3625
296
7514
187
9672
1009
6320
834
9042
3237
2396
4110
1542
8837
6252
791
2824
5757
7248
7725
8439
9832
1120
5333
7579
6164
8335
9260
727
4075
8324
3370
8666
3885
6398
5259
4564
5745
125
8477
4902
8372
851
7309
8898
9210
6192
6670
6418
9662
5361
4701
4100
9387
9651
5114
5080
8180
8689
6490
7182
2540
2242
642
7464
1776
9583
7127
3413
8287
6105
9186
909
7494
3980
667
8343
7129
2118
388
3811
9241
3891
410
606
1262
1194
8294
3845
4817
2956
53
5606
711
697
8600
7213
7703
5303
1443
77
4622
2104
9632
2049
9626
3801
8170
5126
1880
8530
255
4761
3111
5394
9968
4444
6512
7421
342
6958
9982
507
6571
3187
8692
1627
1436
8337
5609
228
5983
4440
4251
9783
161
4608
7215
1306
4416
1273
7413
9606
8710
4849
8575
7176
2491
1571
1442
2395
789
6297
214
6027
3064
8631
5294
3538
3320
9402
5132
2784
7204
3998
6922
9792
7180
2597
2608
7907
2134
1205
5626
7329
9106
7328
164
6092
1050
8186
8842
7711
9417
6630
8862
1145
5918
1033
1150
2944
6190
8269
9393
3372
8444
6705
8615
9854
1999
8859
7346
5736
7009
2354
4355
8764
6149
1715
7063
5589
7826
5854
3116
7650
5518
6934
6703
4649
4055
2975
916
5539
1676
4157
50
5131
1612
838
61
2589
5855
3088
4162
6868
7187
2466
6725
9644
3929
7867
7633
7037
9142
3593
3419
99
5371
4336
2460
1061
5935
2437
2929
6324
9665
1644
9697
8892
6827
3809
8944
2228
3513
8840
861
7576
2984
2592
4534
3875
3191
105
3470
4195
6514
829
3936
5225
1890
8504
4863
8125
5572
5668
9590
3089
1714
9665
1187
5824
7513
2368
6761
4219
7211
1095
6094
3496
2017
7907
6046
8825
7944
3921
6005
1548
8500
5023
1122
4034
8066
7440
2332
1627
1221
9165
1908
4457
4749
9498
9701
2088
663
6022
8751
3373
8595
6769
4150
5114
4509
9609
6970
7110
6820
1647
9772
8899
8627
3434
5791
8988
8309
9968
4338
5632
7650
7530
5269
1631
4614
8027
1985
5293
7437
8171
1792
3198
8408
7719
9879
7114
1223
9328
1578
1521
4528
2517
9212
5012
2878
5946
9143
9560
2009
6327
281
2060
3395
5599
7342
1695
8770
8267
2274
9615
7558
9751
233
86
3121
453
6461
3679
6508
9210
2101
5433
6564
3746
2127
9796
5420
7215
9028
7500
2451
7884
115
8767
3471
6464
8560
8752
9913
4789
6548
3254
1264
5006
8080
4589
1143
9595
4714
265
7800
6111
274
1825
7112
9761
1111
1483
3903
1602
6585
6648
5886
3964
7473
6333
862
353
7771
5431
8396
1269
614
7671
446
5916
6619
3468
7394
1712
7192
6627
4962
230
7100
3451
8952
9796
7826
5729
1426
7769
8501
5918
8970
4049
2441
6466
152
2057
6648
247
762
2536
9420
7925
9941
6860
9891
8639
2237
1036
7727
6459
2009
9339
9381
1660
8390
8055
5204
3412
309
4441
2893
4553
7784
2380
3302
9889
9229
8584
2784
9175
913
2838
8956
8969
904
8665
5975
9241
3457
2159
2644
6544
7826
663
2482
945
5090
9931
4694
4009
2020
6633
1854
3853
3719
6251
1899
2547
2638
3004
6630
1512
5708
1613
7819
2370
1983
6072
5086
6091
9400
3488
225
8113
2032
6283
7422
9440
2950
3280
5255
2296
1938
9191
9454
3628
7592
2269
7068
9169
2236
8188
3211
8749
583
5209
324
3939
6334
3960
1243
871
8669
7722
2454
6277
8375
7602
3616
993
5349
5232
6189
5658
2791
1005
8460
7189
1917
252
4324
7472
2490
3214
3617
9214
3686
9155
7362
5611
9959
612
4320
6183
5275
9326
6759
9589
7217
2083
5298
9674
4046
6419
162
8309
3900
8066
4736
2090
9113
8993
7592
6373
4080
6662
5127
5425
8243
1205
6523
2231
7029
7425
3775
5099
933
3449
3733
4721
2454
361
4041
9768
632
4948
3505
4652
8503
223
3089
5366
1940
9079
9210
3121
7273
3326
6733
6925
6157
1141
7102
751
8393
4330
7245
302
8208
580
6716
6701
2283
7304
9323
8635
523
8206
6642
4124
169
29
160
2396
7474
9915
6127
2308
5781
3905
3914
5320
8940
962
4011
9873
4123
4551
5104
7489
8940
7554
5472
549
4560
4531
4281
1378
2416
5032
8509
5526
4940
5983
2793
5095
2297
4566
5349
4201
1788
6542
8248
1273
8727
7274
155
5847
2531
1848
6504
4652
6670
9930
9904
8059
6286
9132
6554
2262
4714
1314
296
2533
2722
2750
3542
3436
1539
5883
393
7036
2479
2180
122
4396
6284
5344
8884
8777
7950
2464
3442
5317
2548
2027
3084
872
9953
1074
9443
6654
7925
9914
6245
3390
8604
6517
2645
5137
7527
6310
7809
7401
132
8772
7857
5255
4465
1547
1954
2152
7066
1614
1996
5360
6169
4564
8369
4865
1608
5501
9854
6166
4265
3452
2087
3434
1934
8881
8926
8125
2498
1779
5753
9419
4956
6603
6793
8630
2372
1555
8701
2254
1701
6312
1770
4322
7212
1196
3842
2444
5949
9878
7398
6214
2482
7993
6395
4980
178
3716
3127
4323
8780
6881
2131
4911
9497
6836
4561
3173
825
5626
4460
3458
1600
5032
6448
3587
3193
3693
7623
7631
4964
9398
2673
5030
9220
3625
7399
1443
2470
2484
1955
9262
7090
2484
5088
3540
6670
1129
2178
949
5054
3140
1258
4463
956
5760
3786
6537
3202
7725
9209
8307
1517
908
2218
2424
7230
5684
6837
8877
4719
5925
4786
2307
6648
9791
3733
4469
376
9632
3018
1066
9016
9962
8046
8303
504
9927
7779
6402
4449
4274
145
3947
3061
1492
9373
6021
1001
3015
3256
4785
9025
6959
7114
8730
7442
1648
6400
118
4088
2630
8982
8384
2423
6543
7281
1631
6953
8206
379
1928
7469
7667
5506
9779
4703
6962
7566
1771
6582
3989
3861
5501
423
4557
1676
2630
5326
8123
2491
6616
2758
4153
417
5313
1883
3869
3224
3907
1977
7425
9921
8071
2535
2838
4548
3301
4775
6686
5921
3714
6781
1386
4379
786
8902
4611
1906
6358
4836
2769
35
3521
173
871
790
9556
4941
3503
537
2315
7959
9116
6961
9386
6809
7259
9189
1683
42
148
7831
6883
462
9028
1677
6712
191
6723
4711
1725
2535
5249
5467
9377
8728
6873
22
7254
2167
1599
7476
9391
8115
9132
2738
1730
6465
6708
114
7423
9491
3105
1695
4909
2078
3902
2766
2335
6660
5739
3342
6395
5975
2166
1484
5555
9644
6243
1026
9122
365
1440
6687
8806
3016
907
6573
1499
8489
8279
9115
4829
2930
8461
1541
4792
9946
9355
1266
7778
7300
152
6905
9917
7988
2336
8013
9785
8489
1022
56
4081
6914
2423
5749
3804
1774
2066
5577
5423
2573
245
4212
5667
6144
6078
3920
5880
4495
8854
5222
857
9387
859
6343
5417
7393
7230
7636
4196
1360
48
4257
7273
4498
3644
715
2286
782
1297
976
2416
4904
1649
3968
1390
885
818
8783
4476
5899
9092
5268
4075
7659
2249
8438
5930
8902
3873
3056
9394
2637
8275
6178
4316
4666
4959
2113
6912
5819
5653
4535
905
3750
2060
2222
1591
7724
7725
5958
2573
2320
7712
547
3539
966
1393
6029
448
8703
8282
2116
3512
5417
8916
7632
5121
6691
4128
7373
8492
1339
8711
7139
978
4277
7130
2022
8992
7158
3860
4931
4703
6305
7640
494
7117
7821
9190
6965
5132
544
8008
1554
2755
3352
6191
1060
1608
8107
5111
9429
6277
603
2196
1748
8257
5129
4716
2714
9351
7721
7594
3716
3174
2542
2188
3065
2813
5981
8310
4528
5058
8437
5455
346
4876
4377
9622
6018
8210
6515
8860
5721
843
9975
5930
2258
51
86
573
1518
7996
9107
4771
9760
4503
5459
997
3366
9817
1097
1696
7100
3719
4608
5857
4945
7963
5731
5129
188
6631
299
1710
2101
9703
3392
317
5296
6669
7155
5273
3700
563
7822
7482
2785
93
5195
5477
5555
386
2648
2389
6867
941
327
1835
4514
3739
3654
134
3189
1399
2395
4207
9833
2139
7862
2086
392
2771
8870
2992
6156
2089
7380
7542
5723
2994
264
3451
8291
7588
4270
9929
7372
5112
8572
3134
6121
4518
4372
8558
7202
2691
4457
8867
3591
3037
1087
7061
4119
5060
8723
9101
9208
8310
4658
2658
2436
7887
5592
124
8615
4005
8110
3213
3264
8241
5030
5921
8066
5479
4248
6688
8034
5374
8966
1875
5066
5058
5570
2414
6147
4892
7343
3734
5660
6970
5772
5230
5574
5134
9409
3731
2781
8215
2065
3423
3135
3856
584
6086
7326
3149
5466
9918
7464
6561
7150
6237
6899
9725
3825
2349
4086
1656
715
5273
112
7174
6468
9691
1678
1969
4753
7373
6970
5090
234
3571
5427
2333
4090
2100
5868
8416
9078
4052
6670
2354
6877
8398
9007
3189
6054
5341
1234
6299
2101
5006
7938
2936
2317
6692
3983
3087
5082
9703
9097
3765
9614
7707
7979
1522
8718
6441
8348
4692
7329
4061
1747
4401
3573
5538
202
1892
6235
5122
6281
4308
6544
5785
5968
9524
5751
8811
8153
3047
3521
4469
2921
9873
7018
3345
6223
832
6086
6462
8469
7812
5008
1643
4311
5553
448
6009
7575
3351
2310
6693
1840
4606
1581
9163
8853
8326
2651
7277
5865
2317
3658
8648
526
2018
1574
1384
9193
4285
328
6493
6385
6133
8486
3181
1623
6180
9854
3125
6599
743
9616
2271
5962
6164
6246
9871
1957
6840
2802
6671
3514
1060
5415
7832
3651
349
7135
6205
3147
6664
3543
5464
3973
667
5240
2620
3097
420
5548
5752
9257
2541
3836
1657
2118
9249
3371
3210
5674
3344
3703
9415
7546
9939
5037
8041
1174
7895
3289
6074
6817
5645
5984
4448
2473
7991
2562
7736
892
6138
788
5267
9630
2146
8464
1595
7321
9144
7263
9070
5827
2837
8638
9785
5738
5072
6401
6538
2784
8653
1891
5927
4723
9066
9782
4597
4089
2090
7114
2530
5776
7542
9329
406
4292
7400
4785
3268
1164
842
9967
6062
2152
601
6895
8741
1694
2434
3729
1901
2448
4120
3354
9973
6702
7428
8021
263
2266
9026
7339
7650
8414
5044
4075
1537
6690
6657
6610
5869
9501
817
1782
6135
254
1399
5987
3556
6813
8660
7978
1126
5931
6648
4929
5968
2040
7084
9178
8522
8542
7730
5726
3365
3373
2285
4942
4359
4769
8049
3499
8756
3140
6613
9210
9413
6998
2543
7578
2926
5116
1607
4159
8810
9911
2438
610
5718
2954
598
4071
1975
6560
3744
7381
3560
9654
7850
5972
8486
7798
7151
6802
343
860
9036
6516
6998
2075
3944
3425
600
4050
1587
7836
9673
3256
9100
244
7633
9698
2138
9931
8460
5031
822
8811
2206
8792
3865
9929
2646
1867
8183
4772
1474
2551
3926
944
2405
8687
2091
5712
2242
6475
9841
3108
1089
6028
8358
716
1068
2453
3653
2804
3042
8933
3909
9920
8210
6184
3696
5931
1846
6910
1501
836
9804
210
9201
4968
8916
2598
6594
3114
7554
5304
2675
8698
9107
5404
3644
6274
6418
4789
9102
9002
2554
2691
5440
7734
2040
8741
9332
4827
7664
1094
7929
325
5684
7784
9894
6086
6616
2538
7693
3916
8735
7629
6001
4342
5185
4050
9970
7316
9302
2849
4681
5968
2928
1700
805
967
8537
3331
8541
3865
7207
1538
4311
690
8631
2864
5376
1027
1537
1759
1022
1845
8122
1772
1611
230
1057
6220
6816
4381
8245
3303
4644
7444
6319
812
3544
7251
8369
2246
8998
889
6858
8570
3609
2518
2865
4303
5983
5145
9621
5210
2149
6110
326
5953
4791
1819
808
1975
9931
2244
6345
9945
2707
5666
8859
9162
9461
6055
2904
8206
7324
6466
752
563
622
5328
9565
5373
229
8929
5416
6446
6197
9136
1846
377
936
9915
2737
3280
32
7918
7857
9802
7215
130
6135
9062
7991
4238
9204
8907
35
9056
9058
1199
2530
7272
1949
5147
8550
8087
9835
7946
4839
7827
5072
2198
9632
162
9467
4949
4325
564
6978
6845
1541
6427
1315
9088
6504
6793
5085
3701
444
6415
9511
3818
1018
1717
2498
3819
4417
9562
8768
8734
4777
7877
7319
7935
774
5413
473
2358
3883
1639
2236
8346
8105
1615
3539
3409
6589
9352
2221
275
3589
2789
5368
1586
3072
7792
8507
4698
2889
160
3234
7227
2710
2739
1264
9857
4474
6560
3986
2231
9531
2399
8351
3709
4726
5246
602
7868
8627
6040
9519
1651
8987
7019
5978
671
4556
6232
614
7477
9935
8833
2067
6242
4876
5222
2076
132
4104
93
8337
6737
237
4362
5728
3218
401
5269
1167
1210
5599
9253
7473
2969
371
7889
4794
5406
3820
4720
7630
3786
5316
8866
1481
7938
6781
5335
7359
1831
6553
3883
2767
2791
4417
8498
1026
3164
8455
2394
9884
9075
660
9711
6003
7549
7183
3779
9309
5843
4075
2446
609
6472
2098
2258
8958
1673
5301
3018
4664
9110
8220
7310
9791
6351
9608
2531
3515
1664
9466
6829
6090
652
5931
189
329
1552
6893
6918
2110
7368
1938
5025
6699
3559
8299
9694
5595
5192
3555
4057
2174
2341
3599
6307
4445
6138
8861
2146
3353
6366
7097
7588
4685
6940
9613
9816
2370
4814
84
8610
5207
4757
3969
6609
7478
4417
1512
7845
4854
533
5801
5652
1711
8188
7335
3350
5475
5599
5250
155
8580
5717
205
1464
1606
2859
843
7557
3030
9176
1453
5234
5345
6930
6849
2644
8220
5145
3638
3206
6947
6539
939
2131
9447
1093
8430
515
5966
4266
9780
2593
4371
1752
8460
5481
9660
4457
8731
7760
1930
9759
3638
7079
5097
6393
1027
3945
8039
4790
8549
1494
7655
529
2775
1225
2281
3160
3206
6135
9496
4845
2520
1923
5193
4939
4876
7262
2828
4035
5719
6289
2027
6998
441
8953
52
1382
4843
4706
6222
6304
6240
5087
3748
1346
1487
2358
7925
335
5269
3270
2595
8580
1840
4800
6729
6802
4878
9155
2000
9844
2129
6612
2223
6010
8627
4619
2005
7983
2871
6318
486
246
8037
2330
6506
1917
6580
1577
5204
6967
4624
9222
234
3046
9273
1675
1843
3002
2857
6321
2782
5437
9070
9512
8436
8500
2487
7662
185
8129
9277
9561
8756
1270
9872
9925
9883
225
9751
6958
7484
8656
1093
1447
5417
1784
3675
3645
4878
9763
3221
1511
932
2701
9157
1061
1608
8749
2560
7481
6940
8748
9691
9007
4518
1393
1468
3505
6815
9778
4707
8150
6965
8873
8424
7089
9933
9826
3437
3796
9840
8984
45
3556
1815
1008
7766
6321
5774
5859
7719
2938
5706
1792
2621
8744
4152
9456
9319
7478
6220
1243
7952
8653
6717
4058
7977
5240
7705
35
9946
8101
6784
2166
3576
4078
6359
6981
5143
2912
6991
5774
9488
3502
2962
5866
4282
3978
3596
2687
7145
5199
6213
3736
8280
806
8641
4749
189
4273
7857
1408
4851
2039
3387
4056
9647
5049
5198
4091
6328
9759
3384
5167
4564
2028
2744
6610
7952
6752
9716
1417
4495
5180
790
1915
5306
6954
8276
1336
5466
6739
8720
3416
1281
3459
794
3915
3108
7394
8393
1442
4517
3985
1555
8600
4111
6047
6890
6168
3113
2245
4009
2454
1367
9865
1998
152
9635
8622
9444
869
4842
3409
1723
8069
3421
7070
3153
2408
7915
9622
3985
8964
5530
9940
5854
8625
4515
9667
9071
4463
9151
995
7131
7375
565
2797
1887
7371
3994
4812
5597
6250
941
2849
5017
133
9465
8147
4178
271
5749
352
6000
4761
5294
8899
5569
6415
6539
5233
7986
2010
878
4361
523
2645
1242
7033
1220
444
9321
3674
7589
7804
4129
8111
8205
5737
2405
6124
1911
6795
2271
1411
3237
983
6210
731
9526
6496
6337
5196
9052
6573
1194
399
8600
593
7671
2204
9775
9365
8526
7985
7116
5828
7397
8958
9598
9197
6988
9153
5185
7489
5420
1992
1528
6533
9040
5359
2175
6690
2491
7510
8965
4783
3805
6497
4218
6422
1976
3448
1916
1930
6966
881
9839
2501
5954
3231
3794
2664
4933
5070
7022
7153
3762
1029
3300
8101
9122
5138
516
8909
2282
2475
5204
2933
3302
5239
2472
3999
1619
6116
9596
775
2675
9803
236
6923
2249
1717
6067
3883
6904
4760
5301
5811
9508
2814
4138
1466
6752
2864
1124
1078
9105
4211
8851
7663
7040
8996
9182
1819
2542
2145
6956
1277
7816
6081
3611
5479
9132
5539
4349
3207
6180
5990
1494
3127
5520
1680
2709
9824
9393
2387
4490
818
5624
38
4842
3067
8066
2509
5368
1087
1419
9615
3126
1894
8493
9718
1638
8273
5707
5696
5114
810
4149
6314
2239
7558
3873
9728
2628
5596
2573
384
4544
5640
353
2541
3677
3045
4427
4243
2578
7294
3283
9631
9131
9202
3086
793
7685
1658
8788
5437
5590
1858
1158
3267
6840
2887
9275
5663
9268
2515
4361
3155
467
3278
4053
6926
972
4134
4818
6945
7756
7529
1146
8408
661
5873
4490
2231
466
5248
3663
5849
6897
9501
5268
722
8019
5330
2395
8519
2386
9263
2497
6659
5163
383
7436
4012
5852
6103
4361
3340
6592
1709
5997
739
243
6016
3805
7584
1102
9668
4602
3003
196
5425
2631
7654
8067
8847
1846
4966
4118
8787
2365
9788
9539
8420
7381
9878
8183
3169
1858
5345
5205
9573
2059
2701
5274
5313
7289
3835
1204
8858
3744
278
2821
3610
5859
3586
2874
7012
7361
9063
114
5699
9016
3813
2021
2330
9262
2346
5853
2656
9298
6250
4507
5083
1116
3367
9285
803
3022
6937
3302
8089
647
1711
3218
1903
255
2384
7865
408
2080
1168
2260
7042
4571
9258
1971
4366
9762
5315
1203
6262
9405
423
7082
8729
6990
8446
4484
763
9352
1725
3073
1281
4479
5829
7978
4758
8138
6512
9760
420
5727
8195
960
1510
2056
9965
4777
1882
5280
934
9364
5523
1401
2908
6904
2662
44
419
839
3474
8052
2974
993
7411
5704
9329
6814
186
5745
7069
6625
7794
8996
2966
1688
6600
7006
1216
2685
4342
2563
5313
7729
8562
506
5496
4321
809
9257
5722
9180
2484
5304
8199
7871
3346
1275
6533
8789
9237
8888
9982
348
3776
871
9261
2914
5408
4431
4781
3165
4991
218
7168
2046
8136
5521
6935
9689
9888
6645
4095
9991
7989
7748
3521
8623
7822
7887
8788
3069
2949
193
5512
4554
4280
9801
1406
4437
2331
6998
5660
7431
643
5558
4242
1857
8788
4133
276
5417
545
3253
2312
9938
8092
9467
3572
8141
4167
4619
467
9991
5547
1742
8428
9288
2374
4359
4460
4876
1328
7457
1997
9524
8781
4632
1722
2501
6029
4543
2647
1452
4082
5541
9735
5726
2659
4965
1176
1589
6138
9219
4260
8140
7055
1898
4059
2210
3948
3643
832
7613
9370
9268
8936
6175
8059
915
5767
3896
8362
9695
2867
8136
6458
2692
6826
9680
1283
9750
877
7941
4071
5769
8041
2925
8746
1945
3198
6391
621
9551
6035
9756
9169
5133
7349
4593
8250
1884
2438
7820
7791
2250
5204
8786
5261
2420
9222
4181
7238
6692
2057
8652
7281
3276
3692
8215
7014
1584
7965
764
2813
8611
8850
4966
8005
1445
2380
8666
3983
4667
4109
9032
8788
1508
6413
9542
3540
599
9387
5800
1505
3339
28
9342
5831
2778
9631
9447
3908
6302
2247
5523
3900
8938
6136
5978
9223
1995
592
8791
7251
1429
2902
3615
5672
364
5795
2987
4136
1486
3497
4556
8518
9506
4781
7241
5138
7679
2424
4948
7314
6262
3229
2846
7571
7120
5517
333
8255
8645
6892
1878
7173
2708
7937
2289
1897
7722
4629
237
4317
7522
8918
2250
7120
4239
7846
9737
4561
7236
5747
4835
6458
5849
1738
6564
8842
6894
5428
8190
8873
881
9766
5362
9620
3385
5297
132
5988
7757
3004
7465
1158
857
8927
5461
7614
338
121
1666
6452
6216
9498
8378
72
4478
5362
1283
8316
9532
658
8167
7530
5469
4750
327
6072
9551
3431
3268
7480
9252
9565
6978
7041
1954
4054
4819
1469
1797
3834
2750
8270
8054
2069
152
1315
1117
6461
8760
4536
523
7163
7184
5601
6568
9755
355
4488
1348
8050
1926
6992
3916
6663
2115
3925
4538
3477
1226
1929
6949
2906
8326
8914
5345
5681
1421
3172
2700
6579
5710
9494
1657
9652
3794
3839
8174
1082
396
6721
6118
393
9828
8926
2512
9322
5310
3390
4039
3576
4510
6629
2147
5540
233
2675
9332
1835
4347
2424
9348
9515
4035
817
9757
9263
2263
2134
9770
5453
5311
8782
852
109
5165
3480
1579
611
9595
8160
9474
492
2986
9264
4119
2423
5898
5398
3313
1407
6308
6331
4443
6175
3352
3756
8095
417
5108
6461
9647
3128
5639
5238
1638
2519
2046
9793
8215
4906
5074
5175
1249
5160
4078
1960
5292
661
7758
41
6251
3023
933
7558
8680
1108
9848
1362
3283
8959
1662
4550
4176
4624
3954
9580
2098
2263
2848
174
3589
6850
7895
4474
5085
7065
2382
6101
575
6888
7464
8807
1231
9738
9615
4928
3173
5538
3561
9253
7889
53
4514
1810
3407
6760
888
4419
3348
107
2211
674
8328
3798
9453
1259
4391
9080
8386
6950
2636
3417
8622
5699
9325
2727
4325
5535
9972
5333
6959
8811
1585
6011
1309
4120
1809
6681
6373
5960
6493
6855
6514
6729
5076
3884
7345
1613
2669
9459
6380
9718
5492
361
6284
5959
8047
4476
35
5475
1718
2384
6004
5357
8282
8803
4585
2789
3403
1334
5420
2956
2440
5358
4216
5994
7313
2842
4993
8844
584
6792
1616
6682
6744
5882
8215
9007
9678
1199
6247
2954
7326
3548
8550
6289
3508
5140
2637
5961
5575
6011
3469
1834
754
9675
18
31
5783
9219
1399
6327
6774
7035
1744
4353
3250
1021
5031
2559
9250
8545
2303
4402
6486
2964
3446
8089
2274
749
4680
1840
2103
2040
5450
9462
7932
9621
2460
5067
6536
7092
9942
3238
9079
7259
5532
1228
123
5751
9783
4736
9822
2367
8623
9432
3201
1512
2485
2969
8589
1316
3609
9577
8252
8124
1021
2560
4447
475
3904
4849
8280
7897
4629
8482
4462
5526
8907
1284
1058
4369
7297
6595
4016
6558
6764
7706
5125
9463
2740
4169
5307
5324
5501
586
4878
8693
4086
2204
6929
166
9625
5963
2550
2539
2340
284
6640
9085
8036
5790
6504
2728
6820
5932
4340
6933
8700
5969
8645
4609
8691
6700
3012
7227
809
1474
1546
853
4478
6525
374
1794
8273
3835
2268
222
7760
4628
2205
9361
4871
8169
3202
9043
9475
9571
2334
5981
1531
8995
9628
9227
2607
9375
6546
9823
5592
3152
4739
795
5469
8560
4956
9509
3437
7174
9978
1209
1293
1163
7526
9605
4962
6624
9159
3633
3054
2796
2478
6133
2825
9647
5768
9429
8
3887
7009
5653
699
6981
52
8400
1782
9669
3579
1705
6522
6236
4972
5630
5480
4867
5227
1495
7584
2744
6914
7228
7889
9505
6260
5951
4170
9470
1735
5466
7552
294
1598
3170
7696
1447
7692
2700
4966
1052
9173
7517
1679
3092
4636
4133
450
9659
9371
1342
8379
696
96
7173
6591
5075
7730
3550
9793
447
3620
8019
4380
6318
7511
5401
983
6075
1136
9105
8736
4378
693
3689
8700
1217
2343
3851
5739
3809
9334
9828
672
139
2104
626
8368
5332
8847
4834
2784
5086
62
338
6843
4175
7605
7340
5956
7352
9210
4872
3239
9792
7118
7371
9556
4811
3912
2385
1243
2279
5197
2323
6878
121
2436
2067
2272
6668
8662
5510
2897
243
6170
515
1933
9445
4362
9745
3896
2435
7285
2604
4203
5435
5671
2034
354
1659
7573
3515
4061
829
5639
7859
5206
5754
977
1930
6956
6314
8069
6208
4889
5670
3574
3824
7493
8469
1990
1286
4265
213
8890
2100
4462
7918
9168
6715
6482
4524
32
6921
3475
6063
8808
931
5106
5143
8680
2645
4491
8022
1714
2662
3917
4219
5771
1332
7679
6635
7680
5302
1102
6533
8408
5239
6183
2424
5249
1338
211
9989
4072
5271
6620
5547
9719
9879
3482
6222
4617
863
8715
8888
6735
9386
856
972
6166
8999
3290
3434
7047
9168
3781
4022
3522
3294
8436
7707
6779
3223
2190
7811
3377
6160
5238
8596
419
6831
2579
3019
619
521
9339
7397
4968
5830
1041
2604
2691
7388
7726
7358
4519
8770
8104
4381
4896
8254
5244
7333
1551
1799
307
9814
656
2157
6701
7246
1458
2806
4687
15
6107
8717
9946
6570
500
6756
3145
7716
9137
4666
9996
318
9597
8237
2886
2300
6610
5982
8726
1466
2226
8118
5460
2043
5560
752
2610
5372
2423
3041
8120
1961
7642
5883
2261
4028
4047
5616
4089
4839
9820
1070
2082
9143
8520
9426
9636
1715
5754
7531
5320
2874
5964
8090
8309
1072
285
9307
6108
8573
3183
7737
1356
7839
5154
3416
9387
4627
2134
1177
4318
5199
9313
2943
3307
4135
7875
2252
9058
2678
1791
2979
4548
1878
4168
8427
6868
6441
4831
6547
8337
4079
896
1955
1753
4895
7677
397
3520
2817
1942
7249
2858
9031
3391
1596
6345
6890
2324
6415
7428
5320
9792
2471
247
8098
772
3000
2761
6643
9332
5647
5335
2651
1377
493
7999
9926
2722
905
5626
4464
401
6651
4805
3099
4803
7323
2810
8377
1814
4643
8834
1049
9143
