5140
5678
7293
5649
4642
7389
7535
667
7041
2120
2165
7493
9515
1499
741
6922
2835
521
2336
4337
4569
3497
4835
8280
6085
8798
1392
1355
492
9190
2024
3292
1304
5241
6243
3361
3266
5120
321
8701
7254
5764
6563
9111
8268
4479
9413
8385
6069
9518
6234
762
7082
6026
270
873
226
104
7791
9926
9455
599
2282
9232
4062
5521
9556
4602
9456
8534
4693
2842
9891
850
2054
3912
8162
3600
1713
7803
5782
8319
1055
5083
4213
3630
2726
2847
7341
265
2429
4616
4498
6426
4916
2123
6654
6398
3748
2738
106
8775
5538
2076
6491
2217
536
3857
3420
1620
9182
2476
6132
3506
7385
2953
8199
4183
3130
6466
5519
638
8760
1951
8086
1740
9997
6094
6919
1632
6407
8465
2894
1694
9311
8939
1382
9695
7561
3657
2179
595
9121
164
9501
3464
2012
3366
3341
545
4966
5156
3246
6522
2582
1027
6885
7076
8213
538
5927
5070
1244
8479
3945
4111
7856
7322
2369
6002
4244
1725
2614
1969
197
6573
7514
2695
1886
9996
6645
6071
4399
3088
5137
4069
6692
6283
9550
9109
4938
7090
8550
1721
7881
8419
1150
228
6884
8403
8954
8944
2535
8721
1945
7773
8362
1315
4085
904
2487
2596
8234
3427
7142
5573
5537
9420
8735
3505
2443
1377
2900
4811
1990
7358
4359
4305
3856
2740
4614
3064
963
7591
9953
2466
6460
9249
6879
9044
1177
3435
5428
5030
2286
8494
7291
6653
5438
7251
2531
4771
2057
365
8863
323
3556
5073
6555
7287
6031
3742
4095
8631
9163
3497
3847
3950
4908
5859
2081
2998
160
5652
6995
7575
6477
6598
2628
1474
3790
3488
8402
1447
317
3455
7609
1288
744
3459
121
7996
7697
7134
9772
6763
1356
4230
6661
5474
6244
3328
2334
9455
9765
6736
4544
9843
1599
9233
3780
1106
2238
6955
5891
8963
1861
920
3555
7549
4561
1395
3946
2355
6791
9775
5694
2601
6773
661
8909
8183
4215
8631
8404
2740
1343
1199
9320
3572
3136
5911
6751
6560
8871
6344
7941
6802
7865
6431
5124
6881
4351
9858
1619
2580
1026
3402
7810
5529
6830
5669
1968
9080
7119
8449
7026
2924
8422
5885
194
4703
8196
4749
9862
758
4070
2686
1592
2166
5052
9249
7997
9892
2901
6989
8392
2438
7881
7982
9143
7940
6992
5245
2489
7489
9820
6663
4014
4991
2339
4806
283
2464
9456
7069
52
6644
33
5273
7409
7699
5485
9154
8757
1801
279
5727
6806
6297
6674
8766
8140
4170
5853
4179
8671
9585
71
7823
6105
3908
2950
8262
132
863
8241
1258
2846
8947
5460
8581
5507
4261
1092
9509
4423
4250
464
7055
7941
3137
7335
5502
7664
6893
1273
886
8293
6051
8698
9928
3284
1939
1735
5255
471
2947
7959
6601
3052
7920
6019
3123
936
7505
713
1989
6883
1793
4267
8679
4039
867
4141
2095
9262
2858
6175
525
4797
397
9469
7523
9664
9357
679
5778
7291
2894
6494
6786
3599
2831
6384
2585
2382
5114
3134
1391
8945
6666
8871
6090
547
3893
8753
6603
9447
1099
3913
5036
6051
4987
151
7308
8179
1865
1761
1210
8957
8880
8504
2531
6789
433
8969
8406
4073
2011
5060
1517
5280
2963
2035
7336
8362
5351
6025
1496
8900
7987
6040
198
4919
3622
8763
2270
1739
7963
4988
5415
296
4038
6414
7452
7581
7961
209
440
4446
7390
5597
6172
9143
6007
9994
7704
5723
7870
7577
2945
8557
3643
7072
3680
3843
5633
2993
4640
2468
2828
5095
7853
3152
1077
8820
682
7310
1624
7542
8969
4860
1942
5820
5966
773
6677
9692
2506
7719
9620
3101
2782
4865
2667
5996
4242
4261
6162
7527
241
4393
7705
1466
9326
4060
1567
7311
4125
5920
9042
6926
2847
5390
210
3933
5448
6321
1902
6064
5073
7809
188
8311
2357
8449
7364
6262
8486
8079
9376
7841
352
5527
4234
6196
3105
4855
7870
8383
742
9759
7837
3795
4567
3589
3332
5453
8973
4623
1217
7934
7395
5359
5350
648
535
6338
8657
5564
855
656
9047
6475
441
9224
8356
7606
8934
9344
5000
1125
9437
3967
7920
5008
4023
5610
6285
7364
6794
5667
9902
9650
1503
7947
3216
5546
3587
7935
4857
1743
9573
868
9462
7241
4288
3551
57
782
8502
1336
6123
3669
841
2857
2710
1387
2870
8098
8476
7794
2162
4618
1542
533
9739
4542
6635
558
7248
8261
163
2241
4715
9539
8863
9464
9407
7076
2595
1458
3806
2645
828
2458
6191
4661
9843
856
2136
197
2606
4459
7734
1614
1231
8900
7260
5247
3412
739
9987
617
9622
4197
5656
4036
7734
3058
9510
5037
5250
9157
1845
2005
6162
9592
7324
989
2993
5704
1734
966
752
6607
1621
8665
1971
8376
2117
8606
3974
4041
1829
2747
6149
5935
2729
6091
5952
1337
1593
2042
4771
3016
1218
1824
229
9286
1737
9657
5997
5483
6985
6786
3248
1064
4949
8644
4665
7812
2678
7329
770
6263
6324
7014
4561
2384
6508
1536
9145
7652
5402
6865
9871
9120
1312
9823
1582
3117
7871
3196
4802
9039
9611
3948
8004
3547
720
4765
4655
1149
4700
9968
7081
4672
140
6937
6608
2667
7020
6312
3817
125
8349
2034
2451
542
6571
3570
526
3325
9437
1593
5421
2728
9135
8614
9063
135
4753
5833
362
1011
9341
9642
9907
1031
403
3370
1086
5442
8415
5944
4795
3797
1582
5255
9423
8100
2367
8598
7134
1914
7074
9637
6059
7453
6713
9924
8665
817
9968
3870
9956
8629
8065
1572
3104
4166
6993
6226
4955
2228
3439
6096
3696
6950
3143
3190
783
2230
5661
9775
4928
9438
2010
3029
6243
9290
8910
7946
2833
9139
5024
1546
5415
1498
3583
4121
362
924
9303
3979
5999
5766
5477
4482
7319
7506
310
7444
8010
3115
5359
3978
4422
3868
2098
8374
8168
8168
5381
5162
8163
2026
8026
6787
8019
6936
2024
4140
1090
8500
5330
6030
6839
3577
1189
6069
8856
8701
3130
5231
14
1374
6692
5078
4082
7036
9641
6085
7248
316
9735
9597
5755
1818
6881
236
46
4507
7779
1485
6628
4413
4094
9672
5065
3127
5837
5016
2589
8576
341
8182
2053
9419
8861
5510
1842
6766
3304
5397
2716
6068
9426
7994
3924
5195
729
3189
6667
3423
7733
7143
5655
650
2760
3523
2503
8220
9698
5344
3350
8936
2711
9700
7849
5713
4938
7406
6069
9675
2240
4472
5388
8408
8645
8800
6701
509
1546
7439
1962
7738
6576
8222
7716
8565
5480
2942
703
2396
5510
7922
5030
3720
7703
423
2592
7581
431
8684
5057
9721
2226
4423
2386
9296
4801
2577
8040
5667
815
2535
6656
1927
5461
8934
4621
4976
7672
873
8214
1799
1776
5546
2502
2171
2132
354
5371
1969
7939
419
1972
661
8386
6568
1072
3564
6724
1805
1520
6011
9448
525
2782
6550
8556
4482
3888
667
665
3609
333
8136
1691
9149
9569
2107
2437
5755
7347
945
7321
1207
2875
5879
223
7609
2860
2912
6704
512
5685
9592
2171
1732
9151
9705
9710
2138
2410
4623
9049
5545
4429
9694
6596
9687
3299
232
2926
4910
5933
3502
3934
7345
3971
5390
7048
201
1732
1463
4071
2353
746
8974
3000
6353
3350
6332
5159
3950
7473
371
9686
2293
5252
8859
1320
2641
7947
1679
3389
8229
7951
2486
4279
7528
2317
9947
8143
8636
4499
4641
3356
3195
6305
2021
271
1860
1868
8502
1366
5982
638
7862
1084
3653
6481
9140
2746
6422
452
7522
7228
9152
5807
8041
9731
3611
7601
9177
2248
3931
6650
4254
9381
715
4017
2972
7943
7415
7967
7074
3727
3424
3423
2891
6075
1121
8575
5504
4946
143
5084
2226
5576
3336
5380
5899
180
5910
3224
6789
7295
8088
9044
6308
2406
3639
4019
3640
139
7015
5278
7523
6239
203
681
9528
9108
4527
6116
6639
4367
1926
3871
9624
5144
8849
4405
4739
5216
6524
8671
2394
9339
1168
3121
1742
4886
3360
5843
8917
1889
6045
9046
7391
5470
8027
5777
148
2981
6103
7425
9449
1146
2746
7830
2980
6974
1255
5072
4855
8900
1075
3038
5848
1665
9365
9735
5178
1434
3765
5526
4733
924
1442
1389
1928
2266
5732
6286
3129
8362
1983
330
9259
4341
1116
2634
2584
9054
1933
4378
9418
9824
1204
1447
4326
5953
8976
2129
4982
1668
6306
1149
8099
1139
4151
4442
9455
2883
570
3498
1595
7459
8205
6879
2122
1131
993
901
4616
7804
7382
4249
958
6621
8148
5366
1667
1319
3639
6927
286
8613
1102
6132
1818
5120
8549
4935
5455
5864
7690
1248
2484
6329
2593
1739
5229
407
6443
4528
6360
8143
3399
4679
7661
6912
425
4019
2123
2895
9473
4821
9208
5374
3542
7723
7398
7880
9286
9542
7751
4465
3627
9684
6070
473
8306
9678
930
9715
3718
3837
1049
15
127
3638
500
9523
3871
6956
8623
8325
7431
3664
9146
7417
3646
2265
6385
1018
5250
9124
340
6393
4511
6637
569
5885
1054
6735
1773
3191
7625
5790
7893
1915
3891
4464
5475
1609
4989
956
9123
8895
2652
4581
1471
3667
1094
9871
5425
1292
4797
6994
2557
3738
8311
2007
4102
6660
5769
8063
3919
5368
7280
327
4917
9727
4844
3014
4258
7145
35
2152
107
5965
1574
4638
8090
8187
8852
3101
7151
3498
5863
3226
2943
1388
6439
6643
3505
6277
4508
7861
5358
4432
3132
8598
1256
3106
2194
9964
7762
931
2216
4175
2373
8424
9300
614
5098
7954
9170
6355
2869
1940
9008
9086
3129
1367
5940
6035
9782
8038
7621
1025
8503
8498
5344
2642
421
7700
9492
6529
8890
5062
1660
9717
1460
9384
5792
6805
2569
8550
5013
126
3522
7321
7634
3625
2757
764
3766
5789
2605
7236
72
3716
5594
4457
7655
4840
8406
4122
3951
3807
6142
7171
5749
4996
9524
5373
8412
3081
5174
8546
7121
6856
4226
7031
863
4980
4460
4210
5308
1201
2100
7059
5602
1986
3942
5543
9833
744
3261
5610
9454
2
2341
7598
3765
2665
5713
9351
8653
6317
9981
7031
8562
8783
1697
2038
5455
6185
3319
9025
9764
7716
9263
9001
2487
3270
4410
6681
6956
6729
1740
61
3213
1423
8104
7953
2600
290
5832
6182
9279
8617
125
4747
3595
9468
8181
7602
9893
4621
6315
5782
4788
3349
4066
3863
6286
9039
2510
2356
219
9017
3570
2379
5218
7508
5743
7012
6216
9472
7776
5748
196
5164
5362
4944
2961
7019
3558
6880
6928
7740
929
6434
5899
5896
8634
499
2185
3051
3169
8338
606
2861
8840
7714
5513
1405
3224
9448
8082
5088
7821
2890
9914
8146
1671
5113
6224
2323
9991
7297
4779
9213
4771
9046
5955
4053
6084
6701
967
9235
7584
8106
4740
1508
8212
2301
46
4400
9661
8729
4081
1952
6129
5469
8451
8499
771
8377
8455
9099
814
1676
8184
2659
9738
9245
4751
942
4084
6885
7152
6263
779
7940
7531
4762
3870
5388
5523
8124
3319
5146
7951
4331
617
4162
4783
5731
4703
8127
5534
3994
1883
5826
9532
7734
1854
5919
6127
8510
2973
2659
8775
8377
7600
9396
6989
1210
5451
9005
5147
303
5231
4954
7825
3820
6605
9722
7909
6237
669
3705
395
2507
2675
7288
4583
5887
8004
9804
7426
9872
6841
1510
9758
5509
6787
1005
4362
82
8206
4630
1591
4218
519
4504
320
9535
7665
7495
9317
7909
5692
1294
7373
6
3545
9884
2338
804
1773
23
4717
5232
8453
3539
5608
9100
8214
8601
6909
9742
9109
4430
7704
1613
6939
6097
9779
1061
7520
5286
4692
251
3390
1995
4735
1594
9953
1964
8438
6767
9899
5147
8080
8151
815
2360
7366
9054
4790
2558
9697
8530
5779
4879
6317
7528
340
3967
375
240
2875
9883
924
1598
1476
7249
1682
1447
1828
257
6685
5411
5342
6494
3401
9465
3673
6865
7442
8219
2244
8603
7448
7531
6021
2797
2534
3602
2376
3886
2011
6334
2136
8368
7989
6507
7930
6089
9360
6390
8682
6995
3920
5850
4639
7821
1380
7144
3351
2639
6839
4072
8191
3448
2312
7220
8460
5389
5226
4691
4472
7070
977
9402
9443
4792
8294
7915
3637
9995
6205
7311
4163
6419
1503
3395
736
7743
6777
2387
5490
6850
6424
2697
4160
240
5863
594
3368
3223
4026
1001
9150
3763
8874
1360
4808
6160
3242
2430
9963
1155
4677
3289
3887
6915
814
8461
5715
4784
1335
9080
297
5304
2597
8770
9057
8815
3692
3079
3740
5030
5769
571
8343
4345
1153
8184
1953
4757
2953
3465
6200
1452
2378
8876
6287
2262
956
496
802
6835
4892
1770
2043
761
3358
5359
225
9047
9226
3810
9709
7201
8353
4563
2512
289
7846
9674
2792
4142
8837
394
8328
9225
298
2000
747
4167
837
8162
8022
4438
903
3849
9100
2454
7966
3791
8814
2108
7541
7941
2
1244
9036
5544
3969
9885
8675
8548
9200
6049
2853
1148
9957
1070
1468
3736
4350
3573
2626
3092
8537
6007
5058
331
9885
8024
9001
4604
787
2540
2072
5910
4065
7571
1968
5749
251
6888
7661
5048
4657
7553
7531
5334
3673
232
5378
63
8450
2412
7509
9370
8779
6713
8574
510
1853
4037
4811
4120
8711
9070
3493
1462
3493
2380
9398
2873
704
4969
4588
5276
2892
6450
52
734
3512
4090
6099
6639
6647
1566
8944
5770
9046
1209
9575
3364
2661
1079
7135
538
4650
3689
1688
1553
7508
3304
8308
8980
3541
7901
6822
5877
9795
4185
2554
4298
2619
7748
8192
6517
8301
743
3386
6341
2892
3045
947
5730
273
3639
692
3875
766
5271
6457
2399
7296
8609
7881
3358
2323
6419
6330
1643
4016
2796
3097
2961
765
4966
2263
5946
8958
9709
1681
2889
7838
1503
5733
559
6369
8989
1097
5586
6090
5929
5812
6275
7786
8582
6269
146
4417
9369
8003
8015
2424
7819
1365
4264
3094
7113
9391
3809
7301
3665
9575
5520
8171
8854
2467
1995
4786
4417
3291
9697
4201
2465
1147
5592
4959
4663
3777
2975
5599
3159
2800
1670
7515
8022
8176
624
1543
8802
758
8021
4543
45
4199
2972
1730
7111
2530
7816
5503
926
4815
7897
6006
3025
579
7866
1857
7318
2786
646
9857
296
3057
9107
4845
9255
2110
2830
5844
2328
2885
4367
7443
5877
2600
4782
8073
4620
9529
3430
2688
5816
5532
6377
2562
6679
5006
8122
9187
7078
1866
9523
5917
432
7286
643
3886
3940
9511
5337
7345
6552
3177
9966
3286
7365
7377
6615
7439
4968
524
4336
797
840
976
7059
5073
7676
2921
8083
8989
7067
1371
527
6993
8882
3202
2888
9130
3692
3500
6219
1287
3315
2343
2435
611
68
6634
4024
9789
9256
853
40
7223
5037
3733
4734
6052
6930
9637
7051
7692
1397
4962
1311
7712
5770
6173
8721
9608
4259
9567
6369
2287
7198
5913
7176
2242
1874
3892
98
2074
6701
3337
9066
2248
1126
8313
5646
3962
4026
6027
1600
2875
7692
5506
6935
6918
6825
4783
9505
3335
5353
3046
6777
8625
5181
5689
9451
6942
3971
8877
7151
5232
1067
4335
7665
6610
1587
2316
7640
5905
3294
5891
5614
5281
3488
9717
8270
1916
1105
6050
1578
1489
3214
5606
994
1400
139
8140
5654
4588
6599
3656
4457
6856
7023
5178
7078
3180
5745
948
4571
7852
3317
179
4814
6450
4436
8425
9420
6394
5284
4356
9651
6439
1870
2755
6801
6489
7853
4780
8297
3360
8707
8681
5138
6379
5538
4770
3681
7762
430
3141
3886
6515
3078
7803
4561
2613
2916
6092
4935
7098
9461
2825
9721
3768
6930
6360
2037
1027
5910
7446
1145
814
4720
2601
4829
9622
529
3020
1595
2401
9860
5156
6647
5404
4569
5533
6700
9088
790
2483
678
3222
8579
8202
3021
8272
7511
9957
251
7287
7065
4681
6144
1295
4944
841
4110
9990
3713
4940
3827
1480
4117
2905
7073
6054
6808
6207
1257
864
8092
1575
4387
3633
7402
6677
8976
9281
6119
5853
9851
9151
8145
8090
789
2107
342
2014
517
6796
1004
2438
9260
5877
6910
3009
8723
494
2910
823
9911
1936
6623
2639
6047
2474
5970
6066
8097
5565
2633
8268
896
6932
7702
8067
4909
7537
806
7479
6322
7888
8642
5109
5087
3850
4010
4609
6882
6810
7788
6200
5947
3708
6936
6464
1503
3646
6996
5534
1255
8016
2294
8191
9417
1894
5288
8371
1653
6148
7034
3386
1022
6464
44
6837
1167
3621
2058
6205
7452
240
7686
7023
2031
4540
7755
2826
4738
2389
9205
1121
7735
3740
9148
6981
1893
2274
8426
1381
7449
9867
8334
1157
495
5050
4615
9123
3612
8152
8765
4858
8019
8676
4645
3621
1
8598
1583
2899
4638
4571
3448
7070
9057
996
1457
4043
9579
4313
5520
1245
1431
4323
7172
6469
4264
2567
5245
7661
9019
6786
4140
8862
8788
2023
5134
2136
2522
9108
6483
9809
1471
3101
5568
8734
2193
5103
2773
9141
7856
8329
7562
6759
6857
1662
2077
8252
7647
99
4593
3848
7251
2109
457
6480
9383
4625
6445
6752
4147
6610
215
6621
3780
246
8601
2660
8960
3992
7528
2617
3821
9670
803
2078
988
9505
6053
5990
2279
9630
2476
5923
8353
265
6878
2783
5680
7437
6100
1413
3364
7415
1920
7155
7794
4296
4663
1673
9818
635
4013
4127
5521
7638
4536
4769
211
6025
8876
4568
5901
2076
7770
8303
3824
1607
6281
4920
4483
4913
8552
703
8443
1916
6460
2658
9021
4872
6836
8455
3425
5151
8551
475
1257
9682
7448
7332
3130
7130
1160
9662
2875
1480
6627
2489
8791
4543
4069
1853
9743
8358
5607
2911
3451
809
6275
2790
9179
3548
7242
7945
1190
3023
2101
1050
5713
6813
6093
8467
6693
1977
2532
6598
5284
1330
5583
1786
6697
8445
9958
4920
5939
7279
1842
6689
8258
5509
2156
1835
5392
7770
6221
5042
1016
7494
9831
5130
8586
6923
7798
1801
1563
3581
2255
3781
7342
2685
3552
3345
4208
4953
4032
94
7736
4621
6973
655
1859
7471
6683
5270
7929
4859
6318
4366
5785
9079
383
6529
9850
1387
8670
3442
4941
4133
8670
9346
6559
9572
786
2471
8127
2489
1659
2933
32
5951
2191
3820
8390
8047
6913
3949
2116
4720
1992
5190
5163
8441
6913
2675
8857
7142
8983
4341
4256
3129
1676
620
1687
4184
4751
3035
8026
156
1086
9167
5426
269
1478
8819
4679
7195
6440
2177
6578
4709
8651
4009
6436
9398
9000
7777
9185
7936
7430
4277
37
6601
9576
6219
6078
9470
3981
966
7026
2064
6741
3031
5709
2825
2411
6465
5365
4801
4880
482
3512
1119
6922
9952
5331
9198
3190
9318
7877
3609
1531
2848
2804
8490
5878
1294
2176
2232
8553
91
388
8041
4162
6868
8984
6874
4721
4851
7034
7803
2214
1415
1611
1387
6782
4168
6264
286
4691
7875
1688
3763
6719
7467
4381
7766
4657
8850
2663
2906
8204
5727
2487
7388
752
9933
1832
469
8666
8070
4512
8868
6480
290
2177
9095
4875
7281
6878
3160
1601
4559
5402
1419
5607
490
6444
1821
4204
19
2095
4731
1350
3259
446
3706
4708
7825
6890
7137
7118
8469
197
419
3493
5684
7784
867
3227
6419
2285
5329
6241
8458
3855
4619
3943
8222
5290
1569
1623
4599
3802
5975
6506
8214
662
655
9947
3664
7943
5372
6890
6838
3158
2837
4091
3551
2014
4070
7097
9449
6102
4042
3203
1741
4538
1975
1536
4849
1371
9302
1585
9548
5792
1645
9810
1744
979
251
2455
3093
7566
1542
8815
3109
7704
8694
3574
1526
7017
5276
6065
4407
5846
318
5198
6095
5390
891
7409
4685
7971
2058
5208
3932
7106
253
2956
1284
7425
7327
3660
5511
2074
9917
4083
9005
6132
6161
6711
9083
5589
8370
5480
5804
5618
9860
304
3682
4681
6335
3424
7639
1148
7687
5001
3549
3479
7335
4688
3560
7091
4554
4439
3280
2220
7826
9525
922
4935
9389
471
3302
6478
5849
3642
4237
1946
3152
3023
5681
5020
1398
5718
4920
4613
7828
8277
6684
6732
1030
6663
8132
1796
7185
6794
9841
4591
3682
170
6433
6612
9182
1552
7345
4322
9396
7215
5692
7759
2860
529
4699
5919
1764
6419
641
3708
9677
4320
625
30
2001
1399
647
6531
6171
3803
2659
7745
2046
7052
2738
9707
1625
1396
5595
5625
5296
7635
1947
2965
8118
6423
5722
2559
2071
830
3841
7517
314
4770
400
9878
2507
9601
2574
1660
8277
9187
8718
3845
3375
1371
3156
1163
342
2586
3117
9624
5049
4487
7753
3703
7585
6199
6208
3083
7331
6426
1353
5532
2036
5192
1455
58
46
9358
8099
4823
993
3549
7364
6635
5271
8520
777
6581
5178
9365
5761
2349
4407
9281
4022
2967
5668
1297
430
4172
3681
2535
2777
2631
2046
4309
9991
3837
3871
9812
2679
832
9172
4851
6347
9272
2565
7548
4297
989
4956
6340
5022
258
6151
2699
2432
8723
4428
1094
355
4867
1314
9665
7191
3553
1114
1717
4245
3430
3806
5618
3962
8516
6379
492
8941
839
6005
6069
4987
1562
5883
6416
6665
7173
74
9271
6957
1474
2808
2027
8140
6953
7694
5872
4905
7998
3127
3368
8836
1442
2830
2162
7173
8355
7480
4192
261
4785
3989
4092
9886
6980
9306
6994
8114
8288
3088
8641
5985
4322
6700
7988
3465
5625
7600
5848
9869
137
1830
2597
3242
6112
9095
4817
9486
2792
3400
146
2160
9480
8034
7434
3073
5652
4286
7650
1567
3070
2189
6325
8435
7070
6898
7051
3705
6217
1398
4818
9350
8894
6911
3886
8660
1457
3056
1547
789
6607
3072
7074
4663
314
7275
1314
6748
4707
9285
8805
1973
2819
8623
3254
2672
157
1964
7864
4810
1223
4317
7006
8192
3209
5901
9389
6721
5909
647
2506
13
3477
4411
2402
9384
2107
4651
6804
7165
9570
2319
9435
6779
3003
7321
8047
8292
5581
2882
9191
5822
2024
7650
8119
2387
5850
523
8540
9057
8214
4864
8663
971
1614
9634
9380
4563
3585
9227
944
1262
5674
7353
4215
9186
1172
5354
854
3120
5173
7896
7400
7725
4031
2823
6708
539
3017
632
2682
6313
6487
1896
9231
5940
5779
9536
1865
9089
8015
7667
1794
4713
8957
6035
2460
6892
777
7658
965
3723
7026
3898
405
7800
734
2706
950
2772
8128
3872
1331
3324
1540
1983
9281
7265
9080
9248
2978
518
7041
1964
7968
1696
2129
6360
1284
657
192
9069
2899
5169
7845
4953
8433
9915
5094
7006
3572
3701
451
6960
7489
4729
391
3250
5245
2092
445
8165
2782
4708
9779
2919
3949
8974
3862
6803
4478
9052
677
9739
3842
1437
5269
2788
9499
1520
155
4418
572
5637
695
4944
1089
3662
4639
6112
5019
3097
3442
3879
4563
3814
3766
4873
7297
1607
3004
4278
4054
7974
9900
2080
7807
3826
8092
5222
1564
2076
9281
2947
5020
7049
8367
3928
4322
5088
3736
7525
646
3287
2586
1588
3095
5689
4285
1604
6633
225
7630
4609
5738
2966
794
2709
107
3394
4585
7649
1283
6792
3929
2835
3678
9297
3363
7254
3622
6418
3313
7703
2540
8881
4349
1565
8840
6976
6431
297
8459
6576
9497
1983
9903
7182
5737
5584
4691
6685
1752
2806
9019
8862
2226
9991
6708
3430
2887
1140
8083
5617
3705
1580
2632
4392
2575
2696
1817
9850
6836
4011
2298
3598
1629
8090
1140
2379
1620
7014
9788
3986
3977
8251
2759
342
4490
395
7083
9801
3219
6607
8643
6393
449
6874
5435
6272
6048
8216
4735
5398
7276
3130
8140
5713
7719
5081
5013
6124
4451
7412
1348
8339
8175
9142
7371
8896
2446
6158
7743
1938
9914
317
874
2815
4899
1279
8645
7084
7715
7386
6463
3987
6336
3117
3144
2906
473
7075
6584
1987
3503
206
3207
6572
2646
7947
3322
7363
7721
1881
7078
5426
9845
2301
3486
3587
7277
5192
5257
6352
2678
9261
2009
5585
535
5161
4660
6104
6363
7782
9227
2987
6261
6487
2342
484
4587
1528
8637
4603
6637
5603
8433
4642
4910
9849
5195
1070
4016
7616
7942
8253
8114
9087
5986
8370
9012
9921
4806
1853
128
224
1434
8276
506
4610
8152
7476
5783
445
3973
6396
5582
9819
1200
7154
1031
630
6327
4492
982
9974
373
5924
6881
7948
8166
6282
6972
7610
9687
6827
882
8793
2779
4313
6903
7616
5966
1493
6126
7425
5558
8290
2116
1668
9464
2882
6251
4998
3686
686
647
8614
1105
8351
1025
8553
1887
4578
8554
9729
5576
372
9501
8807
3461
8297
6386
2534
8038
6425
8259
8827
4028
5674
4131
894
557
9271
2078
2906
6301
6364
2882
6741
4597
3716
6057
5105
6856
1969
3687
8941
7865
6761
5823
5716
1792
9551
612
2645
2896
3362
3225
9164
2905
9547
9823
8997
1540
5075
6144
1287
2304
329
6324
3234
2729
7965
4999
821
9899
7489
7096
1996
7146
6658
7456
5511
9437
9956
3646
5008
1516
3787
8038
6470
2490
7801
314
3934
5023
3359
405
8510
7412
6215
4356
2440
6602
6816
8187
4613
447
8023
6932
8480
607
424
8583
3792
680
6420
5563
7136
165
5422
6099
7424
7926
3416
131
4076
9528
8932
627
9606
7853
809
3303
3241
2891
8296
453
6091
1839
9106
2360
8035
7306
5049
8835
4735
3811
1999
5150
1466
9625
5258
5105
5510
9291
9861
3801
6387
7916
599
4856
4089
4170
5060
7244
4064
6703
4937
688
9666
5941
1647
1299
835
311
30
2900
827
5016
7489
2547
9076
995
4663
422
4074
4378
9458
9945
2528
1083
1111
8721
1873
7392
9952
1929
3169
5346
9464
8543
1543
7617
4515
6058
6886
2419
6290
6451
5135
816
3564
7779
7274
9519
1758
3320
707
6512
6183
9698
2554
8274
154
7887
2032
5571
8034
8276
2937
413
234
2525
9968
5975
885
4963
4935
436
1048
2187
194
1327
4066
7358
5450
2070
9019
15
2735
8996
5280
2875
9606
7810
6870
6547
1769
5040
461
2556
2037
3152
7985
308
2098
4326
6381
3395
3632
4255
1850
8376
5387
7547
6193
7508
5978
6328
3715
194
1767
1584
8326
7516
6894
5169
3261
2936
8882
4699
6199
9945
7259
8213
6980
8394
5375
1533
9499
7668
3184
8552
1756
2680
4942
8514
9097
4352
8941
8605
6738
3631
894
3435
4970
1506
8118
4692
4610
8180
6509
3534
2792
9716
1026
5940
5486
2069
3053
8751
6870
3856
3247
4245
5681
880
5620
677
9205
9463
8221
859
3271
4578
5455
340
9141
3186
2245
8031
7491
8479
3437
1835
5561
7000
33
719
7387
2211
805
243
8429
3760
8569
5917
9547
2755
8522
1964
4135
2694
4341
1149
4998
3315
8340
3496
5536
6027
6890
8566
5666
3209
2236
3666
8013
6489
6069
6357
1753
9975
1742
1904
4083
2239
834
1924
5723
2823
7927
8128
8113
7859
114
2954
2957
1731
7168
2995
4452
1198
6203
4563
8466
9454
4988
6716
9460
653
8005
588
1390
884
2473
1721
7718
3185
4779
7637
8554
2371
621
8968
4661
8741
6210
5019
5685
1676
882
892
2914
3507
6340
7786
88
5951
6428
2624
3642
7862
7783
7248
7807
9327
6202
8846
2701
5533
4570
3073
5821
9443
7611
5886
7116
7221
9676
8990
9105
7465
2951
1303
1808
9321
5714
7645
2660
8233
4141
1630
1369
9671
4275
5991
7445
1645
6042
6427
4296
3894
4546
1238
8199
2280
9909
4100
7126
1563
3820
2784
5
1509
7287
3493
5208
9356
9102
881
8984
1690
7343
4874
0
8030
9607
3130
7859
6208
6697
4390
104
934
3598
396
187
5876
6948
4296
6066
2269
70
2526
2568
1532
6564
4653
3213
2773
6933
834
5068
4394
6023
3496
9343
5837
6990
8617
9392
3215
5765
6776
7575
5413
4664
7274
7271
1052
435
4794
996
8563
4441
3477
7252
7566
1681
5539
1126
3067
486
5659
5350
2813
6061
1558
8403
869
2830
9995
8817
2772
5176
1592
848
5436
2392
1982
282
2781
5127
3770
8718
7016
968
7769
6337
1389
9083
6904
5550
8521
6961
5097
4741
1502
2552
569
9691
709
6627
1511
7667
1571
3858
8625
4374
8182
4609
1002
5076
7636
7629
3476
1324
5091
7779
341
2069
6495
9679
9404
6481
15
3122
1194
8063
2818
8041
8971
8849
3899
908
4839
180
1542
8551
6175
298
1699
7972
2071
4595
8766
5758
3430
1862
8739
8415
487
4594
7610
20
4815
9843
8960
8869
5101
8684
107
4725
9621
8139
3684
4545
6742
8295
972
6116
5104
6290
3152
1262
7135
4668
6971
1497
1820
6740
5019
1360
1668
4953
9723
3437
6225
6187
7399
499
5759
623
694
1900
8485
372
3076
710
1892
9235
9478
4621
6352
3383
6323
3386
6360
2760
1760
9541
6739
8130
4402
8693
5717
5369
3043
717
2505
3676
8180
3184
8777
2890
6906
1459
9747
7287
4816
1862
5830
4896
4510
1450
2226
793
7518
4480
6633
5754
6000
3402
1543
5224
5318
8466
387
4977
868
6723
3867
8389
4504
9488
1367
1754
9407
8140
1199
8438
3663
1079
686
237
1709
9798
5908
4612
4405
955
6516
4991
6154
2850
9839
9814
9847
6345
9060
4176
5974
6993
6934
5619
5454
7821
8562
3765
8388
470
8579
8987
4546
9916
9052
9395
8714
7805
4786
1341
5746
8032
4493
7602
1777
7919
66
59
5040
9249
6183
1804
1427
7393
6460
1142
7270
696
510
469
5537
1256
5951
4054
4300
795
8018
8435
708
1565
1483
8331
4550
9615
1294
1375
3902
7819
4148
4165
5250
4854
1197
6406
5166
7161
622
4241
2879
5373
5338
8979
8035
8834
5606
9908
7037
1419
5047
4181
5617
8379
3407
1871
3975
588
7049
6286
7469
4199
8937
1474
1325
8211
8282
57
9091
738
5045
5039
9319
635
6640
9604
3458
6074
7588
6691
1681
786
8855
487
3551
3196
2596
3711
4325
2960
430
8164
3389
767
9438
3136
6449
4498
2823
2670
6563
316
4808
8243
8601
3564
2155
2260
3763
3259
6642
8954
8287
1723
5825
2221
7553
9345
7416
1524
6986
1107
1649
8457
8213
5448
8397
8010
6892
3449
368
8995
5419
4699
2435
2396
5110
9576
8798
9842
3317
6349
1446
8272
1785
8353
7269
1347
5495
5824
4539
5372
6129
6023
2659
1382
5131
6066
3730
5302
194
3370
2476
6190
8872
1370
4465
9067
3264
711
277
7356
8373
7563
5811
2101
3277
417
9351
7711
2256
3245
5839
8320
1716
7059
358
3952
8553
6702
788
622
7624
1073
7348
3193
1127
500
9887
7529
7912
9984
8573
6981
2255
1577
6089
5636
4000
7836
7459
6369
5287
991
3660
8643
6368
226
3674
8065
291
461
8009
8790
4765
2750
5759
2315
4137
4598
7387
3966
2767
1962
3062
2703
4961
4556
6933
1192
2898
2240
8277
684
8691
3622
3424
8327
4855
5250
552
8715
1708
9930
8784
4497
2492
187
5017
6994
8916
3076
710
2493
407
793
8570
9976
8741
1220
2815
8752
8131
3993
5700
9657
2047
6643
6156
2069
5682
8298
5503
300
5322
3226
8481
6124
4111
4433
8364
6151
52
1605
2950
5050
9694
1488
6788
1894
8903
7431
1379
5828
6066
9675
6067
8647
285
1608
3105
8000
7736
8957
8824
943
6867
9790
8387
6919
7851
2557
980
189
6313
8773
8954
8430
5959
3489
7625
6107
1880
523
5268
813
6384
7467
3999
6060
1170
463
5303
3543
4069
8148
9521
6932
3544
7271
5552
5200
5952
8253
2711
9149
5598
924
3187
5797
7464
9138
9410
6039
6832
4172
3277
4351
1228
70
6880
9191
1737
8143
9792
5302
8797
6151
6937
5063
7360
8089
4045
4645
7755
6161
2259
5296
5718
6543
7068
6854
2264
2135
8475
9717
572
7548
9962
1899
3618
4927
9940
4818
7268
1260
864
4604
9528
5646
5505
4764
3337
4956
8690
5396
1712
3380
9361
1458
4486
9450
9038
6940
1577
8762
1125
5062
6829
8201
1277
2511
3791
7027
5510
7750
8495
6734
8064
3401
4382
8455
5635
912
9043
8414
2277
4491
9418
3633
9623
8841
5041
8644
8422
4782
275
1471
9376
9021
5821
6766
1537
8884
6006
7074
5380
2380
6816
5879
2027
9846
1326
7943
8175
2257
803
5731
1443
4292
5250
1273
1328
6218
9357
6422
7923
2002
9908
5035
4071
6123
1859
9236
2038
7634
435
2607
6412
3043
3392
6825
1846
5768
4839
6451
8533
1428
6479
9259
2564
8234
5156
5435
1727
3729
4216
533
4483
512
644
4354
3977
3756
3270
4044
6808
7301
4019
1203
1547
8073
3548
4986
4894
6143
5065
1512
2936
2704
6179
8881
3027
4245
3377
1821
5705
1156
1413
7947
6570
5708
9657
8154
737
7585
975
2224
754
6949
2856
6833
4699
4840
7026
7150
9699
1219
9905
7770
941
867
3053
7276
3134
516
5506
8767
66
6431
7124
1004
1953
9868
2727
4855
6565
2178
1426
6277
9634
6597
4409
5919
4819
1527
8743
7237
2555
7350
6750
2660
6619
3236
7965
8145
2432
8231
3250
1816
9039
1196
399
5607
7155
2530
7192
3000
2818
9127
8158
6040
2119
7281
2709
6899
8663
5523
255
7175
7713
9487
6767
3379
643
5271
5508
7950
9093
1932
8357
3170
1810
5070
7440
2271
4233
9262
9827
4122
8526
7708
9757
9626
2605
8174
1820
6642
7284
9287
5211
6000
80
8759
5801
2347
1892
1300
4765
5808
6349
6627
3240
6147
560
4531
1844
1747
7754
617
5685
9357
268
9963
9530
2701
3235
951
2613
5779
4370
3011
9543
8068
9624
4225
5705
7964
4821
5686
8700
1380
6224
2390
1522
8003
3667
674
168
4254
6347
762
396
5294
6611
7129
309
9217
7742
1914
5552
5242
6216
5382
91
7889
3234
8012
3057
3804
7876
323
3827
2542
7635
3129
2594
8791
7004
1199
326
4356
3383
4988
8928
7411
5181
7343
4326
8529
4548
3608
8544
1188
9182
7755
9591
2618
116
7482
610
4111
7763
9067
759
5526
6423
7069
2778
7166
8134
9653
5250
7794
1382
1756
1420
3508
4588
2975
6884
8897
2427
8093
2056
7709
8533
1460
4366
8768
7144
4407
2516
1115
5284
6837
5269
1756
543
1659
1567
1577
1852
2512
3059
6551
7253
5280
7569
9192
5034
7997
2977
3738
6932
3368
4116
8851
7952
5965
9433
5416
6540
4102
7505
6037
5482
584
438
3346
8702
7720
9348
8021
276
8370
682
1433
2015
4768
713
4855
5799
9777
3532
5905
9777
6246
9567
8201
1487
8278
4082
6952
1331
3445
1574
5234
5279
6220
4922
4592
4926
2071
6759
1344
3232
3402
8687
3555
2167
5495
3542
6644
4010
4460
2026
9966
1062
9056
9905
4502
8265
751
6855
7936
1820
7643
7419
6494
1644
5534
7928
7197
1924
1838
4237
2502
1619
685
5708
2253
4260
6420
3732
3296
8358
3617
1086
8480
269
726
5977
7663
1712
8925
5560
2960
4238
4962
6211
4034
308
5403
7225
2961
8092
2865
3510
68
8628
1788
5980
4274
4449
2200
741
433
9122
5595
2207
4737
9056
1390
9276
2912
4106
1836
547
2171
2848
6747
1538
1649
8537
8038
3698
8209
1923
8773
600
1067
5384
5238
3614
6675
1734
2044
1040
6610
9525
3578
6016
1743
2795
5171
7546
1112
3533
8337
3569
8646
6083
7478
2608
5969
7152
2569
7603
5156
7966
3986
5312
9520
3463
2560
2903
3454
943
3808
1830
2155
7755
2027
3563
8757
3394
9004
2446
4373
469
5214
3062
8109
9681
7379
310
9698
5336
1493
2142
7251
2246
7390
2905
4308
1438
248
7858
9561
1374
6659
5104
185
775
3458
4807
1210
2628
5499
9668
9041
4601
5567
3985
7142
3109
6654
478
5735
8926
4286
1540
9086
5107
1683
4652
657
5561
1763
2685
5567
5013
2484
9483
3229
3268
9330
3441
1551
9973
1177
9106
3263
6485
3796
96
4637
8450
1959
2605
3688
9108
9163
5870
9585
8892
3503
4857
8467
5003
299
1405
9635
3299
114
4170
9170
1583
6072
6797
6157
7394
8512
56
8037
8931
6296
519
9199
4951
3726
5672
5591
3213
5226
5510
184
3617
5109
3550
7620
9196
7213
2356
2453
1718
4665
6398
9246
9967
7671
2730
9480
7891
5175
4121
7418
1831
2197
6667
5963
7503
5264
6481
4951
4507
5881
9339
3950
3092
3245
6616
7356
3047
9934
9105
3427
9438
1170
6052
3874
6688
4336
4932
8221
269
499
7074
3046
4280
3691
7944
9104
2866
4633
2549
3073
6710
2591
4088
4362
9888
3589
3984
4403
1573
3975
9254
8496
2133
4037
7640
5551
3436
9453
7127
8788
7169
3044
2571
3067
8192
280
5685
189
1958
5309
8261
2357
5786
5557
7072
6135
7202
3490
3118
3342
5252
9339
725
5314
3297
2072
5837
9623
7672
7842
7463
3029
1130
5122
6424
2724
5829
6429
8486
6627
8287
9296
6094
7501
2190
7654
3204
3082
6502
3165
2669
9520
5790
7265
8296
694
9866
6244
123
2974
4332
7879
5929
202
274
9509
9978
2132
7583
8732
691
6291
8471
7078
7400
4297
8350
3827
7934
7696
6278
6898
3017
3025
6280
425
3324
5519
1755
4391
6942
2851
9408
320
5274
698
4718
4045
3017
7902
7885
3627
1572
7902
2679
7438
7760
5520
2947
2631
2907
298
9755
4204
1906
5713
9598
3514
2181
913
1200
7488
2343
3187
6237
9289
5042
8391
6002
577
1121
6028
469
8629
9976
9885
9205
5713
6830
2796
8686
6670
1677
5587
6391
277
1614
5889
7584
4775
434
1152
2376
9804
6635
5259
3113
2678
926
7945
9061
1734
8529
9553
4309
7931
2610
2167
3967
8707
1584
5813
8901
7853
394
9838
241
7726
1418
5125
2953
8174
6446
6091
2735
2402
2812
8811
90
650
5332
1989
4703
5012
8199
108
5200
3667
4671
4997
4906
2077
7423
5269
6575
951
8210
4809
6180
8628
2363
4288
5017
493
7487
3163
3115
2175
7163
717
4379
5688
5369
5855
6647
3720
3256
5511
9888
6746
8180
123
6259
2755
9498
9464
3967
3991
6149
7105
862
7894
7316
3366
9278
2405
6261
7130
5636
1249
7592
6654
615
2564
9413
611
637
5061
9740
2802
6653
2134
6800
846
6132
3510
8289
7812
7195
7709
5155
5740
5934
6320
8009
9115
6711
100
785
8313
7883
9065
2275
9605
7134
1704
6502
9533
724
5282
5550
