9846
6582
1037
177
1615
2570
2228
5886
9998
3299
3271
171
6685
9105
2806
1460
232
2972
3793
789
1315
6833
7986
9982
2812
5488
9818
9405
4236
1370
6301
8751
1602
4204
2131
1691
3408
1025
3200
1789
3422
7323
4337
1185
1153
2593
4237
6169
4309
9608
7806
9466
7187
9521
1966
5848
6489
4249
3880
2478
282
2844
9425
7068
1119
3622
9850
529
9677
6109
452
145
5312
7062
1600
3544
8277
108
490
3197
4380
1705
144
7904
1698
4944
9837
114
134
9401
8915
2779
9866
3537
5552
7879
7329
8258
2595
146
8363
8616
6218
6865
2749
541
6785
5859
9960
4714
2696
5410
7061
7671
5912
7196
9865
8779
4350
8016
9485
1841
431
8164
5547
6029
7712
2644
9287
8725
9781
7565
8863
9506
7298
2109
8189
5596
9906
113
8429
2622
7360
8331
9470
2916
9638
7021
4334
6183
7235
5315
3612
3348
6167
6696
2476
9516
3109
3048
9802
1641
3951
2406
1672
6871
6284
7382
5912
5965
9225
7617
3204
829
9165
2671
9026
6515
4922
6108
8211
6884
544
7179
9673
1499
6464
1305
7817
6857
9597
9982
7731
222
8703
2213
8352
6314
1988
636
4999
2300
5018
818
2489
7428
7768
7481
2776
5377
3821
7943
9674
945
7812
4136
6075
1408
5161
5423
7472
8048
4944
9026
1230
7000
751
9843
7714
6704
9710
8660
4069
8474
8917
5983
4239
6998
4482
1265
9723
9593
3524
1022
3804
5054
5045
5220
5969
4164
9853
9837
5500
4856
6937
5733
4639
8044
9464
835
311
7553
9440
8145
2651
6372
1235
409
2906
578
9794
7693
8584
8526
130
8958
8460
1027
8408
7986
9218
5317
9239
2340
2547
7301
6344
4392
4112
8184
6472
3106
6998
5155
73
934
570
7351
8983
2764
9568
77
2455
9061
7378
7362
6613
8183
2069
1300
36
9941
9920
4626
8254
2950
4906
3703
6614
2370
1801
6490
5712
7815
9658
6756
6053
2664
5991
41
6065
5403
1074
2640
8271
3981
8743
8602
8658
9597
9378
5915
9913
8948
7805
2462
269
7570
9188
8386
9588
1537
8828
4566
5368
383
3402
6163
2836
5007
2535
4298
3399
5111
7044
2679
8400
4087
9621
537
6392
9584
7604
8418
6091
5795
7997
3884
8187
1655
3251
5879
3622
6486
9326
6475
3166
7981
5263
5486
9179
4847
2180
183
817
2679
8101
7425
8097
1794
5752
2048
984
1438
532
5051
3946
497
6925
8627
3001
9736
3146
9523
5613
645
9462
8003
2266
7412
6189
7152
8614
1902
5267
874
2262
9164
6106
766
9409
5652
8149
4877
1055
7859
3204
4482
248
299
4682
8324
9865
1710
9471
9813
6598
8966
4079
2990
7095
3602
6582
3742
4085
7131
7986
9820
8515
9806
4016
157
6653
3749
6392
6977
8148
9482
1738
6824
1998
7419
5829
1632
2548
5862
9155
8557
8773
4729
2640
8058
2036
7080
2472
5927
3306
9071
3883
2746
2942
1402
2827
2532
5006
445
4645
9671
476
2083
9254
4474
6018
8223
1626
2360
2149
7072
969
7508
8474
6173
5638
2062
2876
9676
9962
442
5056
1900
7742
595
7153
8114
9372
2878
8574
2866
5794
1827
4363
8214
6416
4340
2350
4563
3963
2413
4505
2417
9070
1202
3669
7021
5076
6332
3836
6512
9345
809
2590
3926
412
5701
1115
2502
855
2346
8033
5868
4394
9532
191
1960
5604
1372
4056
8370
5832
8338
1873
3284
3989
6531
1318
2742
3033
3266
6241
3738
65
1417
9876
4343
3930
8654
7609
2963
382
9818
2421
389
9305
7437
7782
4739
7058
4998
6244
2419
2731
2026
8480
226
9732
601
844
7316
3257
3434
1117
5429
4535
115
9867
9511
2504
4828
2093
2268
8220
4244
383
5807
4590
4377
9939
5248
6273
383
647
6794
2933
3930
5947
1689
3590
2781
9153
2505
9421
4897
4524
1294
9273
2316
8063
1593
1001
5715
6076
9473
7380
6614
2003
5580
6048
5579
1609
4483
3320
1910
5145
2364
169
2453
2192
5578
5272
6872
9562
5000
5105
6893
3484
3260
4822
9031
8727
9761
2795
7758
6405
9631
4509
1571
3481
343
3960
9415
413
641
7157
9484
1509
130
2692
2335
9173
1934
6159
7033
5586
7902
1696
687
8244
1434
8271
3956
7126
519
9119
1721
5582
2292
8790
6085
2469
7842
3897
8966
6141
7835
6725
4754
8326
8762
9059
7070
3820
3453
8499
2009
3532
7929
8482
1516
637
8406
138
2318
9416
1553
4741
350
3951
5410
3882
1078
7635
7464
3462
2974
6355
3667
7548
6349
193
9603
6776
1105
9642
2035
7392
4888
2250
8230
2959
1508
5362
2712
8039
9541
9217
9741
5119
3639
9138
4046
4332
5031
791
9049
5270
1384
5071
5851
5259
5528
7347
2965
5986
2233
2038
8518
3127
4812
8542
6628
5985
3302
9644
6609
4013
7123
8954
8723
5629
8764
9418
8035
5469
2324
1892
270
1124
9606
1093
2168
3432
185
3527
5470
31
8709
710
2299
5882
2682
7593
5611
5826
1228
1754
5772
9700
6095
5399
5441
5424
5937
9814
1105
5493
2418
1625
7792
6238
7344
3768
8176
3628
7902
350
8088
7496
7374
5126
6993
404
3104
5923
5928
9504
6456
7729
1848
9892
6511
7245
6719
3151
8187
9228
3838
4021
4519
1955
6606
5560
1875
2511
3279
6452
5155
5121
1415
6000
2447
6662
4109
4162
6854
1967
9665
1113
3975
5823
3481
2614
5241
5740
7621
9169
5735
2210
3440
6709
2400
5613
3379
5207
4843
8522
9112
7619
611
7394
2574
8927
3933
5551
611
2654
3788
967
36
1720
3507
7921
2514
2308
8082
2587
9708
8590
2881
1483
5705
8650
3636
3395
9120
3592
4434
7419
1136
532
5601
2690
9458
554
9892
71
3787
9121
9116
6474
8804
7219
7095
8005
8454
9439
9365
4348
4510
1835
9470
7488
7589
6933
8281
4276
3228
3339
4968
4281
5138
8269
7900
334
2378
4218
7571
9107
9920
3300
5639
6822
7429
9279
91
650
1851
5789
8172
1775
9928
76
2458
4664
4431
5716
8306
5983
2712
9156
1001
1509
1020
4878
2954
8501
9894
2065
9124
17
4590
3335
8853
4551
9814
1487
7521
6436
2252
3386
5353
6436
492
7430
1607
6972
3921
5545
6799
1716
7179
9073
5454
794
5032
3240
1064
4692
5156
5704
8644
6422
9505
7974
1175
9524
958
6166
1974
8118
3233
9876
4844
9628
2989
1696
4780
3185
226
4167
2912
8324
9769
4900
7583
5612
107
7580
6001
5711
397
1574
5720
1809
9173
613
4128
1228
9847
1728
4381
4254
1269
6538
6473
3287
3068
2831
9253
4523
2528
1367
2005
2219
9279
5470
4555
7210
9558
3995
3151
2262
8776
3079
9306
4077
1977
2266
1054
123
8466
5826
1857
7284
8249
8849
4889
9159
1318
9919
523
7946
8055
8229
1598
8369
5970
9672
7772
8107
7346
7356
9312
8520
5194
534
8022
2329
9348
7800
9374
3323
7367
6098
8491
5479
7657
3375
1153
2894
3389
4299
5650
2483
4126
4661
6357
4054
4197
4951
9993
6195
2539
8631
2338
8228
3032
8792
6717
3900
1047
5489
6607
5885
9831
1523
679
6647
2040
2174
3870
9725
9130
3279
8215
4414
1073
9084
2725
2521
1031
9532
8030
8389
2423
3274
2837
1468
9207
3921
703
9415
2198
952
9422
7163
8492
9057
7761
2222
1833
9478
2826
6375
2327
8808
690
1219
6466
8564
5509
8007
2297
3383
3278
9586
833
8457
1231
8011
9323
4399
9038
4704
6308
8468
1992
7771
1072
6662
784
250
8044
9722
376
4983
4953
1108
4266
6762
9773
7194
7219
9385
1787
9988
9509
5434
8616
5049
8307
6152
365
4470
255
896
6387
8373
5954
4202
6275
1596
6855
5894
6217
5378
9835
2952
2158
2093
1588
5827
3666
6484
6542
6827
3440
6605
6849
7961
4649
5535
7942
8585
672
2571
7174
9487
2701
8874
6888
184
3718
2396
8622
3389
3837
8501
3758
492
3859
281
2045
8206
7260
2486
265
995
1405
8442
1124
645
1002
435
9875
8626
2447
188
1275
5417
7152
2557
5457
3094
28
2975
1959
6255
8171
4109
8314
4963
1994
2553
2466
6742
5738
6793
1197
1479
1744
3047
1858
8418
9452
5708
7411
5006
7673
5080
314
8572
5814
6353
9090
5041
91
3000
5867
7922
1326
3527
3575
9225
7688
576
3779
7441
5429
6820
5207
2350
6393
842
1564
3262
7847
6093
8257
6816
3348
538
7948
3127
7420
4769
2397
5174
6478
3695
9662
5454
8365
4808
3911
765
8877
9145
8411
6729
8942
7932
1773
8033
4604
1425
408
3387
6811
6321
2029
494
9714
8633
5700
2797
8118
1652
1553
6524
2553
7036
9116
6113
1524
428
3443
9095
8764
4784
2966
9961
3787
6323
1551
7413
8491
1902
8624
3241
3454
9223
197
204
1912
4625
7407
8809
6603
644
1221
7017
8114
6083
7159
7877
3871
2118
1829
8169
2152
3224
5790
5327
6344
8194
6164
5566
9079
8856
3460
2111
8103
2252
5146
9731
234
7136
6537
5486
4982
4441
7623
3128
9967
6728
1149
6118
9956
378
4146
8592
2655
7154
9790
3741
1031
9679
1985
8993
5293
1919
6700
4437
2173
8998
5589
178
3212
8022
2881
1600
221
7294
850
780
984
9111
7136
5908
6217
8658
2031
7830
8885
6162
2228
1939
3247
4090
8236
3762
1116
5740
2156
5578
2616
6493
798
6193
4257
5586
5532
3906
4191
1347
5588
644
1558
8561
8809
2243
92
620
3134
9251
1605
2029
1882
7918
7118
7037
7659
3702
5072
9723
5407
9582
6826
5805
3732
4606
3934
2066
2130
3381
6110
5388
5568
7895
7108
2594
9998
5120
2664
4237
4111
7977
6820
9473
6940
5690
3478
1692
9630
9068
3398
4332
4273
1702
8994
1474
892
3818
6279
1552
2411
8160
2992
6425
6387
4858
7106
5776
5176
4687
4173
7223
3657
9686
4298
135
6379
1041
7148
7203
4664
8013
6637
600
7891
5171
1960
9816
6728
6568
8141
1862
333
7608
9985
9878
898
6426
2472
3803
5552
6703
8790
6923
8369
3442
6250
340
3620
2065
5438
2261
2014
2401
9872
7474
7986
4786
5497
4686
5381
6675
3589
7259
5042
1149
8930
9512
1229
7244
4158
6001
2579
9100
9211
7269
2778
7471
8279
7290
5809
1055
5264
6833
9356
1931
4792
4827
5854
5609
9319
3120
533
2021
7917
7931
7843
9743
1657
1171
8319
8206
4093
6323
4841
2917
9628
7563
6746
4927
7476
8789
9542
8266
6992
3125
1547
5291
4678
526
6992
6851
5039
1346
7895
5695
6005
150
7609
654
2552
8266
5191
395
6734
8948
7040
3095
8502
7748
8998
1005
3196
9298
1236
7888
7972
6530
2001
1357
3674
6396
976
8669
8078
9960
1116
4723
2102
2719
6136
8466
513
1827
5833
8107
6866
5232
3816
4824
7482
1941
4483
1768
1770
