7518
2369
1215
3081
8053
6947
4323
1181
4396
7618
5832
8113
2421
2771
5568
6719
1023
4023
4928
1857
937
1875
8930
2331
1599
4687
1062
7823
3013
4724
8784
7615
11
4797
5176
1161
8829
5744
1888
7275
4187
3705
2180
4688
1169
4105
5578
9642
2612
452
9217
777
7039
8247
5890
7467
9024
7133
1512
7237
4421
1687
1972
2102
2848
2941
7790
3475
2469
6646
5393
9571
9115
5437
3393
9924
6090
873
9970
1857
6172
4560
9887
1408
1570
7981
3533
7778
5524
3642
5768
4562
7532
6870
4988
4227
3572
9085
8048
7938
2336
7316
1548
2355
9710
3472
8977
4476
1824
9976
7696
5726
9960
2729
1481
7029
4905
6025
3852
2725
7092
8648
8980
3072
9824
5397
8636
4425
9952
4262
5589
2849
4433
8875
6910
1183
1127
6006
553
9574
1726
8054
7364
4451
2041
4296
8257
8464
38
7394
9694
9840
5185
5992
588
4447
6465
1835
6859
8250
32
8233
7958
57
6294
2611
8672
8777
5958
3963
7257
9087
4380
5880
5477
46
9307
3574
1648
2856
2968
3227
1318
2524
3006
6845
2240
8250
9829
2660
1133
8588
9410
7760
9336
9841
8130
4208
8228
1996
5964
4065
74
2072
8919
4125
3798
7907
4974
3858
6368
2127
1101
2621
8479
6850
8317
7549
95
7177
3251
7783
5379
7397
1938
7936
660
6759
3629
3829
4257
3034
881
8682
2325
6576
3990
7139
2137
33
1898
1739
301
4296
8573
8089
9786
7974
1239
2228
2482
7625
6071
9322
963
1154
2479
9357
8775
4433
5157
6403
7765
6813
4595
290
8513
8539
3982
6580
3909
4943
6075
1081
6686
751
9861
7018
8401
7054
906
708
7815
4058
7438
1659
9937
9783
634
1036
1832
6576
2302
9629
1921
3305
6746
3990
4987
5436
8304
5122
6501
2263
2670
2022
505
9474
7207
9102
5254
5799
339
9472
7123
2256
1894
801
9401
822
4639
1963
7092
9705
9464
6633
9549
3417
8636
6673
9913
4148
4752
4583
7025
7028
1960
2468
2213
4130
7469
9173
5994
6935
7657
4161
8198
4590
3938
9169
9047
2159
9770
7388
2487
6153
8061
6446
2868
3465
3937
6397
4884
2474
6738
1703
590
2417
8121
9759
331
3770
3737
4220
1248
3568
3695
2582
8279
3908
2171
9017
1476
8359
4938
3859
911
3488
2989
9591
5413
2851
8066
4073
8730
8425
4157
3261
5347
8289
7032
2307
6532
830
1417
5432
8291
3888
2716
6850
747
8361
9433
5479
6288
6145
7010
7280
5218
6090
6702
7807
6321
1692
6606
1119
1377
1246
2541
5641
2438
5241
6875
207
6546
1001
1686
4859
6173
1175
2650
517
1142
7930
9324
5499
5704
4930
1552
5536
9504
5297
891
35
4946
7689
3869
5604
7620
8806
5702
5168
8815
9555
1441
7976
9843
3087
2747
7560
163
1185
6023
5223
4639
2238
3493
1760
9921
140
1830
3066
6210
5933
8627
6270
9367
5285
617
6352
4438
3200
1927
1591
530
5231
6378
4666
136
4958
816
741
4316
211
4150
199
5935
7034
1261
3335
9469
1122
5596
4089
4906
956
2461
109
7716
1799
2548
5669
468
3940
1140
771
1347
6157
7777
4703
4792
1759
1719
8786
9640
5683
4526
7195
132
1251
4059
6249
1284
6257
3365
1072
664
3481
4345
3468
8518
8902
4781
7449
8864
6121
5465
1372
4611
4660
80
5935
7268
6564
6950
6663
6823
1538
4131
7092
9826
5638
5696
2477
6618
1917
2643
7942
6600
8416
3413
973
75
4038
6416
4598
671
5047
8581
6475
3849
479
6920
3761
2685
8014
196
7911
6644
2327
6693
3330
3451
7809
206
3120
5674
9767
3614
6657
2928
3307
4995
1168
1980
5254
7303
2916
2535
5632
3130
7595
2472
294
9333
8377
3070
9257
6019
4783
2485
7157
8130
3392
7940
804
8580
2206
7783
7740
4595
7918
26
7241
3938
6152
6644
1280
9830
5798
8597
1508
6671
289
7380
6857
3236
7805
4072
6511
4821
7048
6136
6123
8176
7614
3333
6805
6905
7324
6847
1946
8611
6756
7403
6779
3790
6650
7429
7713
8240
6280
784
6144
2952
5871
152
3231
5536
9672
6548
4693
3479
4506
7994
4804
1105
6090
2344
8827
1343
2453
2734
7104
8363
15
5382
7597
8227
3434
8221
5967
7949
1250
2470
3734
6590
1038
7208
8497
9964
8046
4476
5742
6065
4544
4907
1122
1002
5196
157
2185
4574
5772
5792
7327
8464
9802
4618
2244
599
710
595
2647
6238
1107
2796
2285
9758
2205
1266
7779
6318
3961
7421
6522
7432
8399
9874
25
8804
6861
9014
1534
6018
9127
7439
374
7209
5542
3708
3073
8849
9601
8320
9380
936
2601
4354
399
3447
9663
4120
3456
3111
847
6621
8855
1816
2225
2669
7057
4370
518
6969
5133
4974
262
7805
547
5385
7380
1023
6024
7093
6984
1891
3109
593
3591
387
1896
6391
8864
5626
8105
5500
6895
5725
2381
9821
3845
8268
3401
3798
2556
5726
1420
1873
1511
7875
2436
2632
8181
4125
8569
8402
9351
2495
7052
5335
5994
9321
702
4146
8570
4543
4831
8634
9403
8382
7470
7065
7664
1817
6152
5854
8954
7731
2539
3831
9135
5677
3521
230
9800
9434
9112
5132
7922
3635
5930
9415
4822
3791
9132
5385
5517
2100
6455
4829
6296
8095
5658
9227
9422
5897
6722
9114
6189
2771
9419
7957
3060
7102
7113
8529
9734
1708
3048
5012
3518
153
4969
1215
6872
2315
4583
8011
8376
4094
7089
4678
7847
5828
4632
7497
7515
7496
8829
8370
5380
2646
9955
9703
5521
9967
6282
7734
1774
6988
6319
4717
1345
6113
8938
1738
2360
16
7024
7014
8263
6732
9743
7335
8078
9319
4571
9096
8112
3341
8651
3187
7835
2807
1811
5463
9936
7888
3028
1580
9310
6405
1521
8816
7280
3343
5662
8998
4069
4512
7402
7724
677
228
2104
7266
7941
5022
3589
6259
6747
8164
8907
7263
7417
8125
5125
5635
9037
9240
1393
3302
4569
5538
1297
8185
4512
5384
8510
3746
6838
3457
870
5189
718
2291
9648
1841
7534
3900
9920
2166
8241
591
932
242
4381
3858
8188
2472
8746
9456
2304
2960
4485
8922
4434
9998
5357
6134
6061
9611
8138
2244
7241
6521
2018
7122
3826
5519
4315
6301
5782
141
18
3295
3988
5439
6862
9093
7431
9571
8114
5582
5360
8188
2762
9940
4155
5525
437
8340
2851
4743
693
5459
9732
6813
4433
701
6178
676
3058
278
8255
6890
8547
7330
9207
4503
956
9763
4388
2689
5247
502
33
8327
475
5885
9016
253
5189
2301
1052
4481
8200
8384
4154
1195
479
7968
6069
2146
4461
2523
5421
721
7683
134
4289
5796
4146
5965
117
1222
4006
5392
5489
1488
3235
7314
5251
2434
3849
5595
5147
3195
9291
1869
1677
8311
1599
9814
8517
1546
3334
3113
5865
5713
6526
4159
4920
3988
7000
8485
665
4948
3459
4140
6515
2680
7467
2822
3296
9496
1390
1313
4480
5947
5830
9446
7539
4663
2892
1917
1688
5555
4786
4634
589
2172
8988
8289
4716
6385
7604
5899
8910
1711
8102
9019
3364
8201
8300
7818
7744
6605
384
7633
7521
2695
6787
3727
763
3541
3001
6754
9680
1001
6736
4235
7044
9805
1973
5049
604
3783
1037
2226
4875
3572
6862
8176
7510
3518
1942
7090
7543
2608
332
1275
1745
8302
5500
785
3459
2865
6032
8795
9337
6016
7648
1646
5635
7941
4453
2264
7631
8292
9719
3655
6295
5065
4268
4659
5378
1047
2830
7249
3427
4221
6794
4098
383
1595
3702
5470
8480
3355
923
7545
2315
2520
473
5187
2948
5859
4742
3775
3333
4943
9786
9956
5457
1382
7940
8140
7238
660
5333
4888
3641
5117
1156
7181
1516
7295
9570
8823
1140
3437
9159
7828
4102
9197
5754
1562
1457
6535
8156
2069
1209
5735
7087
7160
5028
2360
7268
798
2811
2520
3919
1271
7452
2897
3293
6982
7920
4935
6612
6155
8259
2252
2236
2462
6979
4694
7177
4423
8824
4081
2869
3563
7133
6286
747
3544
2446
8277
7728
2018
814
8321
434
3014
5926
29
640
5265
6905
8766
2458
2650
5104
423
2153
195
8977
3944
2209
1237
6051
5332
5055
4561
8240
1755
2516
9518
4860
7678
3334
4394
1558
2704
9998
6417
946
8995
4762
5765
6153
8992
6542
8975
981
7541
3873
866
1420
115
8765
738
7417
4170
1311
3993
9628
9445
4620
8438
5982
8240
6132
5157
4064
4883
6870
8492
155
2993
1662
6441
368
2662
9266
4931
7455
1958
6343
7742
8138
9820
5271
4077
1084
6215
8232
2942
2722
1796
7982
2385
1958
5342
8345
5551
6772
2866
891
7796
5665
8266
8874
9362
5338
4386
9973
2191
1229
3035
9024
1228
3167
3794
4641
5813
5220
1308
6830
1510
3576
908
5667
6344
7362
7058
5544
9240
4363
1448
6775
1467
9730
4836
6071
7931
3804
457
340
387
8631
8785
6875
6135
9765
1509
2648
8465
6468
26
9627
2464
8261
5903
402
2623
758
955
5234
6245
6618
7595
3151
5095
9654
424
7878
583
1689
5041
8501
8484
3504
4461
4836
8921
9407
799
2655
9818
7521
6757
857
2316
1030
6099
592
4012
8039
5295
3932
7027
7222
8927
9311
3388
4237
1255
5737
8372
4053
6673
2195
8525
5235
4939
3963
8018
9273
6053
1179
6768
4839
8272
1467
2400
2168
7955
2579
4679
6917
7154
2158
7938
6971
2387
4898
5648
3606
7128
4838
2514
2779
5435
5657
1005
8448
5333
3223
4459
3622
3181
6831
6769
7297
987
922
4204
8522
2529
7576
3146
9971
7429
1024
7057
6240
9
5695
6841
9915
6108
6213
3780
2366
3077
3
9322
559
2605
8337
1716
2706
5783
6412
2018
4702
266
5848
7190
1503
7722
2909
5542
8801
4706
282
8153
6395
6787
8656
6887
5866
7946
7563
1603
3883
4472
9927
6114
2001
4518
6755
8605
3269
532
3684
3368
1289
4350
7306
8987
8096
5122
8983
6014
1842
3344
354
8477
8696
5572
1347
3293
106
7039
5153
7399
2111
1924
4195
1571
3453
3009
2907
3931
2886
1604
1385
6294
1572
5828
6745
8398
4654
4954
8125
5571
2015
4967
6979
8490
6486
7257
8259
1804
8707
5777
1947
9760
8385
4810
1839
1708
411
7714
8866
2521
7825
3108
379
6365
5385
854
4427
5762
2188
6726
4920
7519
2590
2548
3538
6566
8733
8817
704
7568
8875
5275
6127
6052
9008
2795
2519
8510
8464
8175
4426
8851
2640
7605
1965
5876
5553
4424
6878
375
2545
7755
4878
3451
1888
9495
1582
9944
444
5470
4910
7359
4640
6148
2010
2891
5898
5022
1138
938
9452
156
8223
7651
1272
5692
7962
9316
7412
1834
424
7565
7203
3908
7265
2585
4085
1463
9605
3289
5717
3752
1682
9323
1315
3366
5477
3486
2584
3033
8379
1658
6054
2603
3433
3617
7701
9263
5281
5127
196
3405
1586
2060
9281
6916
4125
7347
5423
8990
4426
9210
8096
9289
4409
8219
5314
6185
824
8695
4583
9193
6448
7085
1161
15
7835
8432
2764
7309
534
7798
958
8011
4756
84
7673
6432
1177
1943
2253
7667
7339
2527
4648
85
2092
9352
6545
9615
5764
1603
8999
1038
8024
1451
9221
6837
1892
96
8933
3854
5405
5176
1376
6994
1849
6904
5049
9889
6629
9635
7862
5338
5902
2766
5062
1284
1924
7145
7152
8393
6567
6487
6209
481
3442
8981
5356
1118
7146
1267
1143
6550
3586
6556
8522
6162
2392
3654
2831
1260
2332
9290
9978
1671
3804
2357
6907
5104
2900
2633
5350
1697
6436
8469
6174
6239
160
458
4616
2822
4807
763
4608
1368
406
6579
6624
9413
8215
480
7669
8348
4244
1911
4609
490
8109
883
9519
5636
323
2723
4107
1678
3429
2082
975
6371
3474
4786
7724
7230
3875
8656
4992
8920
1681
1426
5338
119
8555
9609
2954
769
673
5084
4297
6227
468
272
9879
3752
9827
9067
5735
4735
9076
8985
8701
669
8120
8581
5239
7559
1381
8607
2786
7057
3788
2586
628
7786
701
8425
5912
7118
5737
4666
7110
1834
9300
4191
1988
330
221
1152
4149
1706
7702
5668
8708
3206
4220
7385
3530
7804
7561
7426
7950
3060
5741
6411
9799
7066
2698
4346
5295
7578
7268
4117
9526
7667
82
8556
3378
9203
8217
482
3147
3985
8243
2798
9005
2459
4495
6305
3163
4226
4669
963
6104
5329
4249
1844
344
3447
7921
673
7451
2291
5149
8983
7081
8620
5881
3686
1374
9458
1242
7217
2073
1572
6835
4248
7462
9339
2956
5659
4691
2967
1295
4834
443
6726
4665
9397
4034
487
1579
6839
5442
1311
2072
1495
8223
9264
4296
8843
8754
2517
2766
7579
7405
1009
270
1061
7145
7678
5074
7635
7002
7253
5741
4535
2892
5474
4199
276
9792
1635
9646
7491
3994
2859
9300
1807
675
131
6144
3664
693
7004
2648
9236
8864
2712
3328
6000
670
5392
8997
2308
8203
926
2498
7997
2497
6162
1821
4239
5744
1823
1193
8631
3651
2990
1960
7957
9491
6932
3008
4116
4032
4750
9902
1153
2476
5783
853
1520
4138
9309
580
727
2915
4372
1415
2118
8490
7326
6497
8420
9717
9086
7752
8740
9833
6480
7552
3352
2353
1776
227
5014
6936
3437
5410
3099
2908
4783
8917
2527
1113
4207
2881
6056
275
9918
6674
1087
4774
6944
4531
943
7357
8343
3792
7888
5369
838
7462
1939
4324
8035
9294
8735
182
9615
5151
267
9927
761
8170
7500
2833
3503
3725
4544
8912
4227
3036
2435
228
815
9736
278
7168
3139
8223
8752
7298
911
7028
1724
3508
8605
8233
6054
6007
6529
9051
352
8651
5436
2244
7946
4781
18
4725
8681
4044
7952
9586
7407
8503
5210
4254
9085
7952
2799
8138
8078
7496
3324
839
7186
1995
1805
7406
6556
4237
3299
6141
3525
2571
5961
5879
3806
3945
3853
7622
7119
1870
6160
8609
713
6741
3380
6187
5899
2103
5128
3079
5052
2843
3642
6421
7697
4635
1097
1864
2994
6582
128
9685
3125
6445
6280
6330
3960
7493
1380
1402
3186
477
2578
8574
5589
2892
5809
6131
3140
9568
6717
8137
8668
7516
359
511
5822
7631
4426
9754
2591
6944
1131
3455
9977
8872
7491
5642
3678
1846
6156
1553
3023
1218
9579
1262
603
5556
8002
9933
903
1204
4228
1268
1871
7868
1419
6733
1428
2056
9464
7330
1352
9623
3801
8498
64
6557
7087
5617
2112
5036
9406
4661
3319
4364
488
5688
9392
7628
2081
9642
9377
4717
3944
7256
5283
8060
141
3389
5169
1002
3442
6138
5863
9055
6251
5855
8780
5301
1394
2455
4353
5947
2923
806
8708
7955
9105
4266
6413
8082
550
5253
1731
3381
4065
6823
7363
6425
4373
8447
8557
4463
7954
3249
8716
1433
9163
2365
6243
9968
4867
2101
9827
2298
8109
5034
3024
3584
3088
1449
8463
9326
2465
7574
7700
1117
7721
9078
7583
7868
9120
8814
1948
5396
4588
4815
8561
587
3278
4797
2153
9191
7189
1934
8084
8933
6263
2774
7269
5402
9049
8395
8237
1249
6851
5653
273
5502
1630
7620
6911
9288
2258
913
840
9320
6099
471
9956
1848
5091
2048
4419
211
2347
7030
4473
693
7633
4047
1394
1357
5434
1814
8581
8268
5868
6993
3503
8451
151
3677
8656
7874
2068
7590
912
4280
8340
1733
2172
4226
9365
5018
8682
1378
2786
5486
2799
5515
6709
8526
9666
4380
7607
7333
7512
2331
1069
4900
4292
5572
5514
7817
4710
1065
2651
8615
5639
8767
6019
4475
1825
6927
7711
4334
4350
3772
1099
8951
1672
1921
2759
7654
3136
8830
120
4488
2306
1514
6915
3049
621
5931
5409
5851
2075
4498
4550
7630
8188
3573
9536
6682
5898
9816
1634
967
4493
7670
3350
1106
6585
773
9154
5314
6639
3376
8739
1994
7462
1257
4129
252
5792
5163
6748
5007
5585
4156
5145
8305
7962
6480
2130
5184
8644
825
4932
8791
4598
597
3323
8074
2933
9207
9721
7343
5194
6696
4220
8443
6348
5262
1287
1038
7948
4899
5491
6237
8650
1358
8494
552
7115
6830
3626
7122
4763
437
7244
3504
1522
9898
1982
9669
4405
1337
4936
9768
3683
784
1751
1141
9152
9527
5738
2815
6712
8515
7644
6165
1473
685
2409
3463
8422
2998
8387
5496
7813
5192
124
1011
8274
4757
7674
4642
7346
9741
7118
8386
643
9255
1718
4299
107
2684
6246
8060
4689
4489
1539
9673
7629
4302
8723
2275
7447
2766
1107
2151
453
836
3460
474
8403
9637
1257
8347
5339
6883
7491
2976
2974
6326
2030
1370
6922
7995
192
8763
669
1404
1179
1724
4441
7706
6392
1790
6655
807
9029
97
7520
6811
1657
6419
2308
9359
7382
4454
5434
4140
2006
4091
1390
9863
1739
2974
2183
4838
7389
2573
2263
4272
6830
4647
27
5581
7715
6920
4292
7345
7229
8774
5549
5628
8868
145
7962
8938
6782
7274
1048
8392
8147
9785
5330
1743
6251
7498
280
5571
2059
7423
241
8783
3836
458
3734
3778
3316
7943
8901
8682
4250
4045
6421
861
6909
4513
4278
7980
8521
5549
1711
3858
1382
1481
3172
1551
845
1145
3227
2741
975
7669
4329
9319
6676
2500
9936
1771
4099
2760
5526
3425
3827
4745
9117
8421
9846
1615
1493
8737
135
2450
9588
1512
4776
7923
3794
870
1536
5758
2723
9817
9025
2584
5307
5528
336
347
616
4553
133
9416
9400
6861
584
1153
1244
9275
1675
5788
3593
8399
8561
8882
5716
217
1096
4722
3815
6011
555
2475
7646
5977
6989
8668
1697
2487
8063
5829
3194
4372
4645
9733
6966
868
8366
9353
8339
5916
970
4677
8738
51
537
7877
2207
8987
2261
6711
3649
4808
4611
9697
2540
9249
1945
7183
6215
2879
9795
7025
9566
5888
7752
3015
5071
7016
1632
8032
3549
3040
7938
1082
2965
2693
9363
4460
3937
3028
2229
9123
3983
155
6246
8990
2290
3844
2830
1492
3010
5118
2777
4719
2076
195
3700
9007
7967
8602
2151
633
7357
6038
2816
9907
1057
6327
2102
5401
959
158
7174
7164
668
9889
1217
7008
4510
7828
4639
1285
4907
2395
9477
8191
1588
9623
440
9501
8752
2319
8781
5428
4280
7542
8937
6067
8464
5078
1583
2206
4198
4238
4157
8665
2309
7292
7030
8501
833
3509
4680
8158
2601
6590
6279
5538
7793
7386
3798
5852
1079
3248
233
2374
3978
361
8360
427
8389
3400
7988
4030
4409
7747
7430
9695
4214
4850
2061
6514
8811
1887
52
3018
5341
7880
5721
8446
6698
2602
3094
1721
2568
8059
6079
6481
6189
1094
7626
2510
3830
170
5136
2743
1375
1001
2999
9286
1582
2512
4255
7232
2496
7032
7896
1539
8410
8018
1238
8931
5425
8379
7201
6382
2530
9568
749
5706
3567
8969
2522
4993
5571
3877
6122
9532
5302
2159
7001
3507
2104
5871
2614
3587
9117
4471
5077
1110
2748
3718
1681
2691
4493
2820
4694
8346
8456
9686
3345
4374
6257
1753
9368
8324
2895
6517
2657
4820
4101
2115
9818
1860
2556
9296
231
5037
6804
6980
7652
3559
2707
7590
3151
3710
7139
2294
5122
2394
3975
3823
8602
5305
3798
6970
2845
2742
4475
3836
5776
6901
6681
8175
4945
4509
8698
5243
4509
9272
5405
8559
2321
4973
7841
4454
5887
4037
1856
5087
3715
3340
148
5423
6213
7345
2779
3155
5226
2760
7129
1724
672
7223
9025
4390
2700
765
5227
5432
6185
6948
4105
931
2660
1799
6326
1558
6355
4426
1296
4811
3464
6478
5742
1173
8410
6333
9126
1099
1117
1930
1773
4948
2199
7382
9764
2034
6390
2214
6670
6759
7142
4388
8169
3981
3470
6676
8515
6058
4683
6276
8267
64
9045
3849
4198
6588
709
5667
7175
9718
1530
9449
3137
7414
1174
391
9266
9937
284
8722
2554
4140
8551
8137
1302
3515
3412
7164
6612
2180
7430
1801
6809
3806
3713
9939
8460
8088
822
6060
1160
80
7756
1848
4230
19
400
2082
7401
7212
49
2243
8470
1682
2834
2278
7514
937
619
4115
1582
7597
6849
5584
5431
7940
7757
7779
7340
4072
8202
5217
5406
9769
3083
5985
5761
8384
8467
3112
2531
924
8604
8355
3738
7191
6154
5872
750
3321
899
4439
2618
1694
8318
4126
7601
7400
7743
737
2307
9118
5178
2760
910
6867
450
7830
3121
4828
6043
8876
6204
3528
7016
6972
3480
6628
10
6453
8346
7462
7988
1368
281
8105
2305
4680
9502
8918
4409
8732
4055
4203
7115
6809
1058
5371
9577
1704
4623
9878
4940
800
6008
1883
8099
3536
2659
3854
7880
6750
3579
7190
8526
2240
2539
9781
5855
2001
8277
4711
6042
745
6687
3571
3073
6931
6977
1463
4668
9335
3356
8360
4372
4634
586
2661
3842
3854
2697
6844
3152
4747
5589
7975
827
3620
9749
7314
4236
7342
7839
5833
3208
6603
6802
4508
9495
8044
2516
5020
9550
1098
4079
9589
6106
7455
5066
2532
6784
2498
3840
4225
2047
2266
1919
384
2498
3984
1164
3105
3351
4004
7483
6441
7667
492
5483
8401
7594
7899
5286
7978
7227
1669
7179
1138
8501
4831
6505
5966
8680
5444
7573
226
8047
9298
4709
8498
5776
3609
7154
645
1998
5812
8305
6438
4281
2118
6992
7121
4774
5156
8174
5587
1359
3171
3388
7056
9778
6578
4893
8610
8582
1536
2779
5854
7725
3717
1143
9095
668
4733
2794
6207
3774
9300
5406
8285
3600
3580
6209
1396
8081
9696
4665
2790
1736
4082
2178
2878
13
5840
2181
6199
7603
1686
4061
8872
5950
9613
404
6926
9028
2693
1041
5168
9985
202
8857
3106
8686
5780
632
218
4816
8764
963
2262
270
6521
1133
9365
7163
3405
9190
7795
6043
9101
5706
3183
4185
5649
2379
7000
8227
4652
7943
4416
7169
263
8618
2311
7588
9644
295
39
2095
4550
732
1512
9738
7547
4514
2781
3326
5982
2726
8444
7889
4894
6427
4113
9852
2398
3331
8090
4719
7240
3568
4851
9140
5806
1721
5114
6551
7608
7517
7710
6367
9788
5862
6136
1592
4880
955
9944
2556
6890
8779
3300
1900
2390
3647
3984
9664
9341
7841
6648
4157
8631
1548
8607
9788
2555
2244
8651
4943
8916
657
2974
8487
6817
2718
5174
6204
4148
2124
7202
214
6916
3466
5713
3894
5727
5239
5097
3817
6569
1580
8024
4595
9684
7644
8203
9528
3021
1561
6872
9380
2674
503
8108
5339
3693
3356
9834
7695
8060
4241
830
7403
8624
590
9334
5490
1781
3046
380
5261
3702
5333
8557
5835
1983
3589
4519
7304
5834
4050
253
1988
6479
6978
4460
5942
3356
5251
6525
1196
2316
6876
4037
9340
7656
326
2931
837
3142
2433
2193
3525
3705
3594
9642
8298
6222
8388
2467
2481
3611
8099
7218
9506
2143
480
3614
2829
5402
5472
2128
287
9045
7514
6288
54
9594
6661
4905
9853
2446
7034
1126
7454
6262
6066
1350
6279
7962
2407
7310
856
8339
5559
5735
4927
8482
588
6618
8350
6936
260
5716
8027
6826
6159
5035
2111
4908
983
224
6006
8546
7308
6158
9513
682
1919
6800
4559
1412
9803
3043
9447
2506
2518
3332
8987
269
3201
1120
1037
1967
9452
7365
2862
3331
8852
1925
837
8741
1156
8135
5254
7152
3202
3984
4102
5183
532
7397
9443
1399
638
1516
6106
7330
9699
2340
7960
5732
5270
6965
239
3108
5548
3019
9145
659
2319
3701
2820
9524
6108
2342
5344
9298
4360
7538
9699
9501
7590
5670
6693
9616
6762
2229
4644
8529
6319
1287
9422
5303
3388
257
2750
4445
4207
6006
257
6442
6880
9368
9316
1321
3817
7594
6074
826
5599
8208
8682
5825
2897
51
8451
3874
3073
2355
8477
3721
6796
3675
9342
2511
7393
6572
6250
1803
1940
8492
713
3123
1924
8407
7425
6983
7099
587
4847
2423
3280
8805
4055
816
91
1524
3457
2123
6275
9107
7887
4326
7493
3689
9250
1119
6640
5672
9239
9119
6808
9334
4130
346
7638
2058
3659
7223
2842
9869
289
883
9898
4245
5830
903
9121
353
8537
9286
233
4317
892
1438
482
3712
3436
8670
7704
3397
1524
5092
8971
4608
710
1116
1261
8856
1793
4417
1749
9972
1739
110
3039
6877
4059
699
5209
7723
6715
4979
5311
7194
2013
1402
5894
9082
1249
6916
2135
5800
8547
5118
9873
4412
6030
4544
804
8143
7716
7171
3963
5983
3859
2763
3341
7373
7927
4320
3688
120
2741
2643
4267
5354
3453
677
358
1648
1922
4256
1949
6582
647
1430
3977
9731
7461
4867
1456
9785
1336
3244
6413
1354
3463
8524
3905
3993
2178
8356
2115
224
3213
563
4039
342
9624
9651
9447
4099
1316
6687
883
2299
1254
5556
5133
4094
2532
120
1627
1464
7079
5390
3271
3123
9662
1215
6786
5250
97
7329
6939
2768
5781
6329
1749
5196
2625
5543
9594
1836
2671
6781
841
7446
6487
7488
1824
7849
2258
2938
7429
2854
365
2022
6353
4657
3738
420
3704
8374
2469
9373
597
1513
7578
6988
6684
6884
3224
4945
7057
2350
1449
5406
7839
78
6494
5580
356
4452
9856
4113
2196
5927
2868
5993
7459
7011
8083
6246
6134
6947
828
5580
5463
777
2513
9837
1321
678
8785
9026
8766
1338
8146
9151
1295
2035
4667
6184
9496
4382
1278
3536
895
2314
5434
1930
868
5018
9188
1409
8281
3306
7481
8653
1890
3409
2122
7443
7781
9726
4875
7129
740
7337
3000
3845
9919
4528
9228
3778
8309
1884
5898
4975
3057
5609
8595
6282
312
8943
7567
8997
6062
1068
9502
4279
6664
3011
7786
2928
9966
4828
6223
3151
990
1199
9935
1516
3672
4540
9620
2471
5767
9311
9521
1809
2617
5866
7432
2434
9953
7305
4440
6716
3999
3420
6552
5026
7911
4767
8543
2326
7927
410
4917
6181
5077
5025
2663
7871
3708
9469
9530
6680
6245
2749
9360
3810
4729
4312
2392
4964
3501
5564
3020
1494
6330
8853
6384
950
456
4483
4409
1242
4346
9422
6937
3952
8425
4107
9089
5024
2428
9070
9340
6358
9754
4847
5251
2318
1182
1934
9386
559
7477
1190
8635
6897
9790
1251
4105
8577
8873
8212
5580
6666
8413
6783
1170
4272
8848
5211
8532
5890
133
6935
741
3032
655
6428
2324
5834
1651
8782
5015
4682
5248
3919
466
2294
9544
9515
3223
2422
951
952
7246
6047
7213
3497
3050
7088
4849
4916
8155
8986
3307
8228
7395
2922
554
4692
199
39
307
4427
4112
5389
6215
280
6889
9003
6316
9416
1483
5108
3775
6570
4934
50
6480
377
1451
6747
4436
7321
9008
5425
3602
9236
69
6322
6714
5543
6788
3859
854
9699
9030
3124
8158
6180
7205
7707
6937
5852
6615
66
6230
7857
7443
9482
9054
8312
8294
1899
90
2286
2083
2811
9724
608
6727
5397
7450
1463
9607
8714
6162
2514
3498
3701
6559
3805
6694
1416
4200
6784
4214
2679
362
2128
1122
8206
5269
9135
7733
6966
1778
3465
3601
9721
6601
7384
835
3024
9826
6741
4864
9667
5386
5689
1076
5543
3328
4693
5445
2114
7018
8303
7623
2781
6521
5428
6868
7803
6988
9575
564
3289
9889
8740
1816
737
1383
6640
2435
1876
5140
9326
3981
6271
2574
2714
3573
5611
5313
892
2831
7159
9726
2622
4640
5986
8803
8328
8891
5119
6146
6183
3860
4306
5537
374
8817
1829
7254
802
405
7607
4114
8177
3515
7565
77
5276
8847
2280
5199
3866
208
9530
5557
6702
7371
4433
2657
1344
9412
9922
4147
4468
6518
5065
5641
3373
9443
1445
9607
3594
8797
1986
6119
6379
6952
3166
4680
5835
5135
7403
5120
6045
560
4714
3302
5370
2774
5326
9594
6555
9486
6103
7049
6976
1993
1870
7653
8956
7482
892
5685
6730
4427
7889
3125
5836
0
7965
8010
5342
2945
7901
9682
352
9915
5293
3454
1202
3920
2576
1629
8468
8519
5730
7997
7198
1415
6040
7918
112
639
4779
7853
8915
5657
4599
8491
6025
6902
9197
3639
1194
8969
7806
151
7911
5725
2496
3852
1733
5143
4856
1334
6398
9073
8462
4898
1623
8912
4947
4236
6131
306
3352
9077
9155
9042
5898
6261
708
4222
1184
5631
3022
3987
1799
9503
1649
7437
1406
9905
2622
2530
8962
8453
5301
8745
1573
7259
3678
5650
2515
7411
1900
4027
4672
8504
3049
7211
8200
7950
4297
1925
1358
8836
5068
4321
8799
3188
3132
7371
4030
9321
9881
6119
1221
4609
1795
5644
9994
333
3872
5464
757
1366
2599
8935
5621
1312
327
1657
662
1263
6484
8198
8281
9269
9302
616
665
4129
3507
7218
1617
179
2813
8541
9222
9787
9082
427
6626
7254
1169
9099
7001
3987
6104
7494
4001
2040
4096
2539
4774
6148
6630
4305
3084
171
8678
7519
7227
7623
1675
9752
7467
6880
8040
3212
6008
2087
4040
848
1928
4225
999
9647
5133
8551
3801
8255
7231
6483
2818
4831
5577
6761
2573
6412
7811
4604
8842
7093
8438
9095
218
6199
7238
4315
6471
8447
3522
7268
9636
917
801
2409
2627
1295
6176
369
9304
1133
4031
2597
3918
1445
3865
6267
79
9559
7365
9241
8844
9301
3092
520
8662
3171
4015
8571
3756
8039
9159
8509
8311
7763
4491
718
9336
4863
203
6360
928
2266
8313
734
6111
4169
4226
3383
9947
7042
6825
8358
7696
259
6166
9229
5881
6991
842
7284
3530
218
4950
6898
1811
8053
3382
415
2876
3642
7662
3015
1919
7220
613
9305
6431
3590
8276
3879
3650
5865
2147
4188
364
179
4016
8204
9084
9212
6285
5114
8866
1294
8455
8694
1695
9795
4197
9483
6571
9574
3844
3851
7102
4778
7020
4289
8940
3680
9788
6226
4867
6442
3711
2506
8449
5381
4978
6902
1069
5990
4091
3062
1680
4519
8702
5842
1178
9498
8466
2753
7068
1785
6549
5779
8538
1831
9052
9070
2036
2607
722
4702
5128
6116
4917
6798
5190
2738
5667
3255
9261
8724
7711
351
896
9499
5338
2552
4866
589
7752
3559
3190
998
6619
3655
2233
8731
2389
2606
2752
2373
8208
4659
9753
1882
9113
1228
257
9010
6450
9574
5584
2188
3793
1562
9490
6751
3623
771
6605
5117
4135
3185
842
2744
3377
184
1499
7869
7122
1383
3375
2658
6588
3362
8090
9500
1265
473
9648
3760
48
4508
3244
4698
1125
1742
7666
7299
4353
194
3610
780
9524
7666
9833
3407
6276
5670
2231
9919
2738
1433
104
8381
9504
3090
9761
3548
7668
1493
3235
6922
9225
72
3332
2676
1867
2011
3717
8109
6254
2231
7016
6049
2256
1650
4965
5724
4259
3008
7700
5777
6879
7876
5729
6356
8094
6116
2965
2320
4478
6579
3810
7971
9016
3794
6725
8467
4684
1724
3965
6109
8882
7718
6207
3082
936
7471
320
1829
8243
5852
7087
7492
6645
3300
4906
2380
1211
1167
1634
3989
6123
8180
448
2525
4796
993
5787
2387
1916
8153
6200
1432
9095
9444
4343
7125
9996
9653
1687
638
925
8042
7962
2941
1245
6364
380
5058
1012
2258
1740
1299
927
9975
3155
1208
6807
5686
7359
1220
492
1681
1505
5406
2028
4165
7166
8841
801
5865
1839
6837
290
1950
4901
3509
6886
4772
8679
3714
485
7668
1290
5956
168
4825
4553
991
2689
9516
8308
6660
3800
5423
594
6053
842
3210
5139
5926
1015
8323
4706
6328
9545
5147
3853
8144
3318
1286
3372
3911
889
2825
1835
1799
6521
375
4535
35
34
4567
6343
5873
4007
6751
9119
3121
8194
5008
6565
6112
6945
1603
6531
8502
9424
7965
2646
2540
7700
1893
8662
6356
7087
7434
933
9779
2116
1169
2774
6338
3019
7513
3341
9340
6980
8314
4303
534
1965
6227
1676
8472
3443
7771
9672
