3333
4932
6615
4949
8591
5732
8104
6942
7054
866
4102
5434
2937
8725
8326
8088
2880
3319
277
8784
894
7737
9593
3315
3991
3189
3488
4372
7747
5249
5170
2230
8985
1675
23
4984
9320
6129
287
4098
7092
2300
1971
4583
5988
8867
6076
591
2586
2968
963
8134
1110
6759
6796
7650
7531
527
1995
2451
7187
7486
2632
7464
4640
2742
3217
6791
7459
8129
8943
6593
6498
8139
1490
2329
522
6281
1704
2626
5387
7577
7663
9780
4325
8060
6419
607
1485
3452
3768
8832
3924
6714
3526
7861
1711
3621
9620
8475
1397
5125
9084
8003
7808
1546
4163
9945
9892
1676
5697
383
9136
2985
6087
5594
5755
4538
6484
5669
6586
5963
4255
2630
5408
6772
3468
9508
2564
9130
5167
4676
8054
4843
5550
5431
5291
5072
3728
1313
4988
6134
5587
9737
3977
4216
3718
9686
4784
6153
9427
6511
6292
2896
4283
1686
188
756
2682
3168
7859
3192
4350
9791
4056
2683
2642
1344
891
4460
1049
9198
8679
482
6368
6693
6191
3412
8541
7803
6642
4537
9874
7503
7812
3899
5100
7669
2966
7911
1220
6980
1832
1743
1226
8955
1819
3646
4831
2453
9351
1120
2608
7312
7173
1842
7895
865
9039
1095
6563
2707
1633
7892
4646
1797
2203
3068
9838
8515
4221
7658
9008
2308
5543
4564
9306
6058
4180
6153
9188
8304
9066
2711
2640
3066
7655
2538
124
5793
2677
6785
9274
3425
7672
315
6954
9413
6032
9995
3752
2187
5811
1592
7152
2309
5303
8105
925
7996
6690
2001
5055
8430
7740
6350
5448
5984
4344
7966
5860
4721
4224
6388
4380
6928
1170
1392
1889
7954
3779
2923
9405
8929
4332
3788
5219
1219
4072
5371
3165
8002
4107
5744
4587
1512
3553
4660
3274
2572
2648
6458
8088
6416
29
6128
3230
538
7110
9189
6602
9726
6677
6076
7352
271
2832
9610
7810
7967
8992
4986
5951
2009
1604
2432
6294
1168
7529
9766
2748
1076
5131
3066
960
387
1411
8442
5659
6457
5339
5672
9082
1419
4133
570
7535
5423
4485
5538
9734
6011
74
1240
6373
6073
6538
313
3481
119
7067
2167
8720
8233
687
3035
8688
2917
1786
2361
9550
6507
7518
1012
7918
4395
5896
9819
123
7911
909
9103
7764
9219
5436
8627
1072
4592
8223
5922
2318
3137
8910
3898
3693
4435
775
5450
7743
5159
9048
9022
1313
1992
3275
2795
1704
8131
751
5670
698
7233
7998
8596
9204
3351
9514
2739
9368
7970
607
6030
4031
3897
201
1167
5320
4156
7870
1951
3180
1679
2524
407
321
7218
6383
4821
853
9949
3559
4546
382
655
9564
964
4528
4380
1573
6193
4096
1031
7488
2444
7458
1852
606
9085
3092
9527
1732
6500
3221
6295
9433
3613
4928
9143
5683
4801
9010
2234
7771
2548
3131
1421
3523
2995
3531
2476
2635
2933
5726
4684
2362
6000
6948
1183
8483
8807
3445
3354
5812
33
4930
1712
1939
5043
9781
2013
6764
1364
8876
610
4942
3109
4367
5930
5618
9424
9968
6575
4399
4771
7142
3976
3420
9967
6574
255
3263
8096
6702
3595
3315
6567
7869
163
6109
5148
442
4335
1300
812
3455
4996
2477
5924
8379
3570
8557
1255
9621
6128
2131
6104
4214
5020
3438
7592
8302
6275
3444
1234
9074
7396
4157
501
9464
7366
766
2374
9310
1856
4692
7703
9118
2607
9153
3578
4534
3866
5451
4798
8701
9770
682
5705
5104
5964
4073
538
9446
1337
7627
8096
4946
7445
3033
3935
3220
7537
7250
132
9801
723
3180
2172
8236
6955
7171
2621
4200
1719
8012
8141
6745
4637
7085
388
5064
312
6931
4105
671
7611
7074
8713
373
9012
4154
8729
7640
1180
3471
6346
2433
4901
9573
5557
1786
4120
6471
1893
3612
5329
3333
4015
3813
5081
2017
7301
5395
7449
6074
4915
4222
5556
8267
487
9501
8205
3030
2073
4874
1918
6824
1643
4690
8394
3775
2255
5626
9641
4799
8331
8551
8159
1017
2418
2411
8477
4868
8525
2466
1762
9454
1522
4536
3177
2051
3150
7432
136
4107
9241
9300
1620
4504
8012
3870
2135
935
573
5887
1507
9769
4438
9538
6900
9206
5778
5501
6422
5065
6496
1420
2926
4922
2739
1806
2066
3682
9209
6408
4874
2910
8583
8767
7034
9398
1884
2566
8382
4324
6264
9686
7200
8369
6278
849
9212
3193
7690
6742
18
7191
7050
6188
577
4466
5032
9201
303
7861
3940
9966
616
343
9158
2115
8032
943
9707
9158
4990
8243
2697
10
3920
509
3584
8198
1750
4053
8612
8023
9827
9927
3222
6678
7606
8853
2652
3425
6184
5804
9892
3809
2006
3858
2708
2834
4737
8093
703
870
2920
6399
5195
6868
1929
8108
2591
295
2154
2154
8934
1955
3076
4036
5120
9329
2868
654
9505
7953
9730
3678
5062
7492
7176
7563
4338
8626
4052
2355
3929
1818
233
99
7907
8220
4954
3721
3120
3162
3837
2047
3531
6077
8951
9792
4457
4156
907
7251
4939
2844
5691
98
895
8680
2839
5615
4718
5611
6446
4686
1110
9180
6129
3613
6475
4134
9829
965
7879
6508
8110
7417
3300
5703
5484
2545
706
1665
5497
715
1142
6733
8729
6470
7916
3627
7609
892
5461
6820
2672
3716
660
9013
4458
4683
8738
3332
9646
8184
1989
8970
9589
8788
3960
3270
8108
8821
8847
4779
4013
1589
7927
2930
6317
9698
4346
4525
8939
3995
813
8408
8931
470
1058
6843
1033
3088
3537
497
7687
2368
4459
5774
7987
96
2528
1230
2387
5499
1010
1811
5292
7786
6698
2922
6711
9995
8528
5957
9268
5446
1897
1398
1780
9073
8535
2358
1208
2276
7702
9486
8304
6187
225
5837
2634
4753
4402
8701
7850
7714
4222
446
5664
9802
3823
3551
8099
2373
8641
1883
8195
4033
4431
3865
5606
7873
1391
587
6943
5588
9292
3160
1894
8116
7577
8129
547
1756
479
6751
6491
8640
6073
6000
8663
391
8579
1250
93
4659
637
907
8425
7733
4368
4167
5526
8342
1750
5656
1511
3763
2482
3049
4288
2505
7711
7077
3734
3117
2795
8214
5061
9918
586
2707
6495
5415
3736
402
9614
1609
1794
2233
5279
9406
359
224
4055
7239
3714
6914
289
7915
146
9016
15
3383
7286
774
2375
9366
1368
5870
2021
1823
6712
9061
7094
9123
7983
7989
7855
9310
2233
3638
4486
8648
7236
9445
998
851
1598
1178
6647
3924
888
1400
3264
9028
3888
9360
1665
6402
4285
5206
9172
404
6335
2550
1139
7902
1110
6774
1223
5935
750
5171
1295
7529
2032
4355
8174
5589
3340
7340
2080
8272
5821
9997
1341
3299
5417
1766
329
5257
4198
7348
2683
292
1255
1849
9915
5802
9714
6194
8397
3240
895
6256
4804
6981
4289
6831
7852
3717
5393
3107
7918
8017
8185
9795
8745
6365
7714
8861
5114
5417
7998
8740
2435
1047
2772
3016
336
3320
8736
8894
871
106
2
8218
5439
787
9856
1990
3139
3252
3689
7400
358
3361
8948
6926
8216
3064
5879
9828
7471
7726
8649
8386
1575
8933
3214
4510
6655
3466
6328
6872
3869
276
9885
946
4970
8
3545
7208
474
6524
7334
8144
2685
1477
7804
7369
5395
1447
8904
1455
7002
9173
5634
9311
6003
6375
5268
7622
3921
3742
2724
4559
4146
6022
9939
1927
3009
9745
678
4323
9985
8460
8321
7539
1497
2866
4175
5340
1610
4875
3801
632
2333
1312
4972
2411
3509
1548
5381
371
9576
9863
1728
7427
6620
4359
8816
9736
2832
2418
4520
8827
3480
7536
5067
1865
3689
8266
6759
1326
4129
4802
7684
7038
2537
5182
1637
5200
623
4270
6547
4303
2305
7573
8572
6257
1626
4753
6400
2764
7562
2894
4277
8631
3846
4263
76
9898
1515
5752
2277
706
363
8727
5850
5000
5989
9460
7753
9917
3866
9854
6360
8247
7410
4280
8285
4162
6532
9082
2637
3753
9710
5859
2609
5303
9507
7733
4257
7958
5508
7416
9152
9871
4929
7468
5841
1319
4250
5781
5833
2680
8709
4820
1565
8467
910
9853
9951
799
8581
218
5690
6608
8167
7003
5293
5753
5431
8669
6832
9066
8469
1525
9319
7417
5223
6448
7981
1666
6512
243
7081
251
8210
3897
396
3372
5945
4669
3885
15
6264
4411
5367
8196
4283
8113
5439
2619
2303
9535
2661
4600
2462
5286
4811
2710
425
6225
421
2460
6216
4175
4244
8394
5246
6303
5015
942
8353
431
7638
9619
6116
7465
876
441
6224
3059
5740
1580
3343
1339
1996
7906
4276
9809
3565
233
9499
9315
7200
4884
1808
3094
7170
1689
4857
8641
5022
24
2946
1443
1311
9511
6403
2061
4816
1776
9643
1679
5357
1479
1938
1188
4228
7074
7603
6623
5980
8293
6586
5702
1156
5593
3351
3232
2798
29
2299
6723
8090
4316
5303
7246
9961
609
9255
1073
3129
6219
2153
9895
3775
4479
3693
5378
3298
5562
3693
7997
6395
676
274
2553
5773
5864
3559
1757
9659
5401
6325
5434
2296
836
9012
5065
6907
9421
9799
6335
8240
8163
3965
7133
1341
9781
3366
494
7268
2473
7665
4301
4021
3305
8003
60
4862
585
7287
4419
7817
7764
7700
5332
208
7756
5910
3068
1123
8317
7529
7731
9673
1087
597
5251
3122
6079
9599
3362
3379
2245
6584
9906
1016
1690
8878
1826
1357
5700
9571
2174
1871
7303
4075
5433
4405
8210
9368
7611
5241
7134
9050
3660
5703
4130
6971
1307
1471
3473
4174
4287
9265
6158
5773
7006
9556
6223
4161
7628
6181
7742
3878
495
509
2999
5673
3104
4768
5803
3052
610
5329
1614
4995
3447
4893
6066
1280
6778
4136
5935
8345
7011
952
2962
1703
2655
2014
6358
424
351
2693
9004
3232
8360
3626
8066
7222
617
713
5175
6221
5307
6793
6114
499
8524
8286
4010
8529
8869
933
4691
9609
568
5341
4077
83
6302
1712
7927
9216
8195
9879
7547
1162
3855
4125
9529
5664
6788
1254
1626
4889
319
5513
4829
6485
3543
3979
5879
854
9062
5598
5575
3444
8773
8604
4257
1301
1012
3112
355
2298
1734
3723
4423
7792
5344
680
5636
7871
3232
1630
7157
8289
4911
3997
6854
8080
5058
5903
1728
652
8377
2137
1928
2866
3036
6955
437
2785
7195
2168
4876
7628
2953
8997
2816
8027
6528
3246
1080
4481
6194
9194
5424
5076
7313
5962
6289
649
5188
5536
5712
7392
2680
9985
3673
5410
7979
1639
7279
4394
1059
6169
9104
4998
7615
3975
5733
9281
2132
9492
5919
1121
5386
3359
6450
6807
2102
559
4621
38
6086
6898
1388
9089
3781
8472
804
4193
6873
5913
4926
6293
3355
6426
4293
593
226
2481
4459
5547
5466
3735
4783
2616
7859
7579
4521
4430
1438
2491
4756
4987
8827
5258
8173
5331
2821
9652
1068
8744
1742
3659
2019
6840
7023
2356
4132
9419
2370
8918
3161
59
2436
2403
9563
3691
1363
4421
3645
4985
7800
419
7442
7845
5318
6843
2908
1141
7410
3843
2594
5593
1052
6801
2662
4689
2840
8139
7388
1618
8499
48
1661
2586
8648
7272
6126
7072
7078
9458
2300
2180
210
7718
2028
3562
5476
1901
6610
4614
747
5207
5376
1653
455
1184
1350
5758
5099
5274
6515
9735
7577
1853
8282
7948
1729
5
9118
2340
8510
3089
1521
2438
9853
4135
6403
5249
6352
5997
2177
626
490
1830
2473
4719
9340
9812
2917
7395
413
8864
6329
7983
9576
3904
7718
606
8844
7265
534
1856
1150
1582
6874
1328
5041
2547
7251
9270
4396
5673
4842
2423
2931
464
5818
9285
3455
2293
5777
711
5615
5389
4081
680
9944
5712
4053
936
9611
986
1485
788
555
6515
9605
3907
8690
915
8909
7625
617
7399
9894
6637
2223
4631
3890
9535
6231
5648
5660
6450
1379
2687
2012
3064
2750
7337
1903
2438
6881
3283
3426
873
2813
6249
4917
1051
2132
7134
4013
4456
5124
2166
9094
4864
2814
6807
5745
6145
7344
3088
3642
4739
561
6510
7427
5290
3291
5305
2502
3207
3334
7363
8752
5180
559
7397
9659
8691
1733
792
2404
2625
409
2796
6794
9317
8814
8919
7513
2356
7936
5446
989
1929
7518
7541
8642
916
9997
7068
5017
2014
4518
2975
3472
1597
8659
2119
3698
562
9273
8303
6157
2807
3363
478
250
4311
6051
9468
2450
5479
8112
1555
534
5365
6220
1248
6536
5193
2616
8841
7518
638
3126
1651
9704
6570
2103
8106
6933
1502
6797
5872
7613
1128
3584
8055
4937
3818
3629
1040
1126
2539
7136
3688
3016
8474
3954
677
2561
5602
106
6262
7495
4258
3331
527
5223
8731
1668
5864
7407
8006
1918
1909
3709
5680
351
8679
5882
6618
264
5614
4424
6725
2105
560
4194
600
7146
5393
3155
9671
6336
3951
1819
7677
4577
7608
5071
5800
652
4773
1126
6956
6145
3538
6499
3286
2531
1754
7001
5411
2520
1055
135
7303
2841
7608
2706
4684
3291
2448
1886
8434
6257
7741
2973
2472
5984
3821
4290
4847
308
4703
5977
5333
5505
4564
5612
9282
9482
6228
935
2445
1890
2168
7982
4284
4790
4670
6723
6100
5349
9485
9274
9560
444
5718
7929
7402
3921
5888
9223
3041
1522
171
5682
2018
3264
6947
2023
1093
5846
5253
3211
1929
8408
8498
6667
8319
5724
9164
1985
1955
8323
2198
2524
221
5839
3491
6425
500
9576
9343
8161
4611
1524
516
1068
3960
2500
176
5629
8344
292
1835
2725
2885
4706
6281
2069
3659
2228
4027
4959
3615
5363
7030
7595
5505
6349
6658
8161
9278
9907
4585
9596
6185
8692
6964
3839
1622
3735
6555
7862
2626
3168
1695
1152
6594
5315
8320
4156
7359
8791
2883
6646
2474
3334
3188
2396
769
369
7969
3441
7158
2284
7392
5354
2118
7980
9636
8487
641
8035
533
4389
5559
5682
3241
2612
5458
1888
2694
3545
6059
3556
6477
9952
1644
3680
9365
6185
9150
2841
9756
4688
5138
8297
8586
1549
1660
7571
5172
982
8787
5647
6935
7389
7100
1537
5358
4582
4762
1588
1221
6571
8134
9141
5311
9805
1071
5936
3067
5133
1224
2389
5931
4538
8894
4559
2746
8166
5133
193
9900
2424
2557
7203
5998
3840
605
9403
764
126
1756
7025
1709
8505
9512
647
8843
2196
8049
7799
9635
2983
4356
9527
3355
2618
75
5567
4228
9227
9719
7263
2805
5118
2344
6629
7744
8916
3547
2171
3689
9734
8482
8718
5813
7117
1304
7629
9392
4823
3000
3785
4219
1180
1316
130
2718
5065
15
5531
9314
7056
5378
5683
9249
6907
7486
7162
3856
2831
9770
1721
1961
6828
6595
6906
6234
4549
4241
9338
4046
6938
3071
3485
4333
8970
436
1974
3561
6087
2682
2734
5535
5161
4633
2857
1490
4487
6243
481
5753
8634
328
1562
1964
6371
8431
3793
411
768
3225
7214
3804
2328
2833
906
5389
683
1220
31
4713
6890
1432
3421
5040
4792
8665
5602
3460
9122
2792
7863
7978
9191
8478
2326
7506
827
7510
3654
7257
9740
5709
4471
1720
4631
1979
7087
5802
4183
3638
8436
4403
4025
4891
2997
6042
4346
6135
4023
888
6237
2089
3511
4394
1388
3144
9746
3144
6077
9513
6342
3291
6697
2855
6361
7804
3517
840
6144
2401
5420
3152
6494
7339
3714
9078
1891
4614
4444
9417
5686
3049
5413
4520
8405
2661
6705
1778
1514
4307
7736
3709
1245
6521
9103
5497
9262
9117
5504
1570
1719
655
1993
7702
2081
1496
731
2127
6569
5870
994
5023
2290
8428
3555
629
4633
765
9594
5529
1007
2261
27
4292
7466
274
8527
3709
8831
5180
3358
4774
729
2631
77
2602
7899
1606
2281
4227
7074
6706
2411
7343
8020
9721
9181
2579
8950
3650
6274
4773
7373
8433
723
1131
7062
6561
1024
1761
7393
6362
9529
9916
9609
6691
5818
6368
2966
4240
6146
1134
8083
5854
307
9631
350
6934
9546
558
4442
3844
9855
3081
4019
1139
4567
963
7460
8756
3146
4818
2261
6942
5332
9602
4244
5135
5578
7811
8431
1107
5592
795
882
2927
7194
8802
5969
6944
6253
7732
6758
2257
3116
879
7150
4353
3333
3587
6594
577
6605
4645
8014
9214
7605
8798
3317
6125
9793
902
3830
4450
665
1954
1446
4138
6202
5598
6928
6366
724
8520
8152
3795
1803
4783
7340
1227
5356
9886
2113
4197
3871
3844
8899
5195
4843
6503
7422
7185
4821
9505
6805
7680
1810
3315
3209
9719
3142
2497
3783
4259
3732
5290
9074
7213
7992
1331
3941
7892
1323
810
3083
9268
8537
9704
7664
1569
7549
7592
8502
1917
5746
7838
3834
2242
3758
558
3803
4442
7157
2504
4715
2740
8724
2147
2955
1901
8636
4683
3645
207
1765
7879
6471
607
2020
2915
3337
1514
3195
6731
7558
4375
7679
9367
6309
6771
9225
20
2491
2209
5687
8571
6197
4932
7523
2955
5883
4828
8161
856
2353
3712
6286
2348
9798
6376
6026
2597
5751
1624
4547
3679
5960
7336
5717
3279
3817
5655
9837
7457
5624
4121
4502
3378
7983
4470
3220
4752
2401
1789
501
9550
9452
9367
810
2024
4016
8960
4120
5248
4230
8741
375
6679
6503
1892
658
7847
8099
1006
2447
5710
5794
1808
8828
207
9744
3596
771
1793
4687
6135
2648
5434
5006
8566
6349
1521
9380
3890
3224
1007
8679
6680
7551
3086
4566
889
5530
1975
7169
9523
5605
8870
1292
9251
871
3068
6093
3334
6174
9241
1526
3523
7350
4211
3091
2892
6157
9227
405
3898
5513
5850
1571
5884
2798
8944
7298
2532
6578
4120
5300
8779
2110
3436
8964
3738
7443
984
4961
4894
7293
5006
202
272
7849
8188
7225
6574
3519
3033
892
8205
7109
7450
7579
9552
2952
4688
5150
1318
2469
1528
6426
831
99
2218
9844
1617
7399
1093
3524
7197
3111
7884
772
616
9769
749
5974
1649
339
4547
1740
8042
3145
1889
4134
9967
9527
4757
9323
9317
7923
5299
2836
260
6972
3580
9813
1335
4682
2296
1007
3947
4610
3104
1859
4599
9985
5376
7360
1730
5938
3097
5214
8870
1338
7510
838
2881
2497
8951
6865
9775
8093
5452
5058
4872
551
1932
5534
9329
7788
6447
1162
990
8339
6622
149
321
7696
6171
1670
8580
7178
4007
1502
1781
977
9123
2627
6679
6141
5891
7391
9856
9349
5063
9415
3495
6858
5550
3519
742
7005
3860
2456
5210
6993
5600
1401
5861
5653
2990
8065
9147
7228
7179
3562
4126
5433
7833
3541
2788
6820
1419
4559
7443
8725
6977
3471
7107
33
7574
93
9096
940
874
2827
4569
7193
1157
2321
2658
6062
8525
178
6743
3493
2097
718
1817
6692
7208
2681
2614
2306
3583
2692
4182
8973
8320
8052
1920
1587
8499
7987
2197
8579
9011
1947
748
9028
6762
2158
6418
1859
7071
6303
4787
3703
4374
6896
8985
2539
9496
3981
8017
1618
8689
7002
5777
5934
6390
1646
3964
7650
1484
1681
435
287
7788
8268
7978
7817
7083
4169
3810
2744
8179
1202
7064
6838
3664
6264
8478
8463
7836
7675
9476
863
8728
9865
5535
3625
7067
5406
4580
5633
9285
6921
8767
2691
6433
6916
9495
2529
1362
7664
3612
9547
6428
6577
7980
9716
1414
9276
4734
9332
4009
590
4162
923
3536
4217
3932
8109
307
4692
9933
152
1007
2501
2535
6118
3317
4283
6022
3058
1425
4184
8409
7442
958
142
8165
1239
2830
9942
6810
6864
9514
1557
2844
3968
9913
2904
2831
2534
8115
7068
2123
2136
6705
6295
7618
9639
6008
9589
6010
848
141
813
2292
1856
7809
9270
1806
3902
5504
3430
9920
8683
8866
9076
9000
3856
7625
6662
7154
8596
5627
9410
7825
7543
8870
6985
1155
2751
7294
7604
9641
7857
2217
9491
177
1614
7162
6310
8540
5592
7492
3002
7728
9341
3000
3008
4789
5590
240
8335
3941
1585
3814
8382
208
8043
5677
5563
4186
1193
8694
5554
3637
8982
5679
9978
109
2894
4044
3452
1396
2778
6254
6711
1795
7968
5164
1140
2222
8535
2611
3478
2255
6031
8537
6288
179
6558
6081
1373
8016
1328
923
7363
4178
1971
9871
1957
9106
1629
7305
7449
6674
1172
3830
2671
2955
1976
5302
5081
7300
4272
4872
2539
7578
9778
4979
8966
6552
8248
5988
3563
2078
5906
5376
5742
9727
7162
7402
6771
5399
8732
1521
6161
1722
9274
7796
6128
5457
8888
8186
3601
1113
472
9115
8481
6979
6242
6331
5525
8163
8991
3648
112
3673
6832
591
8724
592
1406
7734
7838
1631
1444
8488
2804
9392
8294
314
8777
2181
3223
2087
3341
5102
9179
1921
3045
3782
8285
8922
2387
1582
8903
8813
1568
5052
8058
7809
2069
6806
8933
4854
5775
6730
9702
3659
4983
482
1896
897
1521
4208
4278
5305
2422
393
1268
4764
1488
6784
7467
7645
9333
3225
9147
8995
8528
9711
7962
4456
7850
2533
4192
3841
8589
4979
5364
2439
4316
2999
6287
8446
4462
344
8349
9472
1165
9559
4497
2897
3317
2206
8186
2164
2250
679
2363
6615
7621
3291
759
5885
2634
6046
989
9232
7887
3951
6364
8478
5560
3043
5824
1319
7224
1694
4685
9677
5080
9895
2172
2874
1344
9850
2221
8813
232
6957
5592
7334
3610
2643
4625
3051
4133
6297
2979
2165
8494
2243
7505
3485
9392
7441
4694
8952
6329
2491
1560
4169
6962
9997
3073
850
8341
1129
3156
2716
2381
3090
618
3141
152
7280
8575
8247
6379
25
5412
1854
5183
335
7324
4010
7413
6147
4974
4177
1717
4519
4687
2576
7261
7908
6698
2766
1263
2602
8610
850
3659
7671
2629
5882
2592
5792
5298
5408
1857
9119
9610
2958
9566
7037
7812
6845
4316
480
6576
7029
4962
4358
5587
6583
8908
7407
2344
2404
6554
6798
3784
1286
9869
8913
7579
9995
3555
3585
6726
5282
6926
7234
5155
8350
5845
6997
3670
9468
9582
7613
24
5241
4769
1423
8512
6116
2108
411
2815
7487
1501
5289
4933
2803
3765
4780
6877
938
1515
9851
8109
1939
3050
9373
1530
448
3331
3034
3856
7542
3754
5192
9517
4312
3864
5840
9271
1945
8088
750
724
8896
701
853
1720
3047
8486
4153
5002
4333
4691
8683
6643
4187
91
4502
9890
5863
5491
9431
2029
604
1326
6102
5272
4272
5437
5846
9074
5700
9152
5080
5417
4157
7515
8762
6415
642
1054
2160
3949
804
6431
7821
1234
9703
1326
8092
6168
9473
7321
1100
7326
1665
1796
2020
8941
1670
2904
8584
67
4060
3764
3008
1718
6105
8618
2794
6398
1320
4051
6390
2189
2222
382
1899
4773
2074
5768
434
435
872
6377
6502
6948
3631
4441
8553
2130
1642
8877
3247
4752
2550
5400
3828
746
264
3988
1939
8194
1689
1606
7330
497
1376
7842
3187
9467
7850
7787
167
5374
8125
370
3714
2927
4071
7731
3635
2460
4438
8843
3279
7807
24
7245
131
2374
2585
3048
841
7021
91
9082
5343
4272
5380
5751
3113
3474
4102
8054
8179
2927
9945
465
8
8422
5302
3816
351
2901
8824
369
8254
5857
4298
9859
2864
6595
1400
1197
5250
3817
7594
9608
9463
1241
8398
3899
8132
3333
6562
9071
7426
3953
6862
8645
9285
9479
913
6382
8370
3770
4317
7757
4271
14
9331
1757
1715
5574
1298
8104
8898
7783
3150
7150
8546
1771
6518
3638
2481
3186
4373
5568
1425
9646
778
4227
7942
5878
8302
6605
4883
4648
488
4698
5004
3384
4009
5633
8248
4120
7188
4527
7594
3134
3836
8764
4781
5710
2284
9150
1271
1105
8771
9324
415
4845
5656
7188
9980
2437
8892
2822
1831
6498
4564
5506
5900
5986
1060
8820
4462
7015
272
6919
280
8033
9111
560
3875
4104
3467
1339
3063
6583
5104
3566
2471
1164
8757
7809
6785
4747
5219
7952
220
6011
8780
4081
1049
8458
9072
9505
3740
2849
9309
142
7020
581
4314
7507
1802
1493
9601
1902
1658
2708
5010
3362
1416
886
1163
3389
3236
8624
7877
9753
8519
687
8633
287
7855
6825
9968
9314
9231
7314
6093
8594
1783
8280
7636
2282
9477
9478
2951
5893
5798
661
4199
1210
5793
8619
6353
3900
1212
7595
5024
1383
4245
4966
7661
3637
4937
5636
6238
376
1706
3819
254
7423
9611
9959
29
7765
4900
638
8083
8424
5518
4395
4176
6218
6213
7442
3766
4004
1585
2049
1278
6703
9281
851
9848
5607
4537
518
7550
6268
1824
9035
3830
9218
6975
4329
595
2458
4890
5112
2116
1031
9598
3616
3917
9730
5460
6182
5697
9557
8703
4187
961
1253
9656
981
9291
2699
3578
1048
9031
1919
1078
5732
1932
2010
6113
9232
3344
186
7622
3901
4914
580
1146
9531
3155
1633
8923
2141
7140
8288
5667
3374
8158
2077
4796
5835
1215
4630
9024
5171
6558
1689
3011
7343
9156
1459
3627
5384
8498
1499
5032
8358
8105
1079
5447
1648
7980
6091
6763
587
2784
4863
1909
1138
7624
3485
8734
8063
5326
43
9516
8260
3076
3763
5975
3281
2102
7229
1863
7765
1194
6689
7956
4428
8088
3198
2720
6328
7579
2031
2718
8521
1563
1471
1230
1099
4064
356
2783
940
6203
2590
2811
2615
5617
163
6468
6476
2818
1995
4526
7423
7966
3824
2563
3970
4168
3163
9697
5751
3646
8926
2780
4159
4874
8513
4548
318
5591
8155
188
1039
4619
7134
9510
115
9837
3365
487
3906
6830
6369
7209
9954
9880
3276
3138
8150
9379
8832
5727
634
9316
1289
6170
2421
4826
412
111
8699
7821
435
5808
4304
3634
4773
2068
4538
3960
7085
1478
7732
4146
1877
9180
2367
91
8952
7145
9509
8576
7740
9120
6695
2103
9360
2426
8743
5008
2079
6049
1087
2546
4281
4060
6920
6204
5357
9489
4492
6100
5521
7989
4456
957
1694
7562
1101
4924
9932
7798
870
9270
1725
7432
3366
5523
5083
5473
3938
1221
6672
9439
9280
7957
538
74
3072
8066
6882
647
3312
1106
7423
8691
708
1178
8413
4970
6254
4770
9691
7153
1523
8761
3483
6086
6117
9408
8302
5183
6282
7870
6926
5644
7989
8709
3444
8400
467
3177
2085
5008
6560
3096
6220
4117
5907
5501
5377
7128
7744
203
7645
7886
9693
854
8858
9548
8118
2933
4908
8185
9364
9525
2530
4405
9502
5387
6848
6746
468
656
5001
1302
2757
2524
1978
4269
4250
9016
1131
855
1819
3842
2140
2797
8328
6607
1903
130
547
9127
7663
3291
9347
6787
2394
5689
4492
5299
7080
5048
9014
7212
2510
6119
676
4232
9375
6749
6304
5217
1501
6798
6038
1086
7886
9671
8235
7995
8253
2052
5900
6497
8790
1021
6218
8714
6209
5102
7688
8150
9985
9355
9335
1591
9489
5213
8285
2680
3095
3868
8523
8202
8403
7330
5435
7970
1869
9875
236
6356
4406
496
9257
3093
4897
1167
2736
6811
5246
318
3808
2171
9926
3478
7627
3759
4614
5747
0
1976
7595
4017
7680
5245
938
3573
5069
2139
6749
564
7342
1593
1621
9802
5651
2152
540
2828
6703
6761
2875
1011
7082
4508
5015
8665
3107
3486
8503
2535
4856
368
2889
4982
2387
7836
9301
6915
4171
792
369
5016
2539
4546
2575
6475
8480
829
6756
2796
119
5625
8268
6371
3403
5897
5474
9687
589
5065
7525
4045
956
3726
731
5561
4961
5631
4489
6065
4662
1257
3979
6287
2484
8477
5971
6169
1108
5539
1494
9899
7923
4476
1331
8956
5576
5329
8421
7340
5878
9463
1741
6637
1505
4615
7903
971
3277
3362
966
9752
695
4658
2751
8508
8235
322
8766
5916
4613
5455
9755
6373
4541
7021
1292
6863
2868
444
5565
6813
921
9729
4119
3684
7677
6929
7814
3255
2776
4086
9765
4771
6660
8218
6526
2510
1495
894
8061
1673
8008
1946
1341
9751
2781
7971
797
2661
346
9056
2061
8693
3793
7145
5417
2290
5530
288
7458
6026
8149
240
7837
5183
6591
1909
9504
9032
9865
4555
3957
6490
2120
5605
165
8059
3585
30
8849
8941
4103
2157
9877
9516
3326
2417
131
9037
9679
302
9087
5475
4492
2125
8127
8887
4066
6020
7676
4445
176
4137
4491
7186
2342
5480
2528
5666
9492
329
1745
357
356
8364
8480
5634
7694
6967
6308
4124
9637
896
4460
657
5686
8131
5710
7660
7417
3455
8802
8611
2150
7317
1120
176
4322
2788
589
5590
1614
2202
9261
2986
3128
3589
4825
65
9979
1212
4195
586
691
199
8363
5376
2504
8109
5446
1713
7155
3410
9657
7350
5809
566
1615
4032
196
7401
9486
5452
5714
6994
2971
6095
8953
5079
8975
7366
4579
5273
3570
3143
913
5469
8444
7405
3313
9235
1857
726
846
2885
7541
9537
4968
8300
7442
2567
3542
395
