4589
4835
8404
2374
6290
115
4186
6932
7352
2145
7721
9097
7701
7849
825
5118
7370
5947
9078
6098
8120
88
8669
4943
8201
7174
5248
2792
2979
5714
5525
5298
5982
8040
9833
5365
4440
1772
6946
8317
1398
9569
8981
326
8336
9979
2291
1491
7253
3788
4869
6652
4376
3694
6207
2900
5746
6905
9769
1811
7794
3766
9445
8367
687
7176
908
5507
5598
9472
1859
7877
3649
168
468
7819
9961
4843
1803
5964
1178
8669
1307
6110
7184
7257
8057
2257
4927
8397
5288
3070
8066
2550
8134
8218
7843
2941
4242
2848
6013
5635
6683
6908
7037
6191
3941
3274
2008
917
9245
187
3596
2386
7369
6293
1760
8596
6965
44
47
5647
6597
2404
8530
9914
6868
7480
1146
4319
2407
2682
2429
4917
576
3901
7770
5845
281
8437
2268
9183
3272
3644
7828
3891
5943
7644
3114
8226
3956
4281
6764
6714
3458
7868
2186
3629
3163
3336
8808
6780
3518
5589
7322
2151
8643
8200
4640
4133
6602
7557
554
9934
178
3637
1921
480
4819
4898
5288
1816
7789
4267
4258
5348
5267
4698
1790
4368
67
2340
1795
8441
6675
977
2762
4686
7394
33
8044
3552
3080
6023
6662
7551
9747
8835
1403
5423
7328
7044
3366
1740
8954
1466
7361
9062
8747
4765
7816
6794
5210
2123
5254
5805
2859
2746
6001
7807
8165
9924
1945
2095
4761
568
2
8966
9597
4235
721
3380
9821
9174
288
6699
5737
2166
8074
9626
5897
9781
9570
2336
6979
4057
7457
382
5972
5178
3254
5846
5403
639
5178
5316
9977
893
7608
3808
8784
1759
5725
5155
8706
1165
5395
5413
3204
5333
7757
1261
6069
5067
551
8073
809
6240
59
7204
4853
1370
6098
5158
1912
1284
4092
9532
3471
7966
8899
1716
3413
6449
3018
5312
224
6728
2445
7792
6731
9453
8942
2880
634
3602
230
4581
7920
768
4718
1266
2993
1594
1276
2574
2371
3612
2957
4519
872
6133
7227
3109
2572
4539
7053
789
4669
9877
4850
5141
7111
5303
3944
539
8258
8141
2234
5831
5247
6601
6486
5689
2298
7713
2442
3765
6729
1233
8820
9273
6761
627
6010
9366
7324
3361
9419
3925
3200
4275
6493
9836
1296
7265
6397
3116
5639
7917
1714
9158
6802
939
7579
6399
3340
6909
691
5362
620
1066
7002
1525
5976
7413
3348
2046
5856
4077
7811
4440
7954
8279
7311
9947
6195
807
2689
2283
2075
470
644
9983
6044
7673
4446
7781
6801
2477
8369
3918
9463
5481
9771
9845
2687
7903
6325
9042
1630
3887
133
2098
4818
6104
6759
8552
5356
7393
6778
1116
5055
9588
9329
6722
6136
8885
895
8383
9954
4762
1674
8831
5050
2694
5728
6443
2086
3873
9892
8832
5685
5860
6951
9346
958
9817
3802
9770
3024
9422
3179
467
1382
5108
9532
539
9174
2502
2090
6351
2978
1621
1482
5349
1496
5046
8801
1154
7841
2627
7849
2733
1194
3170
5026
8297
215
5224
5154
8541
1761
7846
5165
6095
5497
73
7576
8203
5853
4088
2736
9842
4544
7785
9004
835
2636
2551
1775
6468
6109
3344
5839
2440
1661
5413
1826
8686
988
8730
5767
8882
1265
8402
7520
4553
7906
5120
8511
1705
8433
4555
6642
3991
3112
9203
2753
1259
8757
2140
9521
6885
4363
1502
1031
6875
3590
2863
326
5452
146
5303
9964
9395
3885
5379
4528
2299
1217
2832
7805
9336
209
6177
9640
6387
4042
5606
9849
8184
78
9882
8187
9147
1235
9364
9127
9141
4806
5898
9596
6608
6196
8535
2814
8473
281
9379
5004
2896
3548
5610
6121
8366
7629
4418
1274
7125
6429
8408
2611
689
5070
4964
8933
6746
5815
8510
4273
6163
9127
9693
3887
8391
7677
760
7796
1336
9765
4396
8974
9036
5400
2356
817
1788
5235
4911
3354
8080
3035
4805
769
1797
3572
3307
4504
164
4830
830
5779
8829
5325
6961
3024
2843
2231
8305
8421
2557
2093
3835
5511
919
4200
4463
8837
9729
6634
2620
6528
3387
5932
3348
3624
979
9933
2245
5503
4145
9528
2533
6186
7040
9910
8251
4874
4425
9599
7886
5805
6133
672
2657
8578
8429
5206
3426
9046
566
3516
4496
8205
8492
9768
3857
9026
580
9696
4463
5033
8527
6162
2349
422
2723
3756
2957
7955
7370
6919
5769
6531
8099
5180
5327
9934
8622
4353
7703
9562
9483
6623
3878
6321
7614
2010
8486
6066
4536
5658
6069
5748
7963
5852
7183
6324
8744
1994
3463
5796
6642
5035
7829
8409
9560
8666
5474
2565
9431
7593
8443
517
7318
6108
3300
6535
3784
8481
7519
3240
7456
5644
6932
6461
750
4686
5195
8085
6530
5750
6570
1173
8197
2044
7611
2648
335
283
7061
7441
9364
4419
1876
102
6167
8387
8678
5204
7079
5117
2870
8741
7901
9887
3312
2833
6273
8825
4068
230
7658
4313
5868
9607
6271
9902
7627
2315
917
3618
4092
8290
6208
4935
3910
2107
5368
1269
8013
9971
1116
9559
5544
4884
8752
6303
1320
8949
3187
314
1330
7691
9698
8543
7346
5375
6508
6048
4452
7231
8148
8795
6049
7353
5519
9153
8834
1287
7045
3351
8957
3847
6200
7853
931
886
7871
1535
3803
2292
8597
5928
961
1598
5957
6330
8456
1025
3640
580
832
3927
2616
4337
1214
2554
7604
7418
9968
6851
3430
3184
2764
9040
9227
4654
7683
945
4063
674
5253
3547
9842
5323
8683
6934
8948
3839
5140
8626
2218
2578
3744
4295
2750
2236
5334
2401
769
8888
6852
7980
9881
6622
6509
296
8949
2077
5669
9599
960
4694
8222
264
8145
9354
5438
4101
7814
5465
9038
8595
1496
4306
7208
2939
1020
8873
6697
4093
8671
9110
2070
8108
1847
9581
7563
3500
4695
4355
8517
4161
3709
2127
5149
8040
280
4252
3020
9404
3948
8417
366
8911
8999
4723
4273
6080
2920
4785
4776
9713
6290
6443
4600
980
1882
6988
5847
7303
7537
7511
1505
1696
7451
3358
6097
5635
2916
1992
5298
4262
1352
7397
8018
9099
3263
1626
204
5465
7297
4157
5459
467
7621
3639
5576
2986
3394
8483
5399
2927
7723
7346
8191
1845
7816
2696
7480
3833
4435
3943
2188
2004
1408
9189
2358
8585
3136
763
8784
2840
7046
3384
350
4383
8281
4309
1869
1872
7050
8923
1186
1379
6850
6988
9732
7419
3633
8370
2538
7541
8117
3976
3994
5674
6442
1349
731
5663
4108
1398
7332
8631
683
4936
1888
8520
5550
2902
2643
9605
3705
5481
186
3017
7207
9984
5447
2463
7754
158
7716
6792
4246
4426
5547
5842
119
6344
6435
7050
5496
2593
2888
2814
8436
8881
6672
6558
7489
2373
6977
1615
3163
6480
36
2632
4918
6944
4695
536
4321
9491
3199
9946
8179
8683
1272
1292
6956
736
1764
8424
5800
297
9296
1157
6930
913
318
7753
8609
9613
1023
6584
8443
3316
3791
7901
5531
3828
1885
3736
9371
669
4612
3825
4914
5176
5849
3920
405
2296
7531
4793
6727
7583
2987
5402
9960
8300
2308
1471
995
5243
7810
6465
4214
7745
3864
7896
5122
8866
8134
8554
4709
9890
7068
1381
1329
889
4432
4860
6337
7755
5196
6644
5844
8488
8233
9245
767
8768
1257
6509
867
2892
4703
7615
4479
7353
6097
5177
622
2417
1666
3707
4973
1460
1736
2730
438
4012
1131
982
6743
9539
4477
5792
8050
7750
3949
5987
935
1051
5932
688
5630
7455
5483
1050
1569
7076
4430
2983
2753
6452
9283
1819
7325
4894
6101
2898
7755
7729
4563
4443
127
6601
113
7681
6723
9514
293
837
1239
140
4986
9145
9291
276
6197
9733
7272
9357
6835
7857
2926
4842
8529
9919
4627
7366
8716
4798
5168
4652
3235
5429
9918
4673
6645
2180
5969
9822
9706
3957
8485
1671
9572
9764
5746
3180
3310
7890
4289
8487
2114
7566
7757
1724
4945
2212
2170
3102
5194
6799
1500
7118
1537
5429
5147
7710
2397
8425
5047
6906
9842
6853
4854
1569
7471
2236
7807
8909
6691
9850
8795
8929
839
2690
970
5289
1100
1907
80
7146
9223
3098
7952
485
1774
7971
8136
1513
5829
383
2774
5361
3934
274
2761
5859
437
3683
7938
1305
1639
9806
8690
8041
491
2731
373
3449
7418
5424
5968
9371
8992
2047
6401
1479
2954
2541
4616
6409
6473
3391
1011
4611
5996
2268
4452
6360
1767
9762
5466
686
969
4026
9087
6882
5263
8649
2189
5610
2851
4856
9795
4563
9843
3738
9142
264
5302
8699
2655
3303
1713
1388
7934
889
39
2640
7297
799
2079
3234
4901
4808
8461
4314
6477
9455
8134
6923
6140
3368
6000
7945
1738
9992
2307
8514
6284
7104
7557
2795
1430
8682
8340
3896
3997
3255
1924
3961
6761
3658
360
194
4077
4551
6124
3168
6083
928
9200
2103
7108
2744
3762
5748
3461
3554
3580
1991
8520
9474
3550
9304
227
6270
9003
9657
4923
7582
6300
5796
2453
9483
4552
9463
6549
3427
2366
1806
239
3026
9729
2654
3899
2079
1654
1912
5250
5669
4133
1079
833
213
5087
4797
5884
8926
7916
4699
4262
3189
6857
782
1637
3790
3289
2929
8786
6210
5113
6925
5117
3861
1972
88
3392
1285
6134
2779
5232
4782
5725
2153
1336
4097
3365
2529
6808
2676
2468
3882
5580
2518
957
7087
9160
127
549
6822
8827
8902
2505
2464
6028
9073
9245
876
9098
4036
1093
3343
6510
7450
6187
8696
9207
2929
5348
8776
9362
5759
3945
1653
7078
123
416
8208
6274
8054
958
7964
7166
3671
5229
7689
6239
3849
2684
4707
8762
3728
9056
6877
7771
9853
8396
8446
5603
6700
7
7926
5432
134
8854
2988
539
4287
1413
9499
2581
5735
9735
7684
2119
3117
3290
6621
6539
1053
7022
6154
8652
9364
3076
4423
3487
3049
5287
5810
452
3007
6315
5163
9798
7837
7294
4619
1182
350
6062
6951
1651
8395
7387
6409
3279
2964
7774
3844
2813
4236
3939
9762
2948
8279
5090
1975
6480
8751
8455
2833
3
4088
7717
6637
6639
836
3396
2968
7879
5434
8559
3516
5685
8443
3402
3719
9541
1988
3103
1051
7183
6940
8228
7317
5189
7655
7778
7563
6275
5729
293
2496
8600
1877
8970
7211
1431
1019
6100
2266
1161
5206
4308
4226
1203
5644
2066
2564
5799
6742
5232
4602
8454
7953
7487
3953
9945
6775
8561
958
8847
7670
3081
9897
9197
7882
7706
925
3259
8816
8965
8995
2421
697
6860
8641
4447
6568
204
4411
8324
9444
218
4853
8740
2564
5435
6403
590
5056
4127
252
4670
7667
3705
2478
3573
8733
2853
96
3572
659
102
4247
4113
7047
5432
5765
7212
7329
7133
5515
6861
1547
4508
3957
745
3085
4875
269
3582
1326
4324
8601
5337
1286
5097
4261
8728
9588
7051
3424
2818
2166
9221
4196
2999
4672
4705
1798
6541
417
8983
637
8460
9642
4158
546
308
7239
6260
1649
7855
845
9783
2134
7762
1546
3300
6580
2739
5094
9733
444
9385
1084
9556
2258
5848
4993
3540
2639
2865
7238
2729
8838
7691
9470
3245
737
7584
5680
311
43
2251
3199
8968
2799
3965
7110
555
6995
7266
7836
449
7372
8160
2154
2115
3173
6643
564
6385
2868
7816
6043
6246
3683
3124
1308
7495
1373
9971
4820
3350
9283
7707
6245
6576
9211
2762
6168
5664
319
7066
5487
4330
622
5550
1095
3677
9497
2908
7831
2090
7891
8402
6175
8355
6894
8667
1056
6038
6887
7371
1674
7796
5574
8706
2388
8059
8505
1114
3992
1370
5436
3857
144
5782
2548
243
8222
7087
2189
1455
3617
7556
4631
7618
2546
394
4297
1950
7154
8131
3837
8545
8953
2475
7615
9847
8090
3048
8685
161
4441
5299
355
2782
9739
6958
4968
1409
3227
3459
7314
549
5126
9850
9027
4991
8634
1903
3981
1756
5062
787
4108
1501
8998
609
241
6507
1887
4378
8257
9287
9023
5400
4453
6899
3532
1244
4229
2290
5821
2199
9539
8963
942
5793
7176
5588
5569
1798
6814
4285
6285
6788
235
2630
7696
5392
2969
6199
5100
573
520
6858
3340
8001
531
3748
7403
5841
5530
8572
4800
8910
5052
5559
9494
5211
5706
4670
1706
257
1398
4960
2864
7408
1092
8131
5478
3324
2036
8176
1222
7894
1954
8803
7924
2115
1359
2628
1502
6978
3368
58
3963
9225
733
7568
8686
7073
7230
7679
921
2009
4245
9412
3794
9339
8405
9856
4622
7980
5043
6826
1349
4633
6265
5977
9719
6835
9486
7316
441
6118
886
6464
6588
3207
8222
9858
7209
3023
589
8959
4043
825
3377
8974
6801
3459
2866
2961
7858
9427
8600
7239
2595
3402
5293
8924
5622
1258
5467
7551
1217
2234
8268
2216
8313
8290
7498
3716
9709
5680
4007
2702
5645
973
490
4672
5933
2377
8064
3570
3793
1749
808
9146
9785
6603
5928
3871
9646
8185
2739
9766
264
2717
2403
7120
3026
6327
1910
3597
8934
7396
8187
9694
4169
9220
8421
3876
3695
1194
3527
6681
7705
3149
9480
7412
1340
9610
6027
7223
726
835
4410
5265
1468
5145
4503
7798
8794
9466
7433
7110
5762
3887
886
3010
5338
2384
4537
6643
8778
5246
5000
359
8614
8508
5294
1900
2180
2700
7830
1710
2807
6699
4546
2462
5711
5551
689
2193
9902
7070
2815
4697
276
333
2090
6890
1353
8716
9827
9161
7750
3206
9044
8941
1907
7011
4300
5832
3342
4658
9052
8523
9371
2166
118
2495
4614
9902
1627
5789
6396
1579
2393
7628
9048
3915
7454
5141
1477
7843
1733
6650
1027
4480
2653
9144
7768
7828
8246
5535
3002
6401
8106
488
6392
3559
3684
9535
6120
9665
8290
7208
9416
6412
3981
8127
5776
4865
5063
3805
4550
2629
7685
3277
2089
6519
