162
5900
9377
185
9751
7332
6841
9036
3411
2639
8732
7700
1411
9337
5397
7239
4789
4431
370
9963
2865
6137
6430
8130
9841
4595
9240
8187
6551
4354
7229
3208
6171
6644
3019
5947
5011
7578
7634
5695
396
1824
7690
3018
2948
3268
405
8055
5421
698
627
4401
3595
6845
4137
6481
9032
4234
683
9670
5801
3466
538
2233
3451
8881
491
6583
1176
2691
3438
8160
5706
7888
899
2622
9110
3821
5580
5392
8121
6075
7044
7398
5848
2574
6232
7529
756
4322
8495
7202
2388
4874
922
5070
3024
6853
3453
1133
8786
4672
4555
2728
4791
6594
7333
5470
8506
711
9613
7665
7815
1905
8878
459
549
7181
2660
8132
9399
8601
4209
8041
9007
2591
8644
3098
7989
6348
8547
983
5182
4776
956
5089
2214
609
3182
8356
8067
9542
5634
3954
195
96
221
1195
2958
7438
8811
1155
3433
5964
94
8020
2033
8910
7663
5369
2306
7456
2107
7294
8580
9674
8700
3489
7824
4451
4446
2312
3149
903
9991
1720
1992
6
774
7970
6742
3870
6431
7400
9867
2931
1766
4172
7716
3451
9305
2516
7509
7453
197
4079
9092
7490
7162
9497
9930
3609
7542
2943
5575
7123
2879
1240
5453
5982
7481
613
3686
7523
1702
3285
2275
4984
9333
2622
7170
5553
7568
798
2055
1956
8957
6900
1076
466
1422
5086
7661
6678
1746
5323
5969
1558
2001
5664
2441
9697
7135
5221
8278
3761
6410
5982
5351
5797
8066
7227
9369
2251
6051
2869
9359
1857
7353
7292
5535
1582
6232
8464
3883
6866
7447
7784
4311
4714
3850
5230
8770
6322
6621
9566
9188
4195
4097
8991
918
26
3657
7494
4368
3088
9676
7207
793
2488
1589
5770
4378
4868
8928
2820
1409
9019
540
902
4335
1330
1874
3092
7580
9116
3514
1268
2996
4387
3537
3597
1641
7612
1870
4933
4260
5234
2341
2825
7925
1390
8775
2071
3984
3855
5007
766
1961
8326
6909
7421
5838
1889
2461
8076
5641
442
8443
3039
7062
7658
8178
7963
8570
3154
4650
4284
4405
8668
243
6903
9535
7110
7743
1022
1653
6165
8690
5706
669
4240
6462
9658
6456
4401
7902
2600
1803
8131
9132
1118
8900
4483
245
9819
5182
697
2498
8202
9937
1003
3853
8041
3756
5374
5523
2682
1118
143
3221
2824
32
7029
9826
4402
2351
7679
3585
2824
7143
9692
5024
716
90
2053
4742
1664
3709
2130
6948
3216
6938
2343
1512
3406
8653
1760
2695
7569
8577
4758
9630
1252
5965
6202
5951
5867
3628
4242
4158
7647
2248
728
2225
8645
5864
5595
6858
3740
6424
9622
7719
8069
278
3516
4635
9218
7683
7711
3918
8566
4448
6860
8711
3501
4519
1489
9175
7770
919
1828
3437
9231
4947
764
9378
5882
1360
4930
9707
8713
3050
959
4548
3833
7854
4563
4191
2129
4453
4698
4960
5770
2364
7562
1487
7381
8307
1452
5086
4124
6420
2805
1677
3011
5992
1764
395
7387
8618
5299
791
7104
75
6730
9138
6571
9522
5957
932
7682
8511
8629
5377
1417
89
225
3644
7693
8517
9135
7603
2749
5547
7637
2023
5631
6682
6730
6767
7344
2725
1796
7285
1558
9498
1998
9179
4176
3139
4015
3575
1192
4357
2772
9559
7073
3448
6185
9709
2171
9720
7960
8471
1345
1475
1518
2136
2794
1775
3762
2889
482
6386
6987
7697
1152
5285
7406
3054
7298
3655
6956
281
4014
8353
2106
905
2868
7070
4265
6749
2528
951
6119
1240
7470
1842
2633
566
7990
8895
3003
1606
6680
1984
2789
7393
7431
6373
7791
2896
6554
4858
6766
2817
3987
7684
6168
2715
1915
6331
5514
8140
7881
7351
2827
6798
2704
4119
2890
6567
2345
1289
6732
5406
6998
735
8650
3606
3102
356
5081
6258
5987
3819
915
8987
5583
6242
3865
9199
8786
6189
8928
9366
2321
7592
3283
3552
3635
6470
9975
2436
1157
9553
5687
9508
8084
1395
2026
9381
9603
4260
13
7110
9010
5447
8172
4774
3971
4543
8918
4722
6649
7659
4938
7825
7275
3674
9100
8097
9244
2446
2306
1529
5838
2817
9164
3406
8964
7249
1972
1627
5521
6164
109
6368
9398
4219
3480
1785
5221
7340
1054
858
1640
5774
2563
9276
8967
4046
871
3606
7755
6769
3469
1429
9647
7514
3772
5419
5543
9426
6380
6155
4669
5278
8882
9921
1363
6486
2435
2834
8043
1070
9772
6485
2823
7037
5983
5418
615
6559
3545
9393
680
5985
9394
8818
7450
3309
8827
6306
4741
8625
4764
9784
5707
7099
618
1528
7909
4854
651
5705
6388
4675
9038
1273
6027
395
633
5053
5087
3711
1406
7049
4739
2097
25
4172
5873
9197
5181
4408
8236
7700
6551
7509
3692
5893
3723
2337
1501
4901
7232
9720
2072
3528
5644
6676
7949
8037
8566
7798
3219
6821
9059
2892
13
7117
1025
8121
4475
6681
6330
1439
7058
8514
9967
6583
8307
6423
75
701
5105
170
4004
4799
8091
1611
3703
8650
6441
3730
5779
6600
121
4183
4850
9995
9884
5272
7104
6333
7245
1961
4571
2227
9095
6298
8340
9220
8956
4589
6573
7649
545
1633
7183
3690
3777
654
7551
9435
1725
6468
2456
9567
7733
5215
6993
7465
1645
2031
3493
5892
4573
7861
1903
9005
8978
5434
3279
2650
1450
1054
4763
6895
2795
2733
3536
4392
3769
9244
237
1185
8333
4553
1574
9270
6216
1045
1034
5195
46
3368
5799
4799
5917
7458
744
2562
6279
4173
2006
5856
9989
6247
178
1174
4255
9168
821
2326
5353
732
4689
3069
783
493
9672
5536
8646
1246
7778
9566
2304
7508
6399
4356
6581
8408
1102
2888
9072
4971
4203
3799
9486
2401
8578
8481
2678
5269
9861
7025
4438
600
5788
3763
5154
3630
9726
7872
3785
2975
6509
6844
9458
7943
2459
5886
3830
7645
811
2827
2522
2809
7384
557
8667
2663
9441
4948
7743
1805
6057
5372
9477
2050
6659
4727
3254
4
2088
7475
6916
3014
475
5120
6051
1016
5855
4570
5998
7775
5136
406
8901
2858
2100
360
9806
5091
75
9177
3080
2306
9214
3451
5455
3901
6256
3133
9384
272
6815
6473
9450
897
4414
2369
5800
1725
6740
8299
7197
8881
2988
8770
797
5341
5726
7197
3131
5540
5427
2339
8747
8347
1824
8002
7122
1601
2215
9615
2485
7234
4518
1208
6199
9799
8442
8593
1288
7487
2926
7385
6683
346
1745
2368
4612
75
8741
6577
2486
1130
8300
8708
5733
753
2090
8939
641
6979
7942
2238
7802
8069
788
7679
5157
7265
264
2553
3031
8569
9523
6405
7908
2988
1238
1742
8980
8207
4155
5575
1865
9390
5925
7574
3699
884
7977
4308
1947
740
1621
464
621
856
2892
5530
6812
4150
310
5328
1441
670
1801
3154
8599
5830
4859
1765
9987
9048
8527
3736
3392
3414
1038
8841
1156
6605
4750
7924
9863
9267
9695
8007
1827
3381
8713
3443
361
1517
7135
7137
6268
8931
4763
1854
9277
6984
2009
8778
9742
1872
1238
7130
5756
8719
1914
7585
5531
5294
8219
3481
8352
118
9411
8593
5843
1112
9575
7523
3399
9653
8218
9076
2196
5433
1902
5830
6194
8316
2462
2762
4827
7686
1854
138
9408
2614
1842
3468
298
3718
1436
3959
2616
9977
9808
4313
3253
9575
9392
614
1807
8534
6019
6217
7043
7997
2338
2518
6009
3981
8464
5674
4150
8803
5265
6667
8358
9962
8332
768
9915
4677
5511
3609
6659
3683
8931
1372
1617
9231
2917
7327
9003
8528
3992
4003
4548
7083
1696
4420
9220
6263
4313
9013
5833
8410
2480
3932
4784
2243
2310
515
5410
4168
6533
2432
7621
7315
556
7692
8376
9548
3075
1630
2077
1391
9766
9946
9987
3267
9441
360
1948
6925
4669
3883
7826
6271
5489
173
6941
7575
768
5063
8850
6117
6798
5343
3073
6337
6094
3019
2117
5169
7341
964
4946
622
9792
2678
8364
4901
9815
9799
7543
4866
3809
4384
8045
5755
9362
7450
9378
6666
8941
8725
7274
154
7409
5477
2858
3544
646
2936
5519
6942
3372
1297
507
8588
2145
3213
2322
8255
6632
5702
8372
5879
2710
3390
1632
7299
6695
7225
9856
4358
2534
5158
5675
6417
4954
4298
407
1014
8910
436
3972
4611
847
2746
4555
2151
4008
7521
1357
897
7770
9838
6912
8197
2500
2030
7501
7716
4344
4733
4132
1001
5679
157
9839
1890
2351
8792
9188
8936
1797
2794
44
2972
7017
2194
3744
3867
47
3101
1917
4759
3788
1381
7372
9305
7306
2408
2034
4275
7045
1780
7431
7500
2828
1675
3425
2818
9744
9226
159
2695
1225
5283
8917
2864
3046
2257
7784
7399
5127
5465
8176
4697
9898
3210
7551
8326
5387
533
9032
6427
7030
4931
6168
5305
8172
359
8788
2992
977
5839
9937
5311
8869
2692
1242
3634
8028
8109
133
4572
1214
2926
4936
3649
6277
5717
7425
8310
1961
1798
2256
5850
5957
5065
1965
1868
2458
736
1502
4842
8597
931
5419
250
8457
399
417
3761
2882
9636
6262
7486
9974
4232
3713
8981
7972
6332
1356
169
9781
9040
7330
7722
8041
267
5803
3247
6892
5303
1867
2935
9462
4847
5488
7387
3620
2394
675
6096
8199
6303
8546
8580
136
5793
7159
2870
8209
3903
1072
3229
5198
4508
6148
5122
2097
127
6793
7204
199
8386
6393
1098
5797
2639
6401
9550
7761
9123
308
7046
9018
4936
8127
5574
4855
7177
6937
297
3381
3467
3103
8151
7199
9063
6636
3084
8001
4275
3094
8046
6750
2502
443
5402
8652
8604
1348
2498
2483
4546
428
1416
7901
9024
153
6831
1870
606
8327
6292
1963
863
9778
4577
2237
281
6198
8632
2123
9361
8089
8957
6691
2815
8969
2989
7137
4617
9500
8328
155
2219
693
7124
9227
5546
3419
3190
7544
6485
1526
6617
5939
7584
5095
9109
4215
5915
224
5148
7151
4959
894
2971
4131
8608
5426
2544
4823
2257
2
1364
2980
8687
4822
3462
7770
2628
355
7328
4753
6086
8285
8846
5175
6160
2834
7648
7573
8960
2756
9225
4683
9505
2469
9399
4422
8073
4281
3368
2612
4372
8095
8467
8031
1225
4693
7383
7872
5631
810
7015
1510
3197
5457
1421
3762
4100
5993
705
9156
3406
2704
1784
644
1723
7902
5783
8810
9559
1422
7421
1100
7776
5459
9524
2966
5234
7615
2539
5416
1559
9145
3137
1810
8648
8948
1745
351
239
5780
2415
9731
1897
6591
6166
4705
4695
8564
1746
8753
217
1910
7997
1615
4638
5625
1002
7204
6053
7179
4527
6024
1172
5124
4392
447
6132
5416
5953
325
324
851
8907
2455
7171
7936
97
7635
9641
5790
3979
3873
3999
5817
7852
4716
4398
2232
8683
9783
582
681
1898
7626
8082
37
4231
5560
9270
2635
5024
8412
3624
842
5366
8595
599
7102
562
1534
2019
3092
5781
2235
3979
4605
1247
5807
4847
3764
7144
7773
7777
5409
712
7658
8177
5350
8636
8956
4868
8528
3229
7957
5429
256
5893
1275
1925
6067
7156
4998
9868
3737
1315
1651
7963
6968
7996
6360
390
1108
7705
2754
5168
8249
9641
3027
772
9846
6374
259
5845
5922
5716
4187
8212
1529
5874
84
815
863
496
5508
1154
3533
1405
3679
8123
1649
5020
7359
1096
1756
6352
472
5105
539
4653
2445
9185
3208
2639
2304
928
7735
7016
7741
8198
58
7336
2100
4458
7917
1866
4552
6562
3002
1485
945
3756
88
8261
6846
8306
440
8665
4220
3956
1502
9694
833
5763
9510
4095
5444
9102
7357
8795
9279
3929
8109
6447
8096
709
4803
6789
1691
7016
5349
2148
8567
2921
1615
3451
6421
905
750
6037
96
3089
3466
7631
6938
3289
488
5960
5826
6243
8415
4661
4725
8733
8986
7886
890
9595
3868
3611
2446
194
9509
4319
9902
5807
8299
9922
8731
6306
1134
6676
5077
2778
943
7455
1119
4752
3778
7514
9291
2916
6588
6731
3333
676
2033
1218
4218
7176
5519
7942
3573
5924
2042
4862
1444
2555
5879
6692
3154
3415
4164
3989
9442
1801
8650
6421
700
2458
2499
3253
2106
8775
8095
8958
4122
1397
947
5603
1058
7567
796
6826
3659
1975
4561
97
6649
7887
1647
8099
7826
6669
8641
562
2759
6013
2004
4595
8775
2249
370
6386
6303
9906
6384
6353
6193
8208
267
2902
2670
7086
7871
9604
3378
3032
887
872
4044
5753
6091
4662
6764
9441
3467
5243
713
5780
8398
1327
5042
6646
5718
1748
9214
2114
1175
3619
1765
6576
4637
9800
4901
1408
37
4699
2766
7599
2415
5244
2473
1644
1833
5569
6327
6009
12
9173
5056
390
6535
7090
6344
4588
3008
362
5071
377
3378
6028
8363
3345
4135
7692
1935
738
191
5128
4944
5631
762
5583
6490
5678
5886
1564
1520
7977
8719
7137
6222
9244
1575
4348
2322
8450
5320
3861
4407
4888
7046
6314
2190
3197
4321
6698
1159
8679
9484
3705
26
1601
9865
8166
4105
410
8576
6261
6798
2040
7234
2031
90
3123
7715
5729
9117
2240
5467
5400
9488
6164
1352
7576
5
3605
5599
4819
4243
2175
6820
9096
2200
4745
6264
8940
6569
7384
7286
9258
2894
2702
429
3571
8374
4638
5678
7171
3099
5217
1881
5470
7671
9258
354
5576
763
4753
8281
6097
339
6196
7419
9911
5378
7854
5805
4367
135
181
7077
5806
7600
5068
3969
8102
3627
3196
5711
3382
3279
1222
9180
9762
3256
5592
641
2894
6533
6634
4543
6155
177
3921
6606
267
8085
2605
9702
1430
5509
8415
8580
8797
238
1828
9726
4981
5045
5781
8993
3194
5539
6718
6
8363
7160
4612
9017
1643
8744
3844
1315
3873
5934
9648
4314
1122
5398
3562
3567
6705
5659
5130
4598
8473
7085
2989
7603
1065
9345
2881
1242
9267
6876
232
6940
3971
9571
6415
3867
482
4024
1492
4305
1674
8059
3238
7412
356
5582
9091
1599
3293
7287
8589
15
1438
5071
743
8270
1367
6971
1311
3403
5836
1999
6163
9498
1044
5980
5515
1844
1356
8156
1068
9079
3480
956
2704
634
7956
6408
5504
6668
2648
1434
6418
7797
8402
7684
1395
3737
6024
4154
1821
2272
1798
146
1152
8208
4312
5225
7218
4842
6026
5153
2870
2257
9522
3934
9322
689
2395
2797
1566
6329
9859
4373
7685
5448
372
5334
2587
3119
1830
9100
6451
835
6803
5735
9578
7598
3339
8210
5823
6718
2846
728
2274
7214
7022
1284
3540
7235
8165
813
4240
8798
523
9399
6526
7267
7544
2746
6321
8438
1206
1968
6588
5215
8143
5807
9688
2981
5207
3029
7805
9925
3722
8626
4861
2650
928
5138
2256
361
9473
9031
4707
979
8229
6482
5891
4654
7247
6991
1277
7135
7958
4358
3574
9252
5883
9505
3174
3492
8947
7589
4119
1841
2945
8079
793
9161
2920
8614
3504
3611
9876
5184
5628
4832
8511
7086
794
5001
1456
2773
3883
2815
386
409
3523
9155
6743
2796
3010
5684
5473
4626
1037
9293
1158
7147
9709
5367
7031
9365
7622
7612
8521
3004
7011
6230
1432
9466
5202
8937
5726
2460
445
2388
1156
4730
6277
8626
8415
531
1757
8505
3062
6948
3691
1463
9670
2522
980
7487
6801
8846
7799
5398
9654
8436
9809
2394
1958
6306
158
3862
5525
9859
8058
1230
4106
8360
6425
5143
21
9914
8170
3183
9520
8028
940
971
2648
782
7152
6161
6579
3154
4819
1083
2235
5086
5064
3931
4774
9176
8616
6770
7334
5909
1863
6055
3975
5700
2094
5454
673
4175
8450
9337
9616
3081
5132
5948
1883
670
2854
5041
3298
1010
9519
3443
2556
5529
668
9415
9975
9130
2720
1576
6852
7101
2508
8771
8437
4326
9761
316
7767
4532
7433
9703
8386
1178
3416
4423
9778
4241
5054
711
3662
2416
3546
9922
6324
2163
9942
981
9268
3115
733
3595
3258
9742
2384
5338
9973
6237
8328
2437
8164
9250
3536
6890
8735
2715
3315
7513
7513
9560
4709
9245
1675
9944
8260
9778
7512
6395
7873
554
4149
4315
5208
6210
9878
832
3394
3124
4815
867
9405
3602
9090
1390
445
2047
4156
8597
8228
2617
2521
9611
8735
9508
4276
4678
1918
9776
2433
6752
502
546
5291
7566
1864
5339
9490
5843
6361
8366
9951
291
4626
8690
1337
6960
3498
5325
7335
1104
6030
7580
7025
4730
5279
8998
4534
6246
569
2432
5709
8418
1358
2942
1378
9521
6839
6886
2539
4113
4783
9510
4880
8071
9838
4397
4838
3076
839
1028
4385
4350
8326
7985
5305
1822
8578
6902
8332
3681
4163
15
928
6383
7182
803
3977
7844
1567
49
6968
8306
5643
1429
7844
9534
4939
4960
7045
6718
731
1246
4637
3564
9441
2741
2423
9501
5657
8854
2900
1408
3221
3597
3007
752
6613
162
88
5435
6634
10000
5374
6891
596
8737
7884
8524
6412
9950
3278
5676
226
451
858
1268
4592
8707
9911
2204
7960
9757
8122
4224
3666
8569
4178
123
9523
6251
730
8046
4410
669
7789
6970
6962
5089
4991
9794
5204
8632
162
9277
6110
1066
4621
7169
8364
1349
7525
7893
5246
5151
3854
4910
8743
4996
4341
7493
9422
1839
8665
7201
4091
6354
8125
3045
2012
2432
7100
5180
3299
2803
4402
2408
9925
1578
8370
4669
5637
7539
427
4785
369
1390
2867
1141
1296
1451
7044
934
1273
4753
9028
7908
505
721
374
949
8959
4421
9402
836
7385
6523
2800
9187
8749
330
4763
2698
8769
4705
2091
3102
5212
2557
8305
8620
9656
2102
8422
2541
8824
2057
8188
8835
6645
2567
7086
1263
3826
4597
7598
2731
9317
7432
511
6404
5979
5224
3864
9557
6602
596
6246
1577
6155
9554
7163
6935
5580
7099
2657
7332
682
1969
3618
1092
4508
2490
7329
4242
6438
474
8729
1372
7193
7494
1469
6211
7559
7909
8042
8136
2682
4754
2688
9960
1837
1718
7336
4914
2897
3276
435
219
6210
2434
9459
274
6483
1997
9690
8462
5388
9571
7748
4956
5138
9203
3206
9674
5581
8394
3894
342
7118
3122
178
8
586
898
2831
4528
6885
6263
2246
7069
8559
7223
9635
3424
9088
507
9717
8553
6516
9585
6986
2743
410
8951
4725
3562
6794
5149
9592
17
9837
1665
1184
84
8174
5043
1970
7948
2956
7274
4791
984
5928
189
8967
4597
2460
1597
5839
9496
2356
5416
5637
7691
5687
1939
3848
184
4403
3812
9537
7493
8002
9435
481
767
204
3305
7113
4977
3864
928
7550
9313
131
4817
3005
8673
825
1120
5464
2897
1138
7877
3067
9139
6714
2007
2376
8572
8096
3893
9094
2684
2989
6014
3132
6392
4557
8017
8221
3692
278
4638
5186
556
7604
6583
7858
3804
6196
2158
2383
9592
415
3125
7655
4666
1147
7750
5355
230
4483
8101
8516
208
854
5296
2793
899
6292
7239
2758
2833
930
9297
6300
8508
486
5261
5009
9403
9629
9757
9307
2564
8360
666
4049
7975
9872
7309
5763
392
6092
2152
8296
5332
3795
1923
3806
9873
7019
20
4656
2178
2773
6451
3558
2944
1447
9529
6550
4696
3267
5752
4776
2448
9745
3803
2838
1253
6251
9343
5762
8383
7456
4416
1923
8111
850
9058
1212
9145
9326
4620
6499
2562
1554
2988
6791
994
8775
1928
4711
5823
6778
9401
5985
6331
7982
5363
8636
3067
299
8313
1990
9425
353
3632
6081
9257
8115
7547
3333
2688
9164
5873
5240
7274
8768
1605
1349
4957
2552
7818
7392
72
502
995
4485
6347
8508
3144
6433
2922
2352
3324
4471
9310
3426
1672
4875
6039
4418
5068
2301
5808
1742
7117
738
5146
2653
5419
225
1713
2612
586
2616
3618
1683
6895
8872
2550
8795
1383
9060
8632
334
6904
773
9309
5758
1283
7898
6278
3900
5120
6710
9340
4871
6820
437
8761
5365
2680
2627
3095
5541
7848
415
7020
8432
6332
9850
3969
6446
7562
3214
7179
3213
6166
4056
2024
663
2334
1846
1337
3310
2593
4698
6370
3508
8688
4202
2084
9037
3748
7773
59
77
8230
2128
5466
825
4572
8194
9834
9979
3751
6180
8130
9377
8872
525
842
4165
8440
1644
7769
8592
9802
7212
9453
1283
4705
2019
493
6235
4393
8266
5917
87
2893
2367
6711
421
9535
4869
6813
7047
3673
821
8817
2655
569
5153
7514
3601
7579
7903
9483
1995
4949
6688
1318
3357
9124
408
9559
8300
8811
7438
6373
4287
7256
8050
8390
794
5790
4491
881
5828
6752
8487
1744
309
122
9483
603
1024
2514
5658
4298
8860
7168
2840
588
3806
4032
1942
2382
8325
9071
6577
4723
1835
747
4442
3990
3994
2085
7755
9478
6318
2510
8252
3012
9450
4607
383
8169
5185
664
5112
2292
3594
5037
3485
6229
7764
8426
5702
5798
7440
1105
7231
2958
1026
5071
3656
9123
1443
7231
8568
8869
7152
6076
949
1842
5642
3118
2444
5837
2451
192
9047
7091
282
5645
5274
2948
7851
8519
6613
2711
6310
4292
2332
3763
7947
7197
8102
8526
3338
9690
7386
1320
5628
293
475
6192
5014
2950
1398
49
9846
7410
4490
1482
440
4875
6414
216
1422
6178
5585
4756
4528
8362
3
4053
4952
7438
3358
6985
4527
755
4453
5049
3724
1516
916
2830
3499
6709
7052
6337
7602
3770
4456
1120
6078
1434
4131
2188
65
4854
7005
8745
6083
7135
4812
5931
4247
6636
6882
3809
9787
104
1770
5225
6579
3967
3382
3992
8207
3895
6653
6599
4805
1634
5718
540
5951
1148
1253
5522
8616
8066
270
8890
2921
9227
9758
7092
8414
186
4216
6537
4726
1965
8500
1039
1564
3171
5999
1233
8881
8950
6004
4741
4079
9890
1564
4021
6142
2623
3642
7044
4280
9264
2576
2466
9344
2468
7313
945
4441
9712
225
3040
5103
9812
5359
3081
5251
3944
9625
430
5249
6366
327
830
4453
7895
9331
3510
3489
8535
6710
6598
2325
4174
5564
5591
554
7235
2529
5893
4184
3062
730
5696
5719
6684
9379
7666
5307
6356
3430
1660
2957
9387
8005
2592
5486
4036
4781
870
1518
4070
6550
9519
3610
5462
1691
9706
6147
2731
8433
9195
8828
118
3603
8760
9110
9063
1580
3979
388
2771
2849
635
6649
4447
9995
4942
1916
7442
1899
2415
8317
6472
621
3744
5560
6507
4765
4809
8506
6019
3927
5718
4961
3355
5536
7326
1828
9084
9173
1819
2064
3658
1626
4710
6684
694
4638
4574
3116
4197
9053
5983
6313
4765
8660
8977
1871
1179
2816
8989
5882
3045
1837
3876
9466
5349
316
335
6354
8555
352
9544
6851
2049
5233
2385
280
8513
246
301
9569
1486
9907
8321
6957
9142
5965
6187
4359
6437
863
4205
6383
9461
124
7024
628
210
4185
1557
735
3869
6959
1073
2978
5964
9765
4531
4057
2871
6289
5456
5800
9384
4201
9302
1442
2025
6888
7439
9670
1057
9411
8378
8965
3162
3731
3841
1038
6184
3937
8207
1032
2094
448
4563
1920
840
4456
1777
3237
9293
8937
1631
9107
5877
3358
4768
674
6343
8901
8753
3129
196
1440
2507
3398
4616
8952
7186
3222
6984
3855
3007
5659
1102
7051
1075
7850
399
555
5754
4457
2528
1642
4218
6097
2523
7168
607
6635
177
2653
1904
99
2092
635
232
82
9295
7228
7228
2237
3884
9788
5789
6683
8809
7534
217
1934
9726
1988
7817
5565
7102
5135
5545
7977
3678
8456
4506
1458
4691
3779
6644
1225
683
4739
7902
1920
3724
3392
8088
8444
6712
7805
5872
6307
2248
5506
4558
3054
8921
5870
4545
9584
4722
761
8220
9410
7756
1491
4336
8494
3639
3454
9625
5557
3155
2970
9051
6232
3485
6420
5450
3471
253
5455
5379
1096
5814
4553
4812
1186
4486
5038
7095
1958
6181
9711
8268
8564
3676
7497
4398
9795
7647
7073
6963
973
3048
947
2909
8072
5525
4947
5694
9652
489
6651
2508
2191
4599
9266
3446
9201
8282
3327
8468
8259
9998
2637
9700
999
5431
8825
2062
1819
4774
2084
9955
6998
8260
8076
7966
3897
1481
1111
9917
9290
3256
2568
2444
8219
4318
4138
4356
8172
8660
3439
4919
2509
4953
5192
3904
366
7776
7360
539
3000
2989
8593
2827
1500
421
165
4075
9954
4165
5562
3274
6094
5766
7071
9467
6024
7813
9921
7322
7199
6465
8070
9876
8584
8133
9931
832
6207
464
504
658
8641
4972
4087
376
5288
8804
5126
3642
4820
1471
9426
2910
3443
8977
1586
6126
1163
6292
2940
8070
3957
6023
8285
7175
8534
7063
5044
8674
677
7041
1036
4370
6020
3436
1249
2332
4145
1500
4856
4924
3196
3629
6159
3173
1967
2691
97
4359
4616
1839
6015
904
9009
3248
4761
543
7307
2130
3216
6252
8884
5532
8090
7834
4798
4161
6567
7318
4276
877
2035
1738
7389
3585
7708
2820
9573
2698
2036
8033
406
8476
2117
2447
8626
7586
8662
7141
3603
9791
9068
2581
9297
3777
6989
6420
4654
3376
5978
1514
7474
4020
7268
9661
3715
9315
8855
3341
1781
8202
8662
2708
7870
5705
5381
2195
597
5303
6640
5020
4125
4623
8931
3043
8529
587
1518
340
5140
1197
9678
7907
1981
3971
7212
3709
5648
3849
4294
316
8721
9643
5947
6185
8671
4658
7409
7165
4146
4365
2440
5715
4209
5379
6306
9166
7579
759
13
2397
6359
5873
4544
3858
282
7990
5019
1073
2253
2546
8093
6593
6547
6011
205
7519
8973
1449
5519
667
1430
5151
6289
5334
9055
9277
8691
6859
605
8000
938
4920
4738
4450
5116
523
3967
9568
2943
5494
924
7461
2313
7651
8600
230
1249
5686
8930
4695
6373
3535
5267
2788
4239
9077
2030
2612
690
6105
7085
9413
5542
5415
2173
25
1689
7242
463
2734
1806
2501
9952
6917
5282
5940
3851
6939
5245
7295
9270
606
1822
378
5464
691
657
7717
8346
6474
8669
3665
5230
747
9056
9290
3287
170
9979
678
548
5715
8147
4977
689
9416
9930
3960
6558
4620
3869
9416
2841
1952
4558
4194
706
1681
9571
8024
2035
7008
2829
6253
8925
2931
7591
8018
2987
1203
724
3755
3769
5687
270
5227
7726
6729
8545
3741
4124
5870
4602
3684
565
5379
7652
4140
526
3722
9340
7505
8760
2212
3187
277
6160
5685
4038
9740
9892
6823
6262
576
4279
5497
4491
1254
2790
2782
3671
5878
1015
4910
57
9898
1877
8264
7123
9659
7478
3295
1705
8967
7532
2460
4055
9006
549
9836
4005
5517
3283
5243
2328
4718
744
2587
980
3086
3858
473
4982
7696
4297
8965
5768
1320
4253
931
3783
6151
4471
5212
2435
3943
8504
4548
9034
172
4092
790
4183
5293
7896
4616
6122
9456
573
570
1062
8131
1358
7928
3256
1778
79
3050
8006
1052
727
8170
8000
7209
6814
2619
6054
4248
3893
4082
7904
9120
9770
4797
6959
7679
4913
8033
2484
6398
3221
425
4424
4535
4282
8125
7246
9828
8240
2933
59
2295
5307
1004
6575
3715
9216
4662
9122
6735
7236
3748
559
9971
6712
7835
5194
8468
8244
1834
6748
4172
8064
8485
9680
3800
6657
7924
3274
6606
5558
1177
9966
8388
4643
6813
874
787
3734
9048
8262
1448
1694
5103
632
4505
8683
9190
5786
7147
7438
5468
9086
8547
5927
3146
2606
38
9634
5211
8319
9823
3209
1228
154
5013
6275
7708
3931
1312
5587
9624
5409
5228
9801
9800
9936
9138
228
5941
6968
7673
8112
8922
1637
7699
7256
8704
15
6628
7020
5257
1343
9993
6014
6605
2042
3660
9729
215
5701
3731
637
4137
92
9747
3959
9207
2941
2412
8656
6710
6602
6573
132
5879
4049
7810
9542
50
753
4334
3125
4321
1964
565
25
6898
1062
8138
5164
2076
3920
9767
8995
5151
8429
6566
6660
261
7472
5287
9155
4925
6686
9841
871
9417
7042
6958
6707
4415
2949
2928
477
2672
4394
8285
4040
8097
5139
9990
9143
6384
335
9608
2232
3041
6291
2355
8712
9065
7703
5354
2732
1047
8194
1504
2935
1307
5007
445
7823
92
483
1971
1141
9878
2153
5974
2056
3803
4533
1953
1747
8738
1433
5591
2045
3305
2622
8265
487
9360
1047
4000
973
5388
272
5475
6300
1243
7012
7515
235
3568
5844
286
6564
9565
2771
3518
5709
3729
8748
4040
3900
7876
4979
5385
1369
5693
9747
8329
3559
1966
1632
7605
4863
4948
9725
5167
402
4515
3667
3101
5823
7780
819
6203
1534
3634
2586
8803
3395
1778
281
3489
4426
6221
8428
6713
5388
3719
3158
7614
1301
7078
896
321
5116
2664
5540
4540
4900
2609
2109
5132
4071
4862
5384
4507
2314
3630
7956
5436
173
2933
8526
3490
1715
4404
8194
9497
3541
1700
8836
6915
787
8133
8651
1422
2808
2286
3601
4713
5776
5570
6873
8047
9514
1460
4354
3136
9878
3236
3862
9945
8519
2688
9311
6179
7207
2991
6142
4181
4087
6872
8469
9150
4431
3333
4806
9213
5213
5621
126
4379
6690
5554
1937
3880
3897
4664
7845
8428
1827
4916
9561
7594
1509
1934
480
7047
6985
2049
4729
3225
3543
8779
7317
8573
2805
9546
7379
4207
496
9275
6362
7475
5439
1584
3808
5100
5484
4064
9130
1288
4361
3984
6213
1668
6021
5888
3442
6155
4067
1479
7715
4752
2373
6506
642
6600
7126
6120
8603
9427
265
2276
8166
4396
2823
8510
642
6302
9076
22
7748
9014
2079
304
1912
8346
3103
7978
3807
7377
4966
1132
4585
5093
9037
5044
6659
6823
7090
8326
4770
363
3677
9790
1031
5953
4642
1107
4018
15
5583
4328
7197
929
8161
970
1307
7174
513
6637
9227
4364
7733
6460
4834
8491
2376
376
4484
8803
2697
997
6454
4103
4502
6646
8471
2306
9954
8763
5542
5191
9374
435
4895
5253
3901
9740
2978
20
9102
2142
2943
7983
2285
816
2262
6598
4445
1233
4086
9222
9162
2726
1767
2443
3826
5144
9327
7908
8723
741
5156
5421
4141
828
4639
1382
588
6759
3771
2955
4486
8453
6192
8409
3807
3150
6935
2050
7046
5769
7531
4020
7476
4170
8896
847
4599
1083
8850
7956
419
9837
6652
3441
81
4536
4588
2734
7202
9690
5859
4543
2986
5143
6270
1791
1022
568
9572
2380
3853
7379
1104
5947
436
3490
8297
4331
292
9607
4250
1124
8982
3901
4262
4985
3424
8080
7321
4546
6236
6123
5664
2684
4460
5762
8263
5455
3160
8341
1901
8727
5443
7398
2209
4263
99
8245
1807
1579
8372
6627
2753
3126
6817
8336
2876
9106
3757
332
5189
5622
3767
3744
9547
2115
677
2730
9815
9556
9169
2380
7531
4655
5363
2753
2185
8637
1773
1551
3464
1340
9495
4772
5869
3293
3108
1917
9996
4225
4864
8676
2690
8530
3566
4606
5267
6016
9091
987
2996
1884
6606
9175
5842
4068
3994
9423
1600
6898
9795
7785
6421
4684
6121
1364
9078
3009
5372
7273
5629
894
171
2423
3724
2358
2887
6591
7294
5539
339
4248
4682
7444
6473
2050
3636
4254
3716
6050
5682
2058
4513
2984
5473
8309
7619
508
9489
9606
1368
8335
9303
4915
9322
1523
8505
1316
2349
6808
4267
455
287
666
3626
4987
6289
9129
2385
9388
1805
9733
9392
2840
1137
5171
983
2803
5606
5887
1192
8067
2836
4657
7768
6902
8112
1287
9162
7854
3979
7499
8364
9458
3821
1261
2711
9936
5790
5310
9029
6513
8887
5813
2606
5223
3642
692
3007
8186
768
8566
4331
6152
8048
2377
2522
5899
6385
6146
2483
3930
8284
8002
3325
6591
7592
8707
4462
9314
1704
8541
2722
2354
8912
1045
8344
1775
3036
5615
1174
6008
3543
7435
1948
6413
1765
9044
9142
6159
4279
7999
3910
9513
8186
167
8399
2699
6426
3734
7359
3825
9891
8603
4587
7044
7000
7625
9788
4211
8412
1905
1850
1634
3471
390
6792
8564
9403
4409
1685
5459
9774
7976
565
3856
3594
7226
9885
6
4625
9017
1441
6097
3403
1742
7484
1400
399
7714
1975
8548
2883
1879
8823
7368
327
644
7806
1678
5922
1006
1602
158
6834
6222
9119
6328
4592
9962
2400
1550
8379
8789
6962
1075
263
7081
2358
8012
7893
979
4610
8216
4545
2445
2203
7859
2706
4839
5658
6583
131
9051
839
6087
3025
5135
3104
3502
7030
9942
644
6134
5625
415
7200
8510
2668
4885
5390
2103
2284
7745
4121
1609
4972
2615
8885
4805
2300
2109
2296
4827
7446
4542
6897
7973
8716
5359
7715
3153
9559
9231
7074
4645
8392
475
8639
3506
3889
9554
4114
8974
4657
3944
1242
3866
2721
781
1599
1693
1705
6506
3757
9848
6545
4785
9281
3946
4738
9184
5438
4848
7148
8343
4765
3108
8826
2569
8633
9485
2978
797
2049
1863
1240
1078
5295
5
4504
5709
8547
3120
9047
6926
1242
333
5425
4884
5999
1751
1850
9686
2824
6280
5405
7673
2564
802
4221
5396
4968
7782
853
8096
5695
7155
8537
9189
4120
5006
63
8514
9340
1641
4569
4235
6670
2030
3542
5928
37
3043
9713
8089
9019
5799
2930
353
8102
6249
122
642
7418
339
2514
2095
5892
9735
1283
7777
6985
6156
6859
4485
8694
9733
5619
8046
5085
4294
6080
1018
9507
5631
7551
7812
1988
4046
6397
341
609
6270
6981
6177
6570
227
1776
2117
4722
8977
1244
5283
9537
1875
8228
9650
3273
5634
1556
5842
3750
1995
8018
4887
1209
6981
2178
9706
2815
3568
371
7606
1886
5067
3314
1379
4417
5393
3786
7593
7477
5850
7582
8550
3057
1560
44
3104
7123
2019
8752
5514
2808
6195
7853
2409
875
3840
7329
2414
1156
6696
1597
2757
6498
9012
119
127
7668
7494
7699
2723
2430
1075
8743
9580
9372
6345
615
8187
2632
5473
6340
3408
4257
8110
4280
6974
9266
8083
8469
2412
534
4902
729
1161
8229
4865
2735
1148
4677
9035
6067
9567
986
4310
8710
9169
5277
1939
8161
9539
6007
9921
5559
5577
192
40
2068
3101
7863
3645
4149
1772
385
1520
5274
3284
9566
9213
3275
6700
3929
9087
6267
9212
9081
8000
4735
5555
2224
8462
4267
2532
606
6260
2431
3251
4841
1196
980
4389
5194
4441
837
5431
9263
4358
8140
4357
6477
6736
4886
7272
5042
1740
7027
59
2014
8166
7120
3722
5372
6233
261
873
2153
3850
1854
1652
6774
7442
1443
9344
3517
2618
7616
6450
6972
2335
9559
238
2586
3193
4473
6871
8146
2976
455
6959
9983
3639
4698
7714
6388
1732
1811
4097
7510
4870
9629
730
1374
3440
207
5110
2744
5553
6574
6541
6794
7023
904
5606
3359
8139
2561
71
9770
3399
9274
4908
2503
5073
8594
5510
9870
6963
3082
5644
5999
6607
3097
1302
3366
2500
5306
5847
1412
6989
7710
5151
1488
8587
3205
5838
87
6016
96
7413
5575
4011
6976
7845
7811
7014
5180
8212
5737
1612
7776
7125
6474
4942
3461
3809
9644
6323
2876
9721
9787
7486
5493
6260
8858
8623
7141
328
3342
3093
5762
9516
4006
3368
6945
8477
7075
8447
1268
2760
4160
3746
1883
5259
8269
9045
3916
9883
58
2236
5590
2499
4540
3787
6784
1779
6725
1943
3760
6782
7114
2339
5603
6023
2844
7933
7027
5567
6247
6765
7255
9696
1679
5200
2351
1077
7301
769
658
3517
7609
7932
339
9111
4745
9405
1377
6464
2888
2974
3781
3269
8172
92
1640
2367
7297
1594
5957
7563
9617
5200
9916
2994
5883
3251
5086
2124
3739
4812
5931
9085
5933
283
1589
378
271
5584
6263
4799
2574
7434
5970
353
7141
8196
788
35
3817
6843
3352
3052
3825
4902
1879
2834
9472
3775
941
4210
9067
7751
6402
9652
681
1545
4730
2771
8988
5425
2417
1670
1534
5286
6911
4183
7007
1289
9806
4779
312
169
53
4298
9033
8159
5206
5918
4117
1472
6503
3173
2022
1433
3445
242
3966
992
9466
9681
5597
5286
4987
9183
5391
5635
5972
33
8467
5403
3180
8917
4022
8799
4956
2263
7763
8552
8224
5104
1543
3242
1576
2073
2754
6016
98
9401
8688
2110
549
5866
8824
4171
7370
2738
8482
8976
4331
3706
9216
6210
7716
9176
8458
7239
5970
3361
3515
1636
5338
4850
1619
1350
4509
2603
4776
1936
3859
2388
5269
5035
1968
8986
6331
2751
6686
3560
7772
8193
5992
9999
7112
30
4821
454
1034
8128
6166
8643
6547
1625
2005
1649
3498
7429
7532
2149
4542
7331
6522
2339
2490
4838
800
9805
1820
4368
9354
5769
582
2925
1976
4034
8381
7077
287
5070
2621
4084
9278
3355
7432
3848
9307
1875
9137
383
452
4834
5950
3305
2564
6253
1456
2513
6511
472
9858
406
8485
682
143
9548
377
3505
7444
7156
7673
7872
3829
9148
3277
7316
7943
4602
776
5680
5078
5407
6551
4955
923
9878
1134
3971
6040
372
5319
510
7231
9204
6902
719
1676
3800
6082
2508
236
3901
5995
508
9572
3047
2624
8512
4820
382
4073
5862
2322
603
6217
8751
7450
4556
8842
6627
2409
4537
2544
3389
7048
4340
5868
1678
4107
1072
1740
7903
6445
4816
732
8287
9993
3336
2119
9005
8745
1464
7934
1306
5102
7600
4314
9554
7712
8837
7252
5127
3879
4775
3400
914
2
2118
6634
9410
4388
3585
2030
6368
5491
2405
8688
7834
3587
1746
4999
264
7339
6789
6034
6542
1202
1829
7757
9212
699
7362
7034
1363
7729
3478
2289
8350
8186
7034
3350
2789
1614
2124
228
8869
3064
1672
4606
7512
7948
8642
9512
9025
8546
8415
6746
8389
4792
8790
1776
164
864
1133
7237
1871
580
2525
5969
8677
5251
9604
5441
9246
9116
8931
5519
3622
2642
788
7186
108
7790
2403
5262
8538
2920
9347
9979
9538
9396
4961
5196
6802
7278
8894
4953
3650
7943
1933
7866
3432
7038
5058
3792
4122
8890
7532
9048
8490
8955
9978
9013
4121
6292
9145
8601
8133
9700
3485
1989
165
7447
2154
7566
7061
1825
3286
8466
9676
1526
2595
5041
6900
2976
9074
1890
6676
6851
8702
1023
3719
2188
1334
582
4104
4013
8272
4109
9761
7109
6026
9754
4612
7566
8665
9475
9654
2237
2157
3316
4596
6781
47
896
1805
7641
9717
1217
228
5108
9997
8007
9264
5207
7992
2186
4028
8505
6886
4556
4237
6351
2804
9771
5387
4586
4175
9221
4205
3986
5102
9958
5206
5409
2484
3323
7744
314
9876
9370
7623
6314
9564
2273
2659
2535
7893
5801
3401
9945
3030
6439
1548
2941
6250
8437
5603
8105
3577
634
4624
9251
1402
6681
5107
4410
4056
7009
316
5782
7143
9955
7146
7190
8765
1854
6053
3815
5747
3912
6646
3454
9933
7276
5863
4121
6687
5217
1678
7409
7917
6339
1359
5173
8426
8310
6295
6143
6230
2748
2258
1833
4314
5659
7642
939
3370
6231
6391
4004
9234
4802
3127
7165
5220
9923
2745
5493
2071
8908
9160
1981
4042
4970
2186
2108
8991
2485
6952
1341
2507
7036
3505
4369
5505
2086
2507
6147
9536
1909
7702
6915
9907
5882
8532
479
2466
9351
4885
5478
8383
7566
6298
3725
7398
4952
6142
7257
8284
6206
6127
8261
110
4631
7502
3603
8187
2592
1476
4977
9867
3870
4113
4845
1366
7499
6281
9819
5142
7847
1327
7222
4722
6849
9407
1251
5374
2202
5489
2403
1533
8846
9749
9602
8704
1844
3064
6524
5002
137
4198
1898
7694
4418
1171
8630
7301
8810
2277
7798
4159
3658
6482
5377
1924
7522
4043
2324
1967
2677
5281
7493
8007
5369
2328
419
1686
4989
7540
7481
5500
365
3428
9764
8004
289
7123
3948
3077
2753
8034
1196
2067
3450
7743
5652
2500
6645
5161
6259
7929
4281
9654
6749
2408
5646
4534
1979
2160
6226
8192
2801
5772
7958
7839
6107
5534
1105
9425
8
7264
1570
4013
1385
7293
3059
3955
6184
5568
7015
4450
5720
9710
1170
9164
6898
2887
8148
2223
4443
7991
914
8282
3085
1509
2653
971
2338
6386
7413
1376
9284
6097
4219
7681
5301
5064
1271
8687
8964
3211
7823
918
7357
6981
210
5588
729
8911
3670
5587
4033
9694
1106
3329
2841
892
3107
4016
9870
7065
1782
7975
299
7999
4258
2456
6072
550
6770
5881
6064
8554
9369
3303
1315
9396
6525
2724
9283
5464
3062
7677
6678
3045
8962
4992
4705
2395
9435
6715
9711
6450
5890
6507
9923
8016
8262
9407
1693
5109
2166
8743
3537
9380
7450
8042
7722
8080
7059
8971
838
6457
6208
8888
351
4841
7857
8616
7570
4743
8506
4544
376
5245
8022
290
1560
4240
371
1999
419
5403
1827
3261
1560
8578
8090
4300
6729
6130
1459
647
3878
3638
957
1065
6478
3190
9604
7944
774
6637
3752
9515
1511
4511
2215
497
5100
8384
3794
4446
589
2896
9245
5178
9509
6347
154
4704
7782
7746
3837
5325
1227
9894
2702
4762
6139
4474
5485
37
6417
1726
9074
3253
4419
6204
8585
7129
340
7331
2417
1468
1491
9411
7424
8440
7414
5023
7195
7528
9204
4068
8274
3342
628
7535
4077
4201
5714
6547
5846
2312
1039
7744
1588
823
1686
5443
218
2284
7432
1460
7600
9682
9182
9903
7450
6319
9778
158
6546
1714
6466
7629
9648
9619
8789
7672
814
7614
2527
7543
67
1512
2894
5735
1592
5074
6240
2614
9593
3224
9400
6071
3980
8233
1609
6424
2121
4167
7761
2776
7041
4948
293
4226
6144
6090
7623
147
8704
7016
9245
3684
5327
4096
6518
6362
8662
4345
7470
1741
8148
1179
3338
1418
6004
8586
5368
8827
9565
6311
1836
7929
6455
6820
6612
822
5521
6062
6994
1219
3329
8509
5
9307
5094
6236
961
5873
475
8338
1100
7437
3687
8002
3502
8188
8119
5295
3080
3360
7399
7797
8104
3310
6329
1610
6872
7673
7239
6403
1165
6298
6538
1048
6955
8446
535
9147
5103
7710
1450
2102
8444
4035
1693
5505
502
6778
370
2197
1353
127
3494
4518
7099
3315
8099
5540
4315
8421
2411
6453
2333
4825
7184
4828
1371
6935
8761
244
1520
5163
403
9000
8632
571
650
7083
2612
7683
1538
5974
1375
713
3474
2227
5882
7102
9094
5662
1352
1747
4789
1702
4045
1588
3196
421
7317
3743
6444
9367
4248
4959
9288
3828
9388
734
2649
7993
5842
1304
6048
4951
4745
5149
5831
200
4089
3631
7895
9261
477
7824
5360
9944
9128
5340
7466
9026
9497
8362
106
1114
756
3209
7412
3393
1963
1974
3195
4246
5061
4206
6439
2442
5916
1320
4862
5836
2365
6190
9586
1013
7529
106
2442
1481
7424
2176
9880
2480
3917
7759
8568
6041
9873
7330
3649
1373
2486
6032
9453
8448
6493
7328
9118
7016
3551
4547
9529
7850
9326
622
3455
3615
6582
6081
3833
8415
2393
2188
837
4477
525
8015
4437
6218
2308
8565
1403
6154
195
77
5653
44
8734
7228
8395
3359
5134
6483
2691
4774
3230
733
3299
1
4613
1636
9796
2322
6951
7045
718
8646
9041
6851
8368
8196
3190
2712
3177
9841
1649
2144
6247
6194
8912
4312
4254
5001
725
3829
6332
7772
3993
2296
625
2306
3769
7496
9275
2392
4683
1507
1663
3807
6659
1003
936
4820
3279
2396
2309
1990
2714
7477
3635
1748
7074
4463
5392
1751
2951
3007
9513
8784
1848
6556
608
5442
3295
9821
3826
7554
7299
3833
9429
9395
6133
8899
6776
98
5620
7514
344
9533
4085
5280
5422
810
5866
2389
1044
268
7184
3894
5466
7746
96
5429
6833
6833
2017
5920
9694
3408
445
5056
6214
7638
9360
8899
4613
3859
6460
1717
4611
3988
1959
504
1364
119
2474
1962
2146
2063
8501
8638
1
8269
3733
7307
3180
7872
6258
6640
8460
9473
7147
5498
870
4196
2361
2473
1759
6576
8882
3509
7707
3376
9280
3144
7957
9086
634
2392
4942
3929
7545
1728
6604
5977
7914
2362
929
9373
6827
2204
950
1247
4299
9042
7729
7733
7
3972
4804
8923
7360
2702
8236
8892
4379
2384
1701
63
4813
2850
9679
450
1080
9634
4734
1410
3076
6356
8229
1369
4435
9571
997
1691
4979
5800
3259
6410
3586
2640
9760
1539
9340
2920
2509
6190
8210
54
8938
7334
9774
1993
1634
7500
9840
9378
2257
9855
2659
8246
1019
9428
9745
4002
1563
3701
3018
7209
4370
3603
5922
7496
3689
611
6575
7312
2090
4999
6692
6098
5324
6755
7429
6155
5075
1433
6881
5949
5146
7093
7286
6253
3149
5171
5390
6117
800
8786
8641
9106
8201
428
4981
3347
8423
4775
6084
6909
3973
6109
2588
878
9252
19
9509
5145
601
3729
8681
618
6701
3537
3584
4530
5477
7315
3705
6803
7156
8035
6842
6152
5644
4836
5758
613
248
4168
5630
6443
8994
1748
2402
96
5050
4711
8394
4553
5100
1510
3343
5823
2411
2574
1899
9719
6189
4073
2395
3518
74
4031
8231
5021
7142
4553
1815
2293
5061
520
8848
818
5682
7324
3915
883
3256
3413
2678
8466
2315
4651
3130
1999
1438
7774
7926
5865
1993
4273
8049
2468
4584
8353
9063
52
1329
8230
7354
3021
4071
6726
4111
9042
1135
4750
6258
3282
1470
4286
532
1699
2613
6194
2251
2304
696
1572
772
6938
2864
9306
6541
5070
4191
6528
1475
4959
8549
1248
5912
3347
4663
2865
181
8014
8883
1943
6186
8678
9116
8485
4258
5994
9704
3724
8429
7392
9365
6401
8722
213
4366
2572
5953
844
7042
5298
2281
8659
3962
1964
6362
5852
2373
6719
1217
2756
7617
6191
9484
5434
8471
1287
9215
9679
7360
8130
7550
5088
3409
4634
9215
7879
7683
8157
4086
5629
6416
4959
5457
1878
8121
8752
5749
8268
9386
6179
4707
2806
2523
1817
1386
4365
2886
6317
4472
2340
4020
3342
1577
3689
6610
4524
7487
5978
5521
7934
1109
1359
4626
2001
9607
9423
2551
5393
6939
6835
2420
9100
5760
1280
3572
4739
684
3482
9027
216
2958
1466
5728
6832
4798
4438
9321
246
9792
6363
5647
4856
6251
6422
1460
1686
9138
6936
6358
3260
6217
6934
2105
1778
4456
8036
8136
2632
3613
3306
987
7550
6687
6686
6460
7873
9401
6572
8959
5381
2721
4356
6781
4989
480
1938
5151
4186
9231
6596
6679
5711
4521
8496
7398
7607
813
9542
3924
8742
7363
8810
8429
1002
637
8958
2217
8152
8811
6627
4066
1887
3980
5805
5741
6655
292
2080
2973
891
5048
8273
6985
5200
1989
2356
7733
3263
2170
8956
3742
3353
2972
5397
4747
9421
3858
7563
6242
5290
1199
7140
7983
720
73
680
7751
4791
5722
7928
3289
6621
4253
9099
4034
4831
5170
1312
1013
2069
6095
7889
6385
7877
3889
6339
4923
6741
251
6204
805
9288
8138
9851
5482
7100
5072
1184
1807
2888
3775
7096
1322
8126
9180
3793
2164
4170
6207
3943
4305
2892
1969
6406
6649
8194
4839
1429
685
5304
5812
7301
9823
8225
3642
7295
7717
3370
1736
3041
7945
4169
7603
8393
9604
7737
5260
6665
4190
9502
4510
9338
5419
2501
2927
9890
7972
4935
3000
3936
6744
6283
7192
416
2274
9430
2108
2609
7827
677
8525
9304
6527
2085
6309
5333
4540
390
1243
2208
6650
7833
5599
2916
2725
6024
6511
4256
1604
4152
5282
7400
3611
6743
3870
205
5690
6108
5436
7004
4095
1233
1521
1210
4385
748
2998
4921
2790
2359
834
3662
3030
2951
1586
4573
9271
6219
8881
7854
8480
9199
93
8346
1099
4052
1729
1587
9749
4257
4111
6127
6588
1802
4694
4340
2467
9475
8433
2028
9044
1813
2682
4612
9973
4805
7316
897
8639
3539
9419
6271
3210
1937
7044
5403
8437
5671
8310
9039
7360
9527
536
376
5718
545
3438
2123
5730
4243
5633
3365
2436
4250
1801
6408
7878
5712
4810
9786
4046
7406
5787
7552
2952
2782
6990
1834
9021
132
2142
9443
6077
2684
6046
1631
4177
1809
9062
9126
7816
1946
3134
4910
4836
8648
9898
27
2212
4763
366
1534
2760
8715
4532
1005
9582
5471
5658
1644
8264
8923
3689
8772
1079
8371
3345
5583
2025
163
3379
4427
6209
2034
5363
2551
1182
9054
8585
7233
7489
9456
3510
3324
914
6090
9623
3441
3214
9788
9949
6981
980
95
621
9318
1674
1476
844
4796
7458
1248
4122
4140
7444
5855
772
2518
6601
4634
4823
929
3776
1656
3099
8454
3826
2876
7945
5566
8810
5783
3435
5651
3900
3583
5829
1090
7772
8257
851
2332
3966
1014
1804
1111
4391
7104
9832
7099
7358
9522
969
6946
7436
1821
4196
3123
3953
1401
6604
4857
7795
2023
1818
8737
7705
8463
3760
3716
9009
6867
3881
124
9603
9528
4661
1837
4248
145
5361
5594
9489
3706
6778
8770
6621
7426
5970
6169
7072
5685
3874
5766
7213
2964
2259
7744
8298
6908
5893
1269
5545
7539
7944
2768
3314
7961
6749
6510
4445
6299
7213
980
439
97
9849
4029
3858
6741
6262
2655
9362
7801
2124
8397
3550
5164
3092
1397
6685
8774
8864
4249
9927
8341
9520
6173
8236
8235
8251
9615
8708
4640
486
794
81
93
5097
6104
5288
8805
9652
845
1114
8838
3248
4242
9667
9680
6150
6023
5061
8452
1542
898
1716
7217
8575
515
9244
4473
368
6774
8322
5671
9505
6125
3683
5551
5771
3092
7821
6942
376
4720
9612
6657
4511
767
5618
5828
1230
1772
3706
9818
3020
9593
2358
2550
3837
3624
4753
9879
7047
1532
1367
3826
4291
890
3714
9712
9124
4367
1362
3478
2180
8029
874
6687
486
1203
7423
2144
1083
3795
3071
2796
6991
8820
5590
9486
7611
796
3246
3039
4145
1682
3129
4404
3919
6836
2908
8088
9144
9577
2981
9196
2612
1138
5393
6815
5197
7970
8621
3994
9525
101
6185
6469
5942
8619
8258
1500
9973
4655
842
2002
2600
1177
8381
4724
231
5705
6379
9711
4482
5187
6190
5469
8645
8792
9170
2852
9481
7616
3955
1811
4567
2313
6265
2010
5130
7783
4056
3686
4648
3475
1666
6657
2541
9494
2274
178
3050
5415
4064
7715
7701
1993
1644
2298
8872
2704
9986
6336
6114
3335
4967
9758
6903
7976
3053
2162
988
2010
7570
7396
4637
7740
4355
391
4647
9358
1420
5609
6977
7877
3851
6371
8360
1199
1332
8536
4586
9167
3077
2760
142
6495
5725
9119
2821
397
1937
6227
9369
6014
5846
8104
8616
3597
4635
2582
9398
5039
9645
1258
8997
6175
1519
4327
5006
6241
4107
2701
2386
9949
5277
2748
276
3400
916
4448
583
5984
5759
2926
9913
4168
7495
8132
1505
7725
5501
9883
5594
1529
2873
3988
6440
4621
2638
685
1430
8529
7126
9051
7734
9187
6239
8109
7130
2969
2798
7496
9340
7291
6175
4071
4592
5393
6065
7563
1931
4336
5680
1396
2086
4425
292
8962
7016
2233
3983
6973
8143
6975
7267
4788
1984
5860
360
2681
2710
9733
8868
4852
1503
2171
6964
1551
3102
9015
9595
6093
8818
652
7246
1342
3671
4822
5730
3808
7228
3020
4236
7435
1678
8117
2377
8225
338
2460
3585
7494
2403
5902
4184
1128
7995
4320
7541
9215
6834
9379
9390
372
9702
275
1987
9916
8655
9649
2644
7939
1894
4604
4670
5481
8662
2923
5156
149
5769
2931
3107
3286
7535
2050
6526
5332
2491
8849
1664
9439
1773
1508
3682
6796
2463
5117
157
3993
4733
3574
9329
784
6519
4547
9921
7032
5690
3977
7348
2955
5850
8484
4844
8519
5815
1698
6597
9313
2524
3876
2721
1129
8788
2696
2669
9850
6096
7566
8660
2008
8304
9134
313
763
7191
6322
8283
5620
6852
4910
7429
5287
4741
6849
809
6998
2966
4712
1062
3242
6032
3741
8782
6140
2093
4185
771
3255
8572
9869
1042
7213
8822
6130
387
3633
2539
2823
4183
6893
8331
6697
8185
9277
7548
4048
940
2861
752
1260
1133
1769
7941
4621
8482
6016
3057
1706
843
4248
6431
5594
7547
9226
2715
1537
6118
5641
6613
7616
3102
1456
2663
491
844
6695
1778
4365
3277
9975
6162
9237
7969
8747
9571
5327
5740
223
9814
980
4377
3964
1186
5242
5148
3934
6838
2455
9685
4865
1583
4941
2702
5196
1234
2834
8534
58
5447
3060
8804
9055
3814
7446
5501
1258
5075
9705
708
1600
469
6581
3058
702
1659
3214
5609
8127
4072
6902
3322
9283
7130
4221
5111
9461
2506
429
3606
2653
1106
3409
6077
1570
847
9357
5619
8934
6252
2306
100
3994
7395
3356
2944
2002
8314
8028
8801
5035
375
5593
8172
5746
8162
3119
492
5227
3272
6312
4112
2498
11
2106
4501
1239
6896
9162
3377
2583
8620
9905
479
992
5007
2688
8955
3017
3374
1343
4300
1642
9125
9680
6064
6393
9569
2542
9539
6498
3703
2434
1111
743
8471
6334
9348
9711
645
7624
7392
6579
9109
7760
1785
7370
7086
2087
3935
9820
2741
8569
2972
1610
5821
3343
7429
3260
8274
2476
7953
3841
5188
3603
8358
3600
6942
768
9604
7207
5328
8889
1334
2021
6753
7058
7546
1765
6107
5918
7455
4412
9559
5755
1462
5932
2924
3952
3101
2458
5875
1578
3975
4585
1393
1010
8378
8827
1088
6082
8424
8494
6697
4287
8334
4013
4426
1883
2600
6008
4025
7673
4149
5928
905
1718
4846
9547
1774
9688
7303
2926
3355
3719
7345
1371
6965
4559
9711
6797
6023
6662
2261
7701
6873
6778
8241
6218
6418
8453
8534
5123
2581
561
2750
8466
225
9180
7987
4894
6145
8258
8387
7812
6080
7987
8107
6633
4132
4005
9353
874
4215
6064
6033
4382
6052
5502
9216
4993
6885
1162
6845
8990
1518
7482
4251
812
4190
5201
7117
5139
6623
8852
9003
3590
3333
8166
2642
7825
8761
3452
196
9509
8155
643
1114
5472
4770
2615
2322
6493
3401
6534
6076
3548
4004
926
1110
8792
3235
4866
4436
9600
881
1765
7417
3940
7863
1987
9050
1648
4251
8802
9695
1297
8862
1040
5759
3575
5512
629
1419
7581
760
1759
625
4143
8687
4722
6740
2528
8120
6983
3732
5109
3313
8833
72
3473
6813
3414
9130
9402
1352
7369
8160
3557
4000
8951
2921
1616
6962
5265
2530
5711
7343
4265
4959
5682
9011
4708
4391
7739
3191
3864
1637
2996
9416
6327
6562
5779
7662
544
1906
8776
5382
5400
9965
9757
4268
6740
6727
5772
473
6641
9289
1646
7736
7094
6139
3904
1898
2930
8238
8906
7892
4140
3246
3946
5142
6772
5674
6704
6204
5451
4786
5946
9429
4703
3081
1502
5265
2765
1907
1649
1057
836
3429
4517
2762
2324
616
1606
7102
663
8403
6951
4119
9379
5536
8787
8185
3417
1778
1222
9850
9478
2460
3271
1066
5143
355
2718
9477
7420
9011
9683
1639
4644
7391
6013
912
5640
4475
9418
5898
4880
953
6116
54
7235
7114
9307
3793
1301
2735
4580
1698
9403
649
951
4142
6788
9744
3915
1256
5222
1126
233
9189
3417
674
6571
2828
3000
6050
1634
293
3311
3171
2892
4516
2513
6881
9773
2403
7185
175
2380
8340
7552
245
1528
7579
3708
2821
6975
8624
1194
6864
5625
3797
442
8251
5913
7202
667
567
8303
507
5087
2053
2213
5193
6044
2488
5969
5539
5760
6908
2291
9748
8027
1006
1462
2322
8408
8562
9058
140
7418
1247
8794
5565
2953
6700
4428
1365
8095
3566
125
9146
3609
8999
3044
6203
5435
6721
6046
8863
5543
9559
320
9542
7083
2817
6589
5096
8304
3698
1580
2772
9041
5848
8274
8311
366
7167
7452
613
73
9096
6665
4864
2276
392
6202
1390
2660
9182
7962
7430
4405
1343
2479
3381
3794
5723
5035
7127
4089
3336
3226
6686
2401
4687
9721
496
7961
2420
6157
6236
2802
543
4570
5440
6394
2051
9375
291
7360
6881
439
5783
2428
6492
8193
9557
3595
1825
6618
6248
6312
5265
9107
677
6490
9869
2873
6694
8095
2859
6453
1433
4922
7616
6377
6433
6868
6519
938
9442
3913
5988
1
2867
679
5367
842
1424
1837
768
5189
8444
4976
1887
750
9955
7531
6744
3297
31
2377
7699
8281
1242
9211
17
6262
8886
4046
6654
5893
7088
6259
8356
4914
934
9854
8321
1412
4224
6955
9488
9205
6208
8952
1297
3714
4312
2251
2012
280
2254
6084
8089
6500
7139
9943
9027
283
9491
872
9071
8786
1841
724
9346
8400
5596
3978
2992
6336
5196
1601
8441
3087
7882
9934
5526
7291
5002
3972
1113
8317
1565
1110
123
3955
96
8772
3188
4984
9176
1448
9612
7447
9165
232
8017
4892
5989
5484
2907
5342
34
7494
7847
7357
1255
1202
8375
5689
7810
4319
1797
7431
1249
6478
4691
4773
9419
3056
4872
9738
1196
8192
5798
4954
1974
2461
5531
6315
8514
1809
8276
3512
6332
8802
8255
5083
9597
1242
1638
9059
4707
8573
6955
5052
3144
6493
2635
2547
1758
2028
1202
5689
9841
1204
7300
6449
1304
4775
1130
8009
8792
9821
4667
1997
6007
851
4268
7055
4613
9991
4728
5399
3803
8010
7569
3917
7195
3026
5347
9364
1663
9927
8633
7738
5683
6935
1800
8686
7016
1841
6891
6329
334
9966
9019
5466
2164
9351
7362
123
7907
1137
8709
8443
256
1831
5930
1628
5797
7218
542
7215
1529
4760
133
2901
8053
8388
5120
698
5990
8238
6950
3163
9623
9122
2201
4166
149
5649
6743
813
7592
7274
8831
4459
1369
4024
6825
137
827
7137
8585
5056
5618
8096
5006
3065
2835
8633
173
3155
2692
2554
8708
6834
7768
5775
275
5593
4696
2977
8547
8013
7984
95
3658
3251
9015
8939
7182
2220
1540
2010
8918
5349
7038
9332
1109
9791
5010
3825
1488
6386
2349
4568
6430
6714
5624
5259
3798
3917
6050
2358
6001
8364
1590
515
2698
6169
2147
8666
886
9634
2088
8952
1273
4566
1811
3523
3858
4862
3195
7775
9770
2487
4287
6548
9154
7192
1197
3533
5792
8848
3130
1639
6954
4971
531
1249
2431
7274
9708
5480
1748
8767
8190
3828
3558
6449
7027
7054
4681
1960
6276
4109
1439
3789
5887
8272
4563
5648
5891
7832
692
9222
584
5573
766
3185
