4395
6354
8334
723
9243
7108
5762
2492
7076
7471
1725
8024
152
4593
5996
4655
7661
4286
5988
6633
5630
823
9819
2593
156
3669
7359
8356
1166
464
45
9304
9788
7690
6516
2418
5528
7992
4563
619
1976
7592
6864
3339
316
807
5484
967
1148
897
4516
2217
1158
7445
9214
6653
9509
293
9052
9061
4532
9969
3087
9277
1993
4748
8929
6847
3518
5603
7628
6981
3009
7038
5226
662
6393
9872
2357
7391
9260
8007
8490
9163
4826
4024
3957
8602
6182
4684
4477
8383
8887
8085
6815
3969
2823
4662
1165
7027
6441
7881
3632
3342
3617
9168
6579
225
2974
9921
1119
1654
7214
8727
7810
9885
7681
9955
6220
4412
7077
5965
9656
6776
6082
360
9033
388
8148
8886
4805
1952
2687
9790
5106
9870
2671
1850
5977
2502
15
4058
4721
9038
6913
2890
4808
1666
4229
603
5947
6424
1106
3397
2957
2798
4451
4393
4944
664
1509
4303
7344
6457
4174
7964
1027
1796
6604
1727
134
7139
5516
6007
5057
5381
2539
2442
5037
7483
8575
336
7404
645
8683
2705
4759
2100
5952
3496
3003
7163
5906
1788
9007
4487
8208
2247
1
5710
7164
3911
7204
1631
4473
1037
6052
3224
1147
437
799
8991
4945
1251
9707
9503
3126
5460
572
4083
9457
4079
5830
4219
8059
6801
1858
4445
174
3101
4908
5353
4261
6230
6516
3435
2393
5392
524
8553
964
9196
6453
6339
2945
170
5478
8609
4592
9848
7717
3707
7591
4930
6610
1934
6962
4015
7899
1344
1198
5452
740
9160
3663
4450
9696
174
7134
5347
9287
9508
9855
7597
3848
668
5005
9116
2815
8514
4755
9599
5992
5296
9885
1185
58
3556
1431
1306
5925
4864
1819
8965
9134
7148
2525
8469
8694
3829
615
747
8558
2574
8284
119
1948
537
4771
1673
9854
6517
909
5460
3336
5602
9571
189
884
4207
8924
7156
5070
6266
8966
7277
4951
5410
4036
2578
9804
892
701
5752
4027
3723
4147
5642
3990
9725
4806
2620
7588
3811
8666
5037
1074
7721
9489
1069
2802
4106
2200
6997
4792
4081
8727
3486
519
7650
2742
9113
2915
8113
5582
6623
5939
7303
3963
4543
3815
8753
5767
4945
3767
8092
7034
420
9786
7547
6056
163
5333
8618
4677
585
582
8786
2006
8368
3057
4255
2031
5969
9570
9787
2747
5995
501
9341
4576
7413
8435
5143
610
158
4208
4659
6094
491
8189
1591
4507
1739
7159
3570
2161
6810
4953
4131
4247
180
7650
1984
7677
2194
5799
8071
6408
796
5807
4873
1151
4128
4054
4294
1159
4641
8671
9584
8991
5394
7808
9350
2841
9408
6996
3211
1551
9345
8457
1076
6689
8702
2244
120
7107
2409
4102
7941
1776
5063
6894
1794
9446
2219
1929
3931
3178
7799
8652
9399
9829
7768
3499
1039
8483
8904
1368
6502
4448
2351
689
3331
9022
3525
5817
7429
2886
3332
5015
242
7587
7004
2004
9968
2716
2668
8180
1492
4287
4570
8422
8487
6403
1419
7931
1471
2644
9521
4961
969
7248
1221
6582
578
644
8607
5559
9855
6822
783
8116
9280
3838
5740
1085
8738
4499
2142
7221
8352
6993
8471
6740
6903
8965
8290
9968
2084
3326
5343
9937
574
7755
7479
7744
6243
4753
7186
2201
5747
229
220
6017
5926
4732
1100
4532
9596
959
5189
4476
8455
3913
3769
2766
9122
4740
2189
1677
8332
1314
2730
8750
5476
605
3217
865
5159
5095
8251
2676
7214
2591
5130
8171
6106
5466
3176
7281
2040
2096
6620
4227
8851
7680
6914
4418
3500
7911
4818
5834
9337
7308
1983
9403
9350
4875
3084
3567
1215
4694
8308
9079
5277
1468
9497
1684
783
80
8593
7752
235
4738
8718
1694
5365
3182
4329
9537
7618
7563
8344
2690
7425
5492
3324
3573
2422
7514
8990
9610
2606
4320
6726
5977
9326
9316
569
1852
5171
6826
8417
6479
6082
7932
4333
4423
3502
8166
9033
4977
9790
2846
4904
640
9915
2612
8511
1160
8582
922
8380
7369
1472
7093
2937
4871
8577
1106
8628
4310
5773
7579
8013
8008
4003
2166
7443
9451
1654
2550
3681
1744
832
5207
2171
1232
3587
4056
2587
9480
1976
5537
8582
2637
4833
2574
488
3219
9430
1648
2827
3605
1477
1656
913
3017
1381
1841
3696
1616
3243
1135
5594
6292
9356
4500
3545
6725
8081
9307
3878
3407
1422
2790
2665
3351
1810
2945
5011
94
1682
3546
902
1394
6128
6286
1109
3586
5769
8502
6429
171
8119
5112
7922
6320
2101
2920
6005
3130
4154
778
983
4792
2056
1745
3916
2455
5710
5436
6570
3816
6172
3592
9792
2589
8696
1396
890
9081
9730
418
3490
1556
523
2881
6600
9105
2547
9586
3686
928
8754
9657
1200
428
9870
5461
3204
153
849
5449
6820
2600
3319
2271
8718
1612
5589
8066
1759
5104
4726
2861
1417
6865
5772
5920
667
1961
8932
1286
293
7065
3640
8674
1316
6949
754
257
3750
9984
6155
9658
1563
6788
3481
2718
2011
8919
654
1945
3605
9209
1652
4097
1794
5081
9633
1283
6356
2194
7263
9564
8822
2926
1351
4446
4757
1035
8225
1366
7984
7017
4457
3539
1265
4054
9856
5107
16
16
7022
7604
7387
9458
2906
849
3969
137
4200
6944
8503
8828
257
7409
2909
2606
5707
7634
3608
4456
4656
3734
7537
6604
6114
7596
2733
1152
4994
7633
2732
9963
3450
22
7148
7864
755
1201
1561
6079
1874
3586
49
742
812
2875
1209
8987
6864
679
5302
6395
1312
7234
6814
6385
1881
3766
688
2650
3629
9645
9760
7071
7939
1549
8272
1844
4215
4628
2640
8955
9247
766
8291
4060
1552
5127
4097
1925
6235
1710
1875
8228
8692
4302
6697
7082
3433
3872
4562
5176
5558
9565
3587
1463
7633
5008
8400
9628
4972
9251
307
6255
9320
6862
5337
4687
256
2540
4583
8142
6102
9636
7896
6998
5814
7767
1695
9651
6556
5078
7940
7798
7261
4911
6652
7029
8861
5199
4110
8296
1720
1994
8323
2398
1996
9977
6241
4725
401
9353
5225
9121
9735
8534
1865
5861
2693
288
61
5666
3113
815
423
6547
5436
2010
8834
2241
5613
2278
3560
5042
7946
5841
8329
2184
7816
6263
8019
3728
904
4205
8123
8592
6091
5690
9566
7475
1851
2714
5585
6495
2494
5443
5760
382
7295
4376
2616
3578
82
9766
8878
4954
2926
739
7818
4246
2965
7667
8806
9423
3697
9082
9053
8984
7538
5867
1111
8378
2671
824
7428
6692
1349
1035
3996
8618
1851
9304
2062
1911
7831
9795
6036
9690
3974
7862
4955
2872
3738
4273
1899
2589
2003
2493
817
2396
2080
7633
9760
7054
9043
5917
3404
1286
2661
9890
3573
2857
4000
1060
9282
3031
6429
8139
5265
579
6054
2886
7005
2833
2178
8796
3501
9727
3721
1645
881
9799
7819
1619
8680
9680
4825
6592
8080
6441
6393
1891
9583
8263
8669
519
2603
7477
4731
4437
9497
1404
1114
5902
715
713
5030
2815
3329
9410
4030
1935
6988
6913
6222
8390
4069
4171
8261
8890
3973
908
5171
2797
5949
3955
21
5556
8900
2006
8923
4877
3778
6819
8883
5666
398
749
1818
1711
5312
2548
1261
2040
1602
1560
144
5025
289
7541
3263
304
8034
321
8638
2013
8996
5838
125
8650
6940
1073
5399
8458
5429
7952
8415
4516
9569
7092
7526
2458
8733
3461
9587
9622
8068
4618
70
457
5404
9902
8788
399
2932
1666
6723
4509
6766
104
9192
9706
1272
5340
6725
1035
7590
5
299
2556
6754
5314
2638
2479
1886
5058
1501
2350
38
771
9404
487
7033
4782
7987
1136
8216
9082
6188
8378
4615
9050
2657
1914
2707
373
8332
3831
3917
5101
1110
9792
4627
1053
4167
3780
1980
8787
6649
1459
433
4616
3897
8620
8033
6092
9473
7550
5832
4766
2460
6213
7741
3718
5437
6146
2367
8489
6725
8236
9208
5449
4955
2747
6739
1525
7417
3018
5827
4983
5382
6834
112
9637
5975
9723
4485
8311
97
66
3255
50
4955
1926
1244
7172
8166
5054
9939
6094
4129
9318
8420
5585
9601
3032
2786
4277
6590
8533
871
6486
3814
9226
8772
3713
9114
65
4576
1884
3681
2009
7998
4560
1931
9739
9091
2656
5060
2432
3458
684
1929
2758
981
7899
8464
2584
1807
1404
3090
2417
6786
2443
6815
3347
3733
6582
510
1577
1452
8322
8663
6262
9090
2643
1038
4317
7736
7025
9881
9376
4847
9203
1594
7208
1151
16
9177
7005
2835
8694
9825
500
7660
1670
2373
6874
9776
2212
8440
8127
1443
3163
7302
1953
6803
5332
8473
4903
7003
8547
2665
1701
3888
9512
6093
3522
7270
7065
4523
9785
3970
2423
6215
4492
5130
9234
9067
2206
5451
6103
144
4301
5504
2802
7655
8838
5483
1591
1775
7258
6669
2143
3888
7323
8887
3219
5171
3171
5837
8209
9841
965
5418
5999
8162
9707
9614
4157
7598
4245
4086
2955
4429
2267
9999
2665
4846
7097
4609
8587
9173
3943
2760
7818
1182
6485
274
6467
7606
8845
8907
2225
1945
7950
1730
9983
479
160
1004
7947
8805
9347
1182
8295
6845
2330
4503
9215
7111
3753
8825
9329
4650
635
9318
2010
8569
2956
3363
6888
2456
3949
444
2515
2041
3302
8280
7376
8507
6123
2050
1650
2241
7313
2248
6016
5880
95
656
6005
9287
702
9177
5904
6723
3806
7537
2204
2639
3279
4809
8578
1559
9705
8414
9766
177
6627
2462
1767
9077
5405
5331
1700
8162
8875
4276
1312
7419
5528
684
2824
6664
1004
5220
1137
3820
955
9483
193
6153
5410
5526
9811
4773
5848
7541
3548
4751
8822
6063
4624
9585
1701
6107
6825
1339
1364
4723
5241
868
9285
78
4510
7560
3205
5036
8370
8420
425
178
2780
7617
8765
1412
2979
9850
451
8310
143
700
3317
3852
4455
3861
9060
7793
7335
7283
7525
7635
6509
9823
872
6038
3904
4261
3166
3298
6204
5143
2976
3002
6881
7690
6418
4583
9842
4367
7924
1496
9173
5048
1514
7550
3076
7539
8863
4765
4300
3592
1847
7106
5882
8782
8252
3753
596
7483
7655
6553
7786
2956
3276
7379
4720
5160
7204
9963
2343
161
338
7164
9678
9770
4752
6440
6708
7383
7605
9728
6069
287
9987
3624
842
594
2605
6782
6303
7843
6299
3720
6523
8659
9920
3622
9567
5029
8546
8291
2264
5077
1226
4782
6193
2117
388
7518
1928
7747
1508
4952
3299
6309
4651
566
289
581
8603
5578
6921
3866
6578
4074
5233
7749
8413
76
6393
2065
8506
3630
9677
4738
4699
408
4034
1247
4930
2868
5687
5396
7148
3930
8156
2588
3877
4486
2657
1720
3993
532
9253
2339
3849
8401
369
8427
6698
2354
5333
3876
3287
3465
9037
5030
983
3015
5306
2415
3149
3549
8141
3725
8251
1394
3160
518
9357
6730
2066
7005
4037
3691
9073
321
3733
4704
2880
8199
5289
2684
8425
7782
4258
5895
161
2698
372
9319
6117
3600
2043
4233
8609
6696
3947
2944
8427
711
9642
3073
2155
846
5084
4897
5835
7011
3242
8835
9266
3015
2159
9953
872
6349
3006
5034
4916
6959
51
5046
9806
8858
5360
7726
8026
7087
8894
89
7679
4662
7598
5666
3924
1660
132
4374
2872
7602
5925
6545
9985
3527
1943
5248
3
966
3789
153
6266
7876
2153
2262
8291
3141
2421
2021
3023
8594
4387
3658
9928
5547
4248
2883
9818
4729
2461
677
7836
1532
2775
6228
767
8670
8207
3630
2107
4042
5639
373
4773
9394
2052
7189
1186
6075
2368
7015
145
4288
6084
8489
6037
2335
8962
1490
2059
3111
333
7322
5007
8150
9917
2421
4254
9047
6552
8750
7042
2150
9035
7069
6927
6773
3601
7144
2136
3079
1767
1344
7469
9954
4385
4826
6239
81
246
5784
6824
548
5768
3216
4382
4540
5246
2626
2903
1297
5763
1936
2202
6460
8193
235
148
6707
141
2443
1609
6163
3864
2392
5164
1829
4158
6963
7564
6280
6597
2548
3475
1049
2868
9694
9690
6413
9305
2469
7663
9396
624
2464
716
5355
1065
2650
5606
826
61
3813
9792
3971
4964
2642
7376
2194
4683
2341
2254
5187
6487
3273
6608
4652
8130
3268
2944
2594
4419
2295
9922
5311
2218
4093
2128
8395
7182
5540
2181
2944
9503
8157
1267
3278
5759
8057
639
4980
5818
1553
4846
5560
7040
5811
9243
9069
1550
1483
7038
2188
1607
5115
8890
8091
2512
9345
3449
4768
1341
6254
711
4204
3263
3442
7897
3051
5207
9387
810
7561
7290
4449
4030
5086
5367
2761
6286
2513
7218
4526
6476
5983
442
3249
1646
9657
1362
6663
3351
7774
1923
9739
4695
658
7037
1383
2029
6527
6177
6056
6870
1590
8087
8374
647
8527
9858
5150
4617
7068
6435
2073
6964
2505
1713
3089
9911
3015
2813
6911
522
4307
9310
6870
1598
4528
3784
3715
4568
7402
419
3686
9739
7459
9609
7545
4548
8223
4827
5011
7519
4653
8129
3574
5922
5348
1504
175
9135
8623
8795
3119
9990
4267
1814
4320
9876
5544
2997
7909
590
8180
4060
5176
9185
8510
9148
2870
1477
1073
354
1631
3966
5342
7168
4582
60
803
1171
1649
3142
1872
8806
813
3979
97
1982
4604
6985
1181
5399
8241
1057
698
5655
915
9382
2695
9705
5523
7879
6073
2208
195
1033
8529
691
3322
5155
9808
6878
6773
1087
7497
8601
8176
1268
9066
9708
5075
3342
4114
4857
9677
1709
1505
3399
3382
420
8958
9398
9587
7870
4270
23
3566
9530
1203
6683
4654
7959
2931
2071
269
6105
5166
607
4899
7476
4901
4233
8339
48
5675
2050
1967
6439
7780
1622
493
1181
3521
1130
7263
6521
1935
5583
4551
1664
6493
8909
3243
2145
3341
6591
1806
4758
682
1290
2913
7292
1181
4343
4750
7608
9978
9709
8700
892
9431
3754
826
4817
2482
6772
9292
2001
9700
7667
8563
9577
4043
7503
1944
31
3931
381
7216
2398
9958
99
3174
9684
6643
6608
402
9273
8563
9334
7039
7339
5658
9006
1845
8241
8710
5127
3219
7189
2832
4812
5715
7346
984
1368
1601
8034
1331
9266
2216
3442
6967
181
7134
9302
8148
5789
2515
2709
3911
6774
1375
865
8311
853
8212
1285
9189
4671
9588
6830
6690
7737
7676
7991
8304
5262
698
8176
27
8752
7509
5169
4979
2524
5508
4609
8769
9532
767
4015
2817
2673
3251
369
5604
5158
7394
6008
4374
3586
5423
9585
3239
2926
5020
4526
8046
3220
1659
9376
6018
9195
306
8426
7571
1518
5491
9058
6520
3446
1626
5418
7532
5937
3559
5374
2436
6258
4518
1079
4509
1469
46
3630
3636
2327
9745
6773
4530
3507
9296
6661
743
6137
3671
5997
7890
1333
6055
9990
7334
843
8447
2738
3421
5474
1
7077
3796
2844
9750
7835
9217
98
2830
4470
9960
3412
9071
8500
6546
6722
8914
2954
5431
8995
1556
7757
3921
7207
3763
6212
1908
9155
9308
7218
9707
7924
135
3207
4908
5843
9354
1639
5807
8781
3909
5217
3643
37
1944
1633
8575
5447
5767
2581
9268
8881
680
6092
3900
6666
7212
9533
8841
4171
287
3055
7006
8754
3957
9453
6947
2450
1338
6732
5698
1557
9830
6278
4847
2749
9073
1081
1615
2340
2295
8493
5603
8004
2116
4837
493
3323
1882
2297
88
6978
9320
4093
827
5254
3843
7291
161
1599
4605
374
9655
6173
4333
8411
3005
2144
4134
5821
283
9707
8894
6023
1840
3611
1544
5446
1351
9817
6058
4926
8432
2819
3214
4340
5692
1204
8560
8868
8828
5648
1005
6033
5419
7933
9950
7121
1441
6370
4442
7051
5823
7102
7755
3438
8614
8556
2990
649
9896
9309
9427
542
5884
5142
2053
7991
7268
4736
7218
1059
2955
365
688
3418
8070
520
2361
2336
6936
5579
4095
6529
8394
1714
8146
7595
491
2435
3226
4180
8630
6009
1851
4943
8536
4219
1704
5852
230
7658
7785
1731
4590
6656
3716
6161
493
523
7880
2097
5900
4324
1277
1207
3870
3444
868
2295
8526
2824
1408
9048
891
1670
6082
9982
5340
2729
6051
6141
7545
8098
9817
4029
6487
4607
7838
2908
4366
1776
9563
7508
8534
4214
1246
7148
5034
6821
9122
9921
6234
4177
8348
4748
5337
5414
3053
2024
3834
3596
6359
9665
2029
4128
8351
7170
2751
1504
6465
1519
5671
8381
2472
1602
8286
2132
5594
1479
5704
7741
5041
6163
55
6557
2670
8210
1653
135
8001
9129
9934
639
7065
4580
4219
8784
1176
7350
808
2778
5015
2315
3911
8859
6541
3996
1310
1136
9572
9497
7240
6957
509
3740
8597
3282
4362
752
882
8932
3663
1082
5933
4203
3484
8298
4451
4972
7452
6483
8408
4356
3311
7996
1267
2871
3803
821
4448
3364
7366
9590
6721
4744
860
1602
8969
1265
5453
8545
2910
6992
2595
5700
8506
5645
3837
4164
8478
5997
6532
8100
489
496
1350
9831
1536
9625
6499
3456
8356
5170
8109
9106
4588
903
6882
9437
2255
1690
487
2652
5817
2150
6911
9113
2842
1859
1813
7669
9179
1809
9046
3829
838
7712
9263
5022
19
5567
1803
9756
1193
5061
2674
6544
711
5175
1982
6902
2092
1986
9329
9222
9724
3535
6683
5706
5376
5483
8825
5772
8640
7789
7001
5690
8743
9653
8680
3039
3184
8088
4548
3350
1166
3931
4940
6629
242
4281
8843
4854
3570
612
224
4791
9939
3431
8535
9389
2639
9631
7833
2364
3593
5414
9802
5219
8092
3520
6553
9489
306
9553
7330
3724
6443
4379
4325
4045
3621
4916
7379
1829
5191
2452
6086
9164
933
3634
4562
4479
5895
4683
9380
5187
8302
7395
8508
2088
8342
1340
5155
5561
3488
267
8819
9161
2588
6255
8554
7765
5468
7624
9818
9637
7001
4072
9811
119
925
7212
3055
982
6278
8417
549
6783
9896
4157
4362
5762
1305
6536
112
6427
839
9170
7440
475
538
3186
8040
7347
2365
8406
2791
6291
3859
8534
3481
9639
4492
5253
785
4432
1228
7825
4283
9405
6952
5108
1937
2631
2115
4287
8457
2168
908
3416
2111
7984
2849
5541
8631
4519
801
8949
9013
2315
9
3279
2544
5190
5777
5105
8816
5724
2381
2046
271
7327
322
2498
8561
4514
7939
1049
8495
9751
8892
5020
4001
7103
6564
6884
7842
1782
1159
4927
4204
1143
9992
1656
3626
2268
3762
7351
8843
4777
8582
3124
3282
3794
1290
672
3161
539
3395
5336
6038
40
9458
5899
3500
8349
3300
6605
7974
3353
9002
1598
4283
6777
720
9820
5000
1594
5326
4523
9842
6368
457
1775
2562
537
3794
7979
6350
1776
7791
5997
3015
8729
6442
1052
4480
5743
2111
6049
2591
7020
2475
6070
2738
7246
5455
9556
9153
7834
5543
1524
6156
4497
3262
7077
5544
104
4278
4253
6153
9908
4065
924
8552
1627
5954
5577
4656
7400
6062
633
8878
4793
1213
9031
9058
1055
950
4658
9704
7914
5478
6204
8993
2856
2537
9040
2669
7119
9339
5847
1261
6350
6832
7860
5056
4050
3649
132
1349
3328
4046
8501
7052
4516
9238
3639
1734
1027
6170
8679
1467
6780
3772
7507
8888
6862
2711
7981
8987
3969
8313
1182
2180
5316
9344
8832
9612
1526
6295
1430
2558
7262
6610
1946
9738
699
1060
3527
4736
9538
3419
9023
969
6141
107
673
2380
3190
7832
819
9394
7651
8767
2849
1632
979
7887
1777
3223
3744
8475
4220
3068
3916
1471
238
556
9933
2369
8207
3430
2254
6226
1430
5007
1186
3533
5835
897
819
1641
9986
8018
1682
3949
6445
9849
2118
6041
9457
4348
4082
5140
4359
838
3096
4082
9061
4561
5193
9657
1714
6802
5567
3291
686
7236
8492
3473
8551
7722
8413
8262
9364
7104
1009
3846
7864
6347
7763
2249
2033
1865
6578
4874
3493
7898
4810
3196
287
6579
5298
3617
1142
8624
9653
2209
1564
7922
8720
493
6274
7056
771
9558
1542
6366
7854
7412
5426
3565
6265
4454
4576
8254
9962
7859
2667
8011
2974
1314
2911
3186
824
7872
4410
3166
4395
9090
1944
3275
2804
596
2634
6288
3897
4561
2756
7114
347
40
9610
9131
9435
4859
9682
8588
2860
6499
975
8278
6849
2487
4714
9680
5938
6927
5824
7370
4868
7628
1437
9908
6349
5377
4543
5853
3493
5641
3851
1237
8401
9820
3851
1914
2308
7455
467
585
4276
881
7965
8192
6844
1544
9271
5863
6540
1391
1127
766
6814
7091
4084
7569
1124
4640
2679
3974
524
3699
9551
263
8321
4204
9943
8220
304
6734
7162
9491
6328
9533
7392
4575
5544
7746
9239
751
8461
5680
4362
2417
1687
9532
6151
4176
3981
9408
8599
4910
6401
6173
2640
9283
7543
5717
8561
8215
3868
6153
9351
6875
5975
9845
2845
7345
9156
6064
4191
5151
2598
4917
192
3388
9554
3780
4314
3538
417
9654
8389
8218
1767
4681
4578
766
7298
4146
6572
1552
6184
8570
5454
8118
4193
8415
6549
5712
875
7212
9716
9035
2768
6234
8553
4509
6317
7854
7191
8864
1198
1316
946
3226
7608
5089
203
912
6884
5200
4922
9671
7518
3979
279
3023
9409
4039
8723
4501
4969
1704
7610
446
7152
1867
6636
5539
436
7693
7320
6972
4748
6471
6705
5985
2481
5319
7801
9443
4806
910
4914
6656
5772
2784
2381
9465
1361
2961
5668
489
2294
9820
4212
8947
7469
1338
525
3600
7733
1111
6943
6692
1314
8160
1932
6362
240
1047
1687
493
6107
1195
1296
7454
1379
7937
9488
3113
1724
4243
5652
9262
8402
7691
6708
6669
4256
403
7496
6283
2916
317
8343
4094
4439
8200
3628
1612
6980
5499
4393
2051
2791
6459
4940
739
5292
1059
9042
6449
6116
705
250
898
1493
9097
5903
2736
1503
4112
4440
3795
4796
1202
396
2485
9917
9204
314
3418
5110
5969
9894
575
9296
9979
946
7744
4284
4859
2526
2508
2661
7314
9591
6729
4480
7092
4803
7671
1424
131
1586
2176
5739
5233
73
6933
6692
6237
9250
849
8648
5924
5944
1696
2981
4149
7599
4228
8966
6488
1149
3683
5054
9776
7830
4748
1519
1875
9360
2810
9703
7281
9463
3559
9537
6295
1520
1568
1677
4729
9412
7997
3413
931
749
60
245
8583
7657
7480
7649
7816
4757
7830
758
8659
3259
5092
8495
7736
9906
1176
1039
9705
1890
9021
2480
5144
4411
7290
4853
1281
4985
1730
2414
4756
5170
640
5222
3092
5914
5068
526
7384
9081
9123
6347
2872
3243
2411
4096
4778
7664
6419
8794
4809
9944
9254
1914
7088
5763
2658
6238
6842
1910
9569
8321
7290
4801
5072
3794
2125
7557
1101
6041
7828
4534
2647
1087
2300
3351
5212
4387
2509
6085
7807
3737
1669
1892
7108
6440
167
601
4318
9594
8413
270
2047
2900
1033
7150
668
3852
4581
9299
980
2065
2650
4100
6473
7152
8507
2189
7743
7813
9356
6760
7396
1711
8055
1710
8743
1404
8326
6384
5500
9669
5672
4890
8362
8029
3505
3664
1757
2777
7974
7914
9827
6727
9965
279
4174
6901
7272
2877
430
5861
6701
2108
1936
5758
6896
5122
9443
6425
1456
5405
8818
7393
5286
5258
7034
2963
2875
2725
5976
1751
4702
9545
4652
3611
7717
4764
1696
2646
5324
1262
4303
754
4549
9379
9312
7575
1897
3617
9498
4409
5118
6913
9116
1415
5937
2467
597
6425
9020
694
4672
2729
4506
8013
366
1192
9709
1799
5364
9700
8763
2388
4811
6551
6422
9141
1737
1149
4191
3736
5572
6137
4328
8131
3937
2341
5931
1607
926
8517
7996
7795
2797
6000
6134
9442
8487
1919
7399
544
4817
5261
7932
767
3766
8608
8135
8631
6550
8131
9420
4493
9169
4935
8180
4581
1315
5892
7699
7965
3311
6545
7424
6934
2581
6029
2357
4012
7820
7538
4553
8286
9741
4648
6561
2318
5463
2715
1140
9641
1193
8855
1823
2039
1075
3606
3439
6533
1267
4523
2118
5116
9411
6698
6284
6936
7892
3864
9787
2725
5994
882
5882
898
260
6826
4704
5705
561
6240
9484
8275
5535
3158
4540
3082
6586
5658
1156
4550
5175
7123
7706
6694
373
5823
7643
8609
1991
7329
5346
1033
3543
237
8412
9924
1869
5671
9638
3417
4622
7579
8577
3073
3124
4305
3359
8919
1705
5438
1571
9762
943
5129
8798
6790
9619
4928
7366
1478
4953
7676
3899
9066
6964
7871
3954
1540
8987
2095
5530
1222
1674
9841
4985
2617
4995
7837
2714
4126
6219
6080
6038
424
3224
6363
1379
8658
2189
8920
9135
4707
6292
3361
759
2683
261
9131
775
6979
9641
1596
6322
2579
2869
7567
7537
9292
41
1820
8949
430
8685
4341
6668
3083
3736
1438
6577
1291
3648
4615
1112
4319
7015
8752
3174
6462
437
5632
8883
5803
3864
4178
306
8200
588
1635
127
6417
4117
8906
6247
7299
952
204
2111
636
3425
1496
8514
7890
5016
1947
4759
3615
339
5080
4348
9557
7366
9487
48
7626
6394
4418
4701
7040
1022
5130
6014
2002
2336
4843
6964
4637
4698
7601
8558
2802
8413
3809
113
300
7079
1851
4970
9485
23
4296
5917
2124
1483
5481
3784
9107
3236
3396
5931
7840
7548
5499
5878
2270
5463
6236
7245
2089
9434
964
7308
118
6487
9961
2430
1760
9495
9105
5881
7291
1051
1486
991
8413
9749
4317
7476
4832
850
8332
8496
4486
6728
1953
3674
7089
4142
5582
5722
1322
3781
7701
264
9745
8142
3462
1713
2531
6523
3545
639
1599
6808
6817
5684
5891
1774
4744
6406
6619
8207
6780
3916
642
4072
6516
4683
6104
8224
774
1771
6560
8237
8729
4310
6014
5152
7538
3709
6586
7786
508
5701
9147
1308
1584
7825
4828
5634
2678
9703
4566
5203
9104
3605
3859
2095
9991
5970
1821
8229
4833
3032
211
1074
2519
8197
7679
8154
7814
7076
8552
8844
6150
77
3606
2904
5860
7239
8502
6026
4385
1902
7981
3646
5888
1176
3736
485
534
7757
8883
8289
567
8309
5415
8104
1957
6238
3591
7266
7146
3494
489
3860
2651
7361
8745
8864
4672
3725
315
9905
1248
180
8028
7266
1465
4193
2262
4660
7905
3565
1609
6074
2633
3531
8896
7531
6011
9866
5664
8050
4990
2610
6384
8751
2095
7598
9275
9862
8654
4270
5189
2099
3473
6755
8263
929
7029
1135
6512
5536
8844
9752
3374
2974
5567
1700
3624
1914
4976
511
1464
7214
5798
2748
2631
2904
6836
1794
4225
9674
9297
2506
2065
2324
9050
9610
3411
8257
196
2410
5702
4556
5052
4714
7561
6469
3239
8698
6147
9436
7932
9556
8394
5597
5634
2452
9455
6421
9409
9788
4832
8254
132
4147
6577
1890
5378
7047
9261
3494
5846
9754
9473
8645
5526
6890
1887
5260
3692
7051
6848
7449
8949
5549
4360
9255
2665
3081
4165
3103
1930
5326
9966
4316
5354
3207
5929
6112
6348
5931
1757
9298
3928
2763
4586
8076
7863
5578
1590
4777
2499
9550
1331
5467
5368
2687
6351
9614
6235
5718
3670
2392
9579
4348
2587
8250
105
4877
4339
9374
8969
8892
2091
856
7555
4842
6856
5002
2103
8740
8663
8744
1364
3481
1279
6271
9700
589
6938
9298
9358
6647
6389
3664
4712
1137
4547
7560
9290
8540
9778
6992
5281
6985
5820
689
2703
2641
953
8343
1938
5487
874
7213
4648
1609
9665
3306
5616
1641
1430
6341
5228
6049
8249
167
7828
8198
2314
7541
1926
5160
3703
4163
1259
6674
8552
3387
399
9206
4521
818
6556
9682
8896
9337
8886
4774
7331
6689
8738
1442
1003
3354
4197
4189
2223
8079
6121
6306
2976
5723
3874
2879
968
8519
6247
6803
6420
9184
7354
6194
1476
4303
3578
3452
3908
2136
845
1979
7222
3480
4333
8916
6160
4706
8249
5022
281
6863
2634
935
2230
7120
6578
2136
1361
4721
9841
1887
6138
51
2215
467
1625
9829
2001
4258
5508
8823
5510
3176
4278
191
1297
7373
4714
2467
8688
3432
5539
563
4371
1170
2575
3112
8686
3459
4358
9353
5571
7412
618
7603
8427
8950
1022
8911
9329
8289
3048
3402
1368
2645
1864
8904
1571
3457
8572
2553
6971
1275
6825
318
747
5715
254
7433
9007
789
839
3989
7859
84
702
7396
6610
5440
5829
5779
5605
9746
5689
2591
2921
5493
7845
9481
7516
1464
4223
6534
5659
4411
1586
944
4282
6222
291
3491
3687
8486
2591
6608
4986
5692
712
5974
3919
5262
1828
3943
2472
2981
8952
8628
9621
2692
530
2958
5049
6628
330
2620
891
4220
5653
115
555
9483
6096
980
8473
1636
7200
2507
968
4008
4105
4385
3385
9472
8412
5463
5297
6796
2927
6500
8542
233
8236
5548
9168
4207
9185
5213
8202
7421
1057
6070
6768
3487
3565
1923
2667
8596
275
1226
2129
1307
6895
8002
7999
2531
653
3689
9753
504
3522
7886
7323
4688
2676
1067
3512
1474
5351
7311
5979
8374
1016
8102
4207
7292
4227
4814
8043
4133
6958
9014
8722
3985
7830
3223
8877
2690
3067
5433
4666
427
8012
5687
7882
78
3609
4176
542
9311
5555
8487
1772
5214
3429
8571
3497
4460
2001
9781
4603
4522
1097
8064
9062
217
96
3679
5303
2419
6701
868
8910
9264
8223
4111
7952
1153
2636
3157
2370
4950
7103
6048
9463
6504
1924
6626
3757
8749
3274
7662
6815
1925
5892
2853
5598
1004
9564
6780
64
8502
6617
1086
2664
1506
4924
8938
9226
5016
1945
5491
9143
6570
4430
93
2301
3787
7459
2979
6534
126
4161
836
7802
4577
6974
9968
2709
283
598
1234
4332
9876
9540
5977
9852
3638
5234
4849
3419
1534
9757
2718
1787
7976
4556
2045
3875
1192
2328
4584
6659
8910
8035
1785
304
2628
877
3070
4675
1419
8075
8501
5313
8276
7041
7961
2224
8390
7086
7109
3824
543
4201
6949
2717
8728
4826
422
1144
2985
8915
7358
8173
9141
6275
6169
5482
9495
5624
3161
7385
2694
9774
5433
4511
7260
9142
6743
5735
8043
6589
355
2358
8918
5897
6705
8176
7283
8909
5107
736
9612
2327
575
5223
9710
241
9308
505
8135
4688
3533
2307
6442
2547
3689
4016
3456
5300
7024
2220
4915
4014
4704
9300
6553
8386
7473
3494
8482
7714
7200
3249
8251
5534
1605
2894
9716
8642
6164
8263
3934
1841
3783
6557
5290
2818
2578
4479
5871
5550
2959
5405
7528
9329
2429
5888
8195
9076
8875
7368
8881
304
5232
8419
5856
3831
1462
5341
572
6389
6867
3026
5172
9102
8234
6728
2732
1640
7038
762
1488
1356
6985
9512
4269
6095
7796
4735
2177
2010
8575
4800
3555
6999
6902
6500
4825
1750
3280
8072
2332
5778
1785
6413
8150
5706
5794
6518
4692
7306
5008
221
3306
5502
7022
4821
4408
2187
644
493
8343
6722
9242
5540
1353
97
6838
1912
101
6095
2249
736
9264
3081
6958
948
5378
6115
7079
4113
4686
88
8986
6046
5097
3704
7685
7786
6456
8092
8024
5411
2709
4286
597
3898
2841
4828
5293
3964
6931
1584
4548
5556
7181
3677
3687
6673
4045
3860
944
9690
2603
8527
5952
2055
9323
8878
3623
6577
3546
2628
3548
866
4404
8582
4656
9472
158
3629
2774
1737
9289
3098
3152
6004
3651
9915
1353
1502
469
6213
6830
8193
1707
850
7065
70
8989
4940
8681
1638
3703
8492
5702
8542
5680
5222
6116
9120
8872
9917
8973
8722
642
3453
9640
4222
9845
3691
7159
9248
150
4707
4995
5113
107
9619
4898
2547
5694
5562
2716
2846
9941
3498
4568
4784
7609
9274
3660
6589
7076
5858
8620
4655
6395
3243
571
9960
7612
1348
1481
1604
1144
495
7096
8859
9153
6676
6232
1561
9420
4219
3460
1174
883
3675
5906
9914
5693
4324
8185
1492
8012
6364
503
3127
5738
4979
1234
2568
9527
637
4732
8332
1642
4441
8498
3851
7176
899
1015
7547
5257
8022
8572
7768
7
3904
334
584
9285
7940
3867
3708
3266
4862
3741
9609
8742
5583
4999
2241
6053
1273
5968
7030
9400
8039
6143
7995
9848
5529
5211
9159
4808
1825
7903
7332
3892
6433
5195
1811
8268
6087
1797
5619
4653
4144
2891
9375
6418
8869
3030
1349
6972
9901
6837
347
8212
8140
1355
2007
9410
8963
6423
126
1664
8637
6471
7893
6363
8242
5602
7538
6494
3980
6481
7393
256
9443
7236
1477
447
8425
9269
5963
2712
6211
8505
4536
8689
6459
5420
3058
1069
2275
7936
6460
1650
3033
7947
8156
1528
2005
1151
6638
4068
5691
685
1521
5719
5399
4175
8626
4637
9443
8443
2071
8183
1243
2157
1406
4569
6469
3725
9537
6898
7688
631
3692
9915
2794
9172
9801
6991
7774
7312
7400
6376
8717
2832
4575
5554
9301
588
9793
2568
8870
8399
1820
5936
4976
8800
1358
1174
6178
3823
3686
1583
5718
9792
8237
2476
1725
5647
7912
7543
1865
56
3177
9503
4912
9086
5980
6733
2416
2541
9070
6190
426
1679
7669
2524
6029
4099
3157
9258
9838
7201
3901
1314
6127
1608
5883
6348
9443
7470
230
8879
1201
6877
1759
994
1316
7732
7637
1262
5596
4948
6159
1311
3643
9666
3063
448
5806
9274
9488
6534
8925
6481
1808
4745
9825
404
7446
150
8225
8731
7791
6606
504
8854
2240
8745
9061
699
9655
72
8405
1486
8644
1830
4045
3585
1259
1444
3079
1474
9720
1857
8581
4376
2239
9737
8666
8917
2421
6830
2963
1163
5784
8354
2835
9916
1698
4493
1699
295
3875
387
9758
5836
476
6368
1221
8989
8187
9683
2452
7662
8879
3410
5958
4230
7569
1646
9479
24
3380
2442
1417
9956
9652
6473
3193
374
7281
6493
2503
9092
7732
2148
3951
2158
5993
8835
6378
7065
8843
3141
3235
3300
2862
9600
4206
4391
3453
3685
6208
6744
3371
1255
2934
9133
3783
4947
2398
3536
795
1607
8143
7287
5370
448
436
6794
6068
4027
4621
2230
1932
4043
6472
1152
7278
7094
6187
3517
5488
9858
6262
5822
6724
1237
8634
2182
6091
3647
6766
2988
540
4358
5771
6090
7966
2801
5651
292
1844
5355
2859
6391
6736
6969
636
5242
5729
8112
7366
5463
1779
661
8780
842
9324
591
6859
3318
6720
4998
9564
963
7225
4982
3084
2595
2560
1517
9347
9093
8987
7557
2175
4432
766
1763
788
3830
1693
2389
7655
6129
7443
5983
9494
9746
9917
1143
8735
7900
4162
3939
43
3722
5971
5397
2802
7008
9032
9775
4791
6789
1536
7339
2763
5063
2091
7791
9629
2896
7215
5486
433
2414
5883
7701
3528
7629
9498
9805
5436
1699
1788
6827
4818
5090
2913
4799
323
8921
3856
3803
4345
718
6690
4081
5027
225
2870
4619
4062
3251
50
1764
8940
7593
2320
1984
112
6661
3300
9653
5984
8972
9102
6525
2736
7517
4867
5239
595
6600
9053
26
1598
9363
2182
4476
7806
1393
5640
6049
8768
7199
9661
3605
3694
4542
5628
4513
2866
632
4445
8458
5323
144
1916
4361
3129
852
6947
4567
2738
3856
4834
701
5945
721
5116
9257
8330
4746
3417
9920
5982
2275
2276
6559
4624
9940
5463
5488
1036
6356
720
1666
6120
4810
8967
8567
8980
8260
4550
9669
9404
2738
5402
6871
3859
5212
5159
7031
3439
873
2479
8196
3968
9325
5067
7666
9161
7526
3059
5885
503
1844
2885
8419
1752
7276
8111
8335
8068
6400
3510
6084
6595
5807
3063
9010
9973
6487
6157
7071
9919
1243
3240
9796
873
3679
2107
2341
4415
627
1018
6351
5996
5447
5448
8824
4392
7307
2252
4789
4973
8255
1914
9116
5769
5346
8549
234
6606
5889
1321
1114
9629
5717
3325
7253
3554
7374
1188
8556
1505
905
65
5521
3707
8883
942
11
7407
9869
8503
6862
7813
8823
6878
1521
1661
7493
9964
1205
2788
4411
8806
6542
8117
8758
7281
813
2284
1291
2783
491
5542
6248
2396
1941
2398
6131
4719
745
9697
9695
2321
1076
1102
1998
9852
9724
9694
4865
8428
274
471
8873
6611
5374
492
5178
3921
1615
2113
424
922
4306
6133
1099
5443
783
4004
3852
6136
9596
1670
5144
2493
2290
7181
417
5297
2365
2387
2504
5789
3713
5735
2276
1171
9866
4004
992
162
9282
3622
9690
5179
9159
3413
782
8084
3678
7665
228
3544
7030
3328
8275
1756
7778
5357
9239
5282
3919
516
8028
1256
1967
27
3593
7415
8733
8495
1929
5885
6358
9983
230
4157
8608
9207
8212
3676
5107
5953
8840
9929
1752
8
5664
4426
9558
4071
1340
589
6315
4571
7755
3324
3585
8358
3127
7217
2975
5015
7842
4508
5080
9589
5152
7955
5399
212
2125
6557
4879
8296
4067
1112
9246
1126
8625
6534
1614
6529
4652
7050
7934
9568
2928
4155
7330
4257
6009
2960
1181
4022
5260
7933
7442
7289
1615
5640
3958
5856
5022
4325
3337
6059
3830
3792
5351
7689
5092
8080
7970
9045
6673
1070
5834
2931
3707
4354
1285
191
2215
83
4388
3807
6709
3360
9128
2615
6580
1792
3463
7937
7638
3949
524
7351
1258
3754
3372
5719
9404
4502
2246
3583
5447
4227
1741
7268
8629
3174
370
5683
3721
874
3719
2312
1026
8433
5574
8349
8404
4420
9416
5160
4152
6593
7548
2080
3031
8966
1508
4304
4722
3792
2505
5777
3311
3583
4509
658
6850
2551
8188
7327
265
2789
92
9462
2990
3615
8414
3337
7146
4339
1957
9658
3517
1906
2942
8036
1605
7327
2612
3768
8718
6586
7279
8139
181
2006
5875
5693
6976
2601
1539
7381
6829
1424
711
8271
952
1159
4191
8587
8094
7241
9912
7415
7098
9830
8130
9178
6125
8535
8074
4360
5081
2091
6948
1345
1495
5349
6852
6426
2074
4070
2181
3779
5244
3494
2633
8527
9964
7078
6608
542
5110
6579
1463
7330
4052
9784
8760
4499
3774
9876
7328
7901
3984
1567
5828
4518
2929
9335
1555
1973
3410
467
1948
897
431
7790
230
5311
4504
9446
645
670
3130
8961
2509
7285
9098
9208
947
3694
6435
5566
3556
8228
5097
5629
1859
2307
8559
3711
3415
9151
8881
1153
4886
9698
831
8586
3322
6778
1259
3927
7958
659
2325
222
2266
6776
8772
2531
2491
5414
6997
5883
6166
3418
90
4715
3493
1975
4756
7409
4780
1297
5482
9959
1605
4605
763
6682
590
3001
6129
8300
8116
3227
5184
3323
4404
6404
6829
9827
5204
1709
3602
6132
5554
7414
5691
7979
9079
1766
6364
8579
5820
1923
2918
1820
3999
8391
3681
732
3250
2624
2171
6587
3770
8775
5036
9091
2817
5961
554
747
8830
360
6130
5206
5095
1385
8131
9773
7869
2478
382
4260
9648
5022
5816
1285
9965
5129
7619
988
6507
3400
1133
6536
1502
3970
7700
2345
688
5453
705
696
4762
5887
5758
9710
4254
4991
7963
4252
2709
3551
312
1614
9830
7474
8241
1824
1150
8811
3775
3094
7204
9626
6707
8500
560
1567
4042
915
9511
9483
1821
583
1901
6904
9970
3779
8002
3712
3162
9376
1144
5516
1721
9154
4892
9193
5007
2629
7115
7395
6380
9029
44
2307
3695
3395
1243
1768
7283
6833
1263
434
2045
6202
7516
5641
3384
8744
509
9940
8913
1094
4231
7098
8719
6936
5761
8225
6958
3469
4639
5399
1063
1054
2280
9477
7552
6261
7585
5066
7538
9779
8574
3395
2745
5135
7734
8555
8544
2327
7579
1003
3963
9960
7223
5202
3846
6989
4390
5799
8706
9657
5997
7378
5173
9404
3930
7551
9594
7752
9295
441
8483
8539
1896
499
2439
7138
4077
6799
8519
3034
7647
1749
3287
4538
684
3596
4629
4637
3222
3245
2014
7583
2921
4009
2465
6704
7002
3474
134
3724
4738
4484
697
4663
3391
534
3380
1465
389
6165
8818
5128
5311
6230
1678
9548
2024
8165
1914
5190
9015
4102
5255
817
8722
5215
8022
8462
6692
9840
3399
8813
6988
3719
3243
3243
1386
4156
5794
3436
4180
3834
1131
7981
1653
4964
8874
3742
1488
6435
1533
5630
100
5927
8356
2371
264
8030
285
1562
3418
7770
5581
7010
6678
2828
5267
4859
9303
8814
2239
8251
603
8566
7112
4119
751
7817
4102
9507
4228
7857
386
1837
402
9280
3447
1695
1977
8396
8943
9271
6268
8242
6258
8529
5864
3534
6785
4307
3420
238
8625
4670
9465
3334
8909
7686
6700
4745
4959
5519
5189
1527
4563
4772
9932
7258
3711
5494
4191
2981
1366
1133
8005
8696
7681
4001
3983
7421
5627
3541
114
8260
4416
8070
6725
838
5342
6193
2485
7344
8906
9542
3898
8764
5583
5120
306
5450
6955
7706
5141
8429
8008
9351
990
8311
8714
5387
5733
438
3587
2121
3519
489
210
2854
4641
3238
2771
5831
535
3009
2425
4374
4537
6902
849
8021
8354
3053
3654
7811
6363
5956
6739
4636
1795
7735
4683
2546
524
3542
5880
5876
5087
5447
8626
9883
6170
9842
3472
3027
3013
6064
7411
627
2508
5827
8187
3109
381
8738
9400
5888
8379
2759
9751
6106
1936
2581
3581
2682
4100
6152
4134
4437
7492
4636
5964
5761
3974
9905
7050
9855
3116
7805
9448
219
2568
3978
4371
7982
7749
9058
7096
7291
8916
8667
7834
8200
2807
6694
6905
8739
1837
9772
2613
1155
2469
9370
5999
65
3764
9198
556
1354
9911
9576
7950
5187
5395
4307
6703
8502
4999
4471
7613
941
997
1465
7640
7882
5730
6640
5320
6714
3498
7724
5195
710
816
1117
2576
8674
4439
3750
8781
5456
3537
8884
933
2977
4719
1869
9454
5337
3098
5061
5512
4303
2590
1223
5792
4740
8266
343
5873
2818
1678
6087
5458
601
992
3648
2428
5524
6690
3676
859
770
8628
7266
9403
3253
9215
4228
220
194
8014
9517
1130
7936
2992
2776
91
8987
6363
6432
2013
5922
7729
3172
711
1033
3806
7285
6636
4839
7925
6661
3455
8950
2210
3772
2900
9979
9884
9886
1492
5020
8982
2479
3346
7051
3453
683
8671
354
3806
5975
5372
8591
1622
7619
2806
1681
3460
8958
5430
8415
7750
6496
5302
2884
988
7265
2678
7501
5700
7794
4438
4251
2154
7034
6145
5522
2747
6455
7935
5449
8307
9868
4723
5014
8355
5279
2635
4076
9166
9676
600
314
113
4639
7523
6367
699
9703
5408
951
3346
8396
5496
2593
2882
4422
1423
8933
6382
7868
8036
4277
3168
3764
1422
4742
2922
6476
8674
8582
1456
2432
4589
1386
3720
7100
8144
7948
1371
7173
1054
7874
4876
1820
757
4423
6833
6285
5388
6056
1632
6284
7426
533
6130
8628
1645
9868
8504
3069
5522
6684
8896
9857
3212
5493
6164
5407
4037
207
3076
8690
2297
2704
5210
151
5057
7690
4923
1088
3295
8664
2725
1856
7438
3256
1220
3556
2335
3522
1578
3063
4280
5863
7453
9245
7250
8718
6589
6285
546
7100
586
1742
344
4301
5386
462
8104
8790
5649
7330
6219
8575
3258
4541
5907
3171
3311
2930
2344
4622
8918
9937
9684
1149
9668
4018
303
5963
1848
4427
8291
126
9134
7485
5160
5817
6885
1200
9886
8543
1309
3218
1362
440
2974
6463
4320
7141
7289
6547
7908
484
6018
949
1680
8497
213
2640
3130
5083
4104
8376
5637
9743
3112
2714
3823
8123
2857
7008
2013
55
5258
34
7940
6806
3283
9352
5944
4018
9782
9055
5921
8257
3123
5836
2081
2682
3344
7622
6589
9145
1821
616
1796
5015
7601
2442
5749
8371
1805
4847
1208
669
2044
2096
6661
9448
7194
997
7364
8604
2061
3279
7441
2149
3705
7855
7067
3081
417
8500
9356
1122
4090
302
7664
1078
8619
1539
1348
9814
4138
3659
2678
2021
8071
9815
1672
7340
3123
7115
994
5271
3148
8860
5189
8508
6332
6792
2798
2274
1977
8936
5663
8487
2535
8871
2558
8005
7370
2686
9112
3552
8144
4542
9991
8578
1936
1579
544
2294
3234
3132
9310
6381
135
935
6979
8386
3999
3226
4411
4875
9026
2385
6987
5907
3523
6648
952
2066
9771
9805
5015
3672
283
6694
9923
3643
8165
1956
753
4251
6931
4243
4699
7312
1043
848
540
210
197
2857
3020
7190
1256
1630
2935
7589
4724
8185
7057
8684
4741
8788
541
4163
1233
8855
9717
4639
2269
8803
7739
9067
3297
7303
4043
1232
9927
3377
9896
3913
7804
8441
9735
8962
6889
8631
8615
7143
6909
5792
2062
1343
5213
256
5155
6596
9443
8031
4858
7734
8885
8507
4345
3951
7005
4532
8595
558
1868
6917
9526
1697
7443
2958
8228
5432
1816
7212
7169
2295
608
8378
9611
7845
7638
3662
6776
6681
1977
2579
6309
1630
2472
9535
2108
7489
2978
516
8962
1376
7406
6327
3532
7286
9
5484
2129
2368
2619
5547
110
742
70
1044
8573
24
1740
9811
3994
8011
9695
1080
7004
4742
3157
5047
9187
2375
1535
7974
3883
1085
7865
3755
1092
4471
7406
679
7917
1873
6248
679
4079
2167
407
718
6711
1102
9451
9126
5659
5386
3591
1379
3096
3761
4292
5755
2502
7084
342
109
8470
5769
276
7437
8696
5612
4621
1713
7065
9154
8056
64
7604
1912
2908
1425
3674
2401
4643
7753
1331
4097
1258
8746
6480
1
1261
6733
4843
9847
2785
7589
9570
5060
7558
7678
9435
5594
3728
2908
2934
3215
7479
9292
4953
8993
6903
7628
4694
3570
7456
2593
7452
6893
9196
3726
2671
8107
8414
3765
9419
9463
9656
1698
6231
3163
3420
2453
3042
5718
5014
290
9778
5591
3211
3007
5556
1580
4220
175
3395
7296
4826
5362
8202
8678
4453
1050
5516
6660
4288
5822
751
5539
411
934
2935
3488
4685
3112
6981
9313
5776
7989
2948
5733
9715
7296
9630
1524
3288
9705
8230
6137
7772
8262
4082
6815
2584
2091
8882
8177
2042
7941
4540
1009
4457
2865
180
140
3331
778
5758
6408
2066
1499
6407
2656
466
4660
7091
7134
5943
6845
4450
9515
3416
7477
3070
6985
7890
1852
8215
4166
170
1040
7015
4383
7136
5273
4503
1255
1410
7619
2457
1215
1410
6299
4710
9566
9903
8389
9195
1501
4553
8575
1302
1878
6472
7784
889
4945
2731
8884
750
2711
1538
7788
9125
1470
5551
8798
1014
9952
2716
6364
1457
6853
5721
4519
6957
2622
8962
635
5867
3745
3198
465
2682
1040
7987
3938
3917
2631
4954
4565
500
7774
5901
754
2084
5710
4495
8986
2541
4613
5913
8129
4801
5364
9887
2157
1692
4047
4022
2957
2422
2659
3283
7159
7388
8130
1370
7537
9631
5999
2831
5471
3840
2441
5679
7247
5597
1005
7229
6744
7219
7122
9092
6782
971
6798
6448
7535
3358
5823
7207
8974
2349
1041
8204
6709
5254
3913
801
2199
6342
3937
8208
7156
3593
6396
2861
630
1057
8900
507
3645
4433
6171
3183
3431
3728
8644
4392
2926
5734
8583
1556
5745
6775
7064
7558
8641
8681
348
9590
8404
5284
7885
8580
4472
835
7485
2608
3814
4052
8793
929
24
8793
8074
7903
1830
2811
1755
152
6968
9637
2661
7742
6978
4058
3303
7249
3522
6874
4180
220
9907
499
1581
3297
472
9306
5625
3794
1917
3090
6853
4725
4766
4614
1380
399
7581
6
6608
613
6240
7315
5090
5557
6822
3902
279
1357
1069
3678
2186
6825
3111
381
1762
3487
4708
6135
2795
5756
7550
6862
2918
3038
1135
7656
2613
2836
7852
2257
3490
5100
2223
1803
2547
5168
7715
3393
7926
8883
5422
3077
8152
2100
6355
3527
4582
9608
3163
4731
6757
365
5932
3509
6671
5530
8231
2823
6632
4027
5499
6974
883
5644
6302
1244
8778
526
1993
482
5640
3891
7327
5999
1800
3629
3528
3852
1353
9986
9602
7412
7303
9543
3750
7754
4592
7510
8980
9449
582
4697
3406
9656
685
5121
528
3425
8526
8473
8630
645
4985
2401
9803
5686
4862
9508
9046
6205
4896
127
1179
4016
8819
8785
6787
4379
8612
339
7555
8703
7538
1679
2271
7494
7988
9075
4901
5437
1694
2415
290
4167
8930
5519
5016
3360
5306
563
6503
5647
6340
1720
9068
3228
7445
1579
1292
2275
8014
306
1768
9680
8536
3603
2204
8187
2151
6018
7318
7700
5305
4106
1914
9237
2324
3482
3123
8228
9572
918
8141
4769
4648
7698
3694
707
8400
2442
6091
3310
3879
9208
2831
3943
8952
1969
1697
4831
3674
4534
5806
7302
7986
8925
1639
7099
1995
505
8628
874
7492
5573
5439
6632
6569
2383
7538
9149
3105
8042
4736
9297
6224
5365
1593
9338
2743
1898
8541
2810
4358
3803
1470
5785
7514
5826
4858
244
3241
1298
6905
554
6245
9019
7447
8142
224
6265
6129
7784
516
631
6634
3661
9495
6162
1627
6027
6125
1316
7587
7737
7984
1797
7315
9632
8465
6133
6548
4730
4048
3620
7125
1130
5911
21
9360
5317
5443
617
5850
4370
455
3073
9435
8163
9388
937
5882
8824
2283
7287
5200
4833
8225
5682
6766
4357
5803
1415
4418
537
5652
8344
2986
3889
2614
4569
848
6675
462
7547
641
887
7346
6592
9236
3855
7507
2271
5058
7782
9736
5991
5801
5212
9015
8968
9384
3072
4302
5027
9379
9770
7824
7448
5923
1069
2789
137
7919
1848
7313
9346
9708
2770
4990
7814
2191
5796
605
8680
1455
5760
6157
3699
6523
9820
1862
1616
2631
4273
7656
6833
4736
9066
3008
9308
4573
5875
4287
8944
939
1819
6883
1261
3175
9363
6581
1844
6034
8939
3492
1375
3371
317
7744
2769
9499
361
4445
399
8932
6083
8072
2016
1642
4093
5276
6325
2079
6644
3351
4877
2110
1942
2394
4619
4240
438
5851
4760
7484
77
2482
8327
532
4443
6935
4799
5378
4461
395
6902
5356
3492
3496
628
4510
7351
9313
7606
8368
3617
7300
1064
2594
3786
965
3799
2192
261
7980
4694
8140
2878
2574
6267
4272
1997
2219
1020
766
2862
2231
597
5955
77
6067
6074
2482
362
5751
1017
4970
8479
6934
1643
903
6677
4
2819
8531
2438
8767
6014
5745
3853
3861
5296
3985
5083
1954
9409
7717
5496
1054
2291
1851
8025
6912
335
6539
1407
1442
510
6194
2313
3632
3095
9315
6573
2419
3783
3139
1156
636
7816
6741
9048
5566
6193
105
1845
8223
5605
4920
5961
3151
9405
9694
7700
9778
6690
247
1000
5570
5633
980
3947
7926
7889
7988
9712
3338
6989
5527
6997
3440
3159
1328
5570
6547
7340
4933
6927
8044
5095
7877
4124
756
4378
3381
1258
125
8363
5615
2265
6807
9139
7309
1040
6742
2070
8114
6506
6411
9018
5549
8359
7215
8186
3820
9047
7918
6395
6271
8477
658
7369
6276
2777
3788
3319
4982
8280
8823
3894
8363
3985
1618
5866
7204
1802
4621
1404
6608
8178
9624
4959
6073
835
7193
2949
3763
2681
2885
8465
4861
207
6340
2278
2035
2849
4201
1974
8768
951
2534
3409
866
5124
1068
8957
8893
3460
7637
9324
6940
7558
357
4231
4557
9813
9101
3332
9957
3441
7122
1739
83
6382
1552
1201
1856
2096
5149
7682
4703
116
4205
1278
6733
7200
1603
9245
6799
9677
9919
8478
1454
8226
9025
6249
6435
9325
6104
1150
1933
5853
8500
5593
6753
4005
5379
7647
6870
3563
6561
2428
8491
6185
9930
1176
2267
7637
1465
3911
291
2284
696
7439
585
8929
1723
2672
5646
8808
6373
3297
3742
5123
3383
6508
2208
9350
6259
881
9378
106
2901
6750
1079
815
1823
1454
623
6361
5488
8862
5628
2829
4639
8924
1321
3495
3775
5339
415
2366
1870
8925
7586
3804
5335
5573
4305
1635
3683
8623
6329
8
1601
7549
2073
2473
1853
9487
2356
2992
9971
1998
2399
941
2165
8306
3161
7743
2968
7354
8719
7997
1348
1615
2465
4037
1491
7565
2653
2768
4028
8945
6954
5000
275
3192
9940
1931
5625
2450
1388
4283
7525
4276
7988
9230
5760
4955
7491
3410
3657
2475
3994
1264
6091
938
5067
3972
7659
7296
117
2149
1908
9305
9796
8480
2789
1983
9232
6782
6877
1635
6941
8263
4409
8707
8830
4728
3786
4838
1160
3337
5343
5989
5155
3010
3174
6590
7367
1916
7644
226
864
9179
9174
1696
3327
9775
4860
7148
8072
8348
3865
3842
6221
1744
9914
2912
5152
4489
6984
7980
1343
4896
9505
9125
3463
2484
3488
5781
1768
5363
4227
7706
9337
5875
1021
5424
4717
370
995
4133
4651
7339
5115
8151
8949
2412
4920
9565
9754
9850
7221
3746
1110
1159
2544
7353
4341
7896
2071
4020
1191
9347
5128
5643
3958
7632
1593
9204
4804
8059
6362
3456
7967
4627
1493
9448
5799
3583
5245
6397
3262
7965
9566
8725
961
1783
5898
736
3663
4757
896
2226
538
6436
205
2584
5634
3435
5237
1910
5094
4599
6055
8247
8283
11
3495
2593
8014
1305
386
6288
2331
6754
8304
2868
8118
6243
646
8583
1011
7435
3199
6629
2915
9276
4838
665
1758
2587
9742
6766
8698
9005
1683
1822
88
8563
7519
5517
5896
1071
787
3401
4915
4664
7885
9130
6813
9833
313
643
6829
3873
7578
563
9069
1660
9006
9590
2826
8996
9329
7793
4052
1311
2092
6778
2681
9242
1434
9321
7630
9557
8986
8181
7147
5595
678
6730
5372
2728
6530
3011
4228
4021
6601
9429
5471
9896
654
8369
3267
7181
2424
2802
3782
4654
873
3931
3850
4078
6530
2553
1104
6121
225
5434
3097
5576
3503
5449
1406
4391
9155
9622
7681
8244
9468
5234
2231
4443
3676
3172
483
6362
2540
5045
9842
5556
7674
165
1125
4063
2337
3826
8617
601
6895
7468
5343
2146
21
2699
2770
2688
1368
3441
1864
512
5328
2829
2774
5450
5246
6381
9598
6690
5769
4507
2331
1886
5347
8007
8122
4654
4506
8686
444
8730
2024
524
2822
7578
3468
3431
9793
9385
5823
8620
2532
7085
3186
45
263
4949
2004
2823
9161
2103
1555
9931
3591
694
382
8226
6020
9110
4702
7951
4894
1395
1980
6579
7213
2282
6423
6250
9085
6785
3928
3457
397
5385
8665
2927
3439
8847
6807
690
2457
2162
4332
6770
6797
8735
45
4863
4531
1643
6327
9257
6358
5499
8440
6260
4535
682
5155
8539
4818
6678
8194
6356
8808
5014
5227
4870
5426
6191
9481
5158
1439
7486
2995
3382
6774
7762
3823
2492
1284
984
7985
6163
4549
7522
354
6820
4505
1457
4221
8637
3097
7627
6915
9448
3700
9376
9014
7952
7828
6640
7301
5358
4901
83
4267
1154
2880
4062
8780
8942
2076
8416
6658
1090
5695
6115
1288
4797
5578
8842
7034
8455
2415
2853
647
4323
6437
741
674
9760
5743
995
8154
904
6067
4719
7749
1314
9941
5644
5532
7976
2353
691
8858
9388
7170
9474
7459
738
4807
2980
7910
9973
4000
1253
3834
738
3806
25
6567
5066
4563
9157
3901
7154
8220
3410
2400
8462
6321
1962
469
1062
6880
6782
7124
251
9223
6762
5637
3455
9803
791
2577
8394
861
8711
3105
620
419
1162
375
5511
1201
5412
6232
6526
9874
3623
7719
883
601
5897
3634
7622
4340
9478
1191
5463
9701
2759
8146
8270
5220
4080
1671
655
9840
1679
9720
8567
7050
7682
3104
6659
6598
547
7250
3650
6225
8419
6566
8959
6774
8931
715
2845
6773
5571
2436
4023
7773
3144
327
1906
8233
6986
5210
1643
3188
1622
2162
3624
6931
2766
4653
48
2553
9278
5071
4617
876
2140
422
5872
8780
2035
3601
6617
7239
5611
6713
5593
7559
5604
2385
6
5039
3561
2479
2801
7250
4750
7142
8337
4026
1815
5954
8968
1207
491
4802
340
5795
3603
7983
8144
8280
8705
3242
4236
1444
2656
4993
2211
9476
5377
9413
4421
8067
3630
6783
437
5217
7662
6288
2686
3054
8809
5839
1324
3574
101
3889
6973
2556
7224
7173
820
6556
8989
7609
2163
4491
7856
6736
6649
6646
8976
9623
1812
2500
5425
9082
1911
8332
5353
4997
362
970
6531
2991
8630
6256
7438
6626
8313
951
4399
5617
391
3370
2909
7563
8180
2729
7796
7354
4248
8024
6227
5160
1930
2353
1253
3020
7839
7076
3568
7662
9332
7323
3329
5896
5755
9174
6939
7288
6084
7457
3932
104
6053
4350
7020
5261
3709
3150
8041
8050
7706
1036
1898
7478
865
7613
5577
8149
426
7005
8829
7411
1525
