8477
7246
87
7831
6480
3575
784
6386
2210
9150
6747
3673
6792
5434
1467
369
7352
244
6818
381
2051
5071
218
5300
6921
7797
6140
8683
1861
9829
2367
4653
4135
6391
8721
8692
7293
2284
6656
2530
5941
1561
6850
2177
2335
6705
9329
2034
6300
2870
8934
5163
39
605
2467
8171
4605
2916
8862
720
9404
8273
9922
2118
3188
7282
7558
8591
438
6928
2165
3025
8257
4597
8512
8395
4390
1354
9445
9931
7911
8207
8752
8760
7822
8788
1728
4348
6574
3662
4934
9157
2926
3142
9327
5817
5751
7851
5465
5005
4774
4216
685
2360
2913
2351
1120
2813
5300
191
9955
7378
1505
1303
9219
3122
8940
3360
957
3441
9586
5498
6844
1889
4312
7104
2429
9660
2634
6600
4443
4572
3983
511
9993
4314
7378
1573
2361
4538
8575
4227
4128
1529
4082
3777
2270
1128
2090
1663
9391
1270
9026
6534
8060
9950
4289
7454
7330
6693
9307
2297
3796
8003
1727
9672
4305
2999
4402
4096
9233
0
8333
2111
6278
2651
4008
3499
6820
7145
4293
8731
3501
8020
9284
8928
6303
4352
6301
1575
2026
2731
684
8727
4804
3472
9999
8788
5676
1433
9162
6582
278
6696
6994
7705
7310
3643
7914
7485
6121
9409
5787
8506
7016
7098
3962
7401
6586
1371
5822
9398
1643
3432
6352
5378
2935
1451
239
2506
6946
6021
3778
1674
2936
5565
4248
1710
2848
998
8467
5117
2085
8750
758
6897
3136
2715
4307
9527
5178
3066
5973
3188
3477
5803
6915
380
5872
1181
9054
2923
6035
4450
3632
3810
2721
7838
6427
6720
983
3385
6277
94
7866
200
3465
6571
7358
3990
7585
3063
9447
5600
2942
4594
999
6306
3373
1203
6213
3405
6325
3174
5049
2265
14
8887
5024
8148
2663
1525
1693
1426
9122
8446
4945
547
3629
8721
8462
3932
4461
7263
5955
6334
6174
37
1921
9230
7067
5288
7801
6936
8158
3643
6242
3511
8078
501
3813
3441
211
1489
1087
9131
9506
2629
4356
4441
5794
5847
250
7901
5192
6218
7214
9639
1656
5746
6269
4240
2530
1993
9947
6720
3297
8638
2925
8856
1485
5678
5921
6886
1821
9496
8457
8673
7557
9906
1114
944
7807
3885
8793
2836
8527
7740
8821
2184
4609
1645
1552
4682
2510
737
4071
7632
5240
8203
7154
617
9699
6270
3459
7526
9829
1639
7341
3870
9570
4628
5365
467
6477
3133
6398
3568
8720
8144
8913
8775
9542
4480
2356
1439
7618
4220
6937
2702
44
4644
6476
6284
2890
1841
1926
2967
8808
437
8426
6188
8497
2951
7618
1532
5097
4385
5213
4882
7257
5293
743
2370
3031
4518
8380
7401
1110
5514
8260
7667
9432
7953
967
5722
7367
1769
7114
3277
800
6535
3143
3927
5459
9646
6999
698
4506
1254
7424
5404
8953
9716
1005
4716
6815
215
5836
2346
544
1096
2362
3180
3719
9707
399
1916
3054
2435
481
290
6415
4861
2407
467
1146
7544
3740
3894
3774
1725
8002
2616
1972
9998
9442
5159
3534
6577
6264
507
1551
5308
3338
3394
5821
2257
5389
9194
8288
1444
996
645
5157
1675
8724
9010
2540
9407
4362
5286
9797
9345
4659
6392
2996
3811
4992
1263
2951
4237
382
8398
878
3666
2080
3085
3893
6290
6781
7349
3651
555
6392
4699
7482
8714
3858
8415
4004
9678
7788
2076
1369
7964
5693
9064
9844
8103
3554
565
5550
9807
7915
4531
2200
6810
7069
725
5515
8888
7180
1699
5920
2377
7459
3768
7668
9700
7075
3913
6531
1014
2458
8589
99
714
5602
4628
7344
1651
9775
6998
2121
8810
3095
997
6223
6575
1524
9577
4094
7788
4692
7695
8553
3271
8009
9031
1962
8104
2722
7228
8044
1588
879
2399
2544
9936
8966
1442
1981
9179
9622
2736
7791
4679
3839
8013
9032
6059
4064
22
4200
3495
6738
5874
8915
6003
1351
7847
9587
718
1327
6960
7348
2178
2383
3315
1522
6670
4912
4921
3444
696
8851
1270
2149
6384
5805
5393
7534
3102
2502
5929
1228
6210
8040
1760
8841
5727
3241
9559
5011
4937
8330
6949
7157
8178
60
8037
8351
505
4306
2176
4354
3456
1996
8852
3288
9897
2127
7323
5801
9666
8324
4315
2957
1681
4078
1235
6010
3511
6928
2804
5282
3335
7694
4477
7083
8711
7800
4959
2260
4747
9089
6163
2363
5200
6034
3743
7448
8127
7523
3501
5195
1715
6998
4271
7242
4360
7117
3446
9078
5321
3435
5283
1013
3535
5623
6851
8302
3328
8959
885
949
4252
1085
8647
6861
8480
5162
182
3434
7811
1719
6577
7638
4514
2709
3003
5392
5223
8964
3722
8618
6724
1915
522
4332
8012
9940
2063
2819
1097
7889
3156
6289
1211
1414
6474
9011
6462
7602
7507
3591
6238
1133
3471
2667
1305
7909
8694
2771
1550
2390
2346
2674
3491
6269
9930
383
393
5672
4373
9989
19
1852
1434
2704
5919
6187
478
3123
4694
8145
9169
176
7106
1326
3106
810
9078
9688
6434
4257
7765
1071
976
2548
6810
5500
7621
7443
9672
7578
2169
2594
4160
7648
8276
122
1175
7092
7233
3010
462
1600
4351
4521
7384
9887
8637
1702
6665
8056
3804
3381
419
3102
4009
1565
8537
2271
2197
3566
6042
9415
4947
6420
2585
6139
7451
4713
8406
1354
2473
1507
568
8871
7759
1375
1404
353
8598
9631
223
2957
551
2836
1992
6054
3520
1239
4503
5427
6979
6102
1103
7451
7591
135
6821
9382
6621
9936
8076
6853
7377
5209
8814
7557
1697
5939
7841
8331
2629
9209
196
5109
5021
4709
1952
1561
4823
2316
5403
8411
2325
7806
7125
8507
1424
600
5676
4361
6446
7406
2479
4139
8474
9109
5699
6047
1506
956
6449
7657
2764
8619
5770
6542
4829
1141
8714
2222
1186
4819
7150
6404
1430
2604
5063
3350
9195
4447
493
5753
1612
5058
2316
5867
9072
2022
7551
9880
3527
9773
2728
9810
1229
2379
7823
4009
7681
2859
8222
5718
87
8576
1017
9346
9889
9709
6372
2598
5632
214
9005
3845
3323
3281
9535
3502
3228
3026
5457
2462
7522
6223
1402
5035
7200
7959
2408
6264
6128
666
8419
104
2252
3470
2289
529
2323
8491
8776
6212
5820
8906
5346
8786
3222
7266
1195
1905
7781
1330
8368
4405
7770
7825
9078
651
1098
2487
9205
9561
8210
1882
3592
511
2453
7041
4592
9185
1120
1698
9132
5991
301
2513
7118
4340
6834
6689
1542
9263
7566
7980
4436
4029
1620
442
3807
6750
2170
3142
6444
112
6595
983
8992
8412
7534
5556
1269
950
6510
4380
6097
7166
9620
5553
6673
5599
6692
8373
2077
1270
152
7704
8484
231
1232
2060
2318
7518
7836
287
2568
1972
4941
4646
9739
4693
135
2913
7573
2981
5699
26
2707
2322
6031
3389
5777
1402
9084
3364
9457
4747
5077
9881
2096
9166
2709
93
8927
1834
5245
7564
4322
6909
1987
5140
638
7309
2649
8735
9643
326
386
130
8799
4166
5719
1042
3477
7471
1638
6981
8138
488
9953
7938
510
7165
5064
7489
6827
1205
4639
5746
4845
1053
3052
1358
4210
2329
1961
2089
9275
3526
3237
7648
8470
1788
3241
5462
5842
4612
5657
3274
4275
3794
3144
5727
2001
2799
5445
6967
9376
8951
1423
3131
368
591
4066
7638
4180
1549
7310
2888
815
6685
1009
7104
4165
5580
7409
7890
4799
2770
6468
3331
4062
2496
5123
4654
158
7668
7001
3632
9105
2707
1307
4370
1277
6348
9904
3110
4391
9595
618
4647
8580
2886
5828
2332
5089
3088
7501
8757
7271
9380
4594
8233
5104
4815
874
7821
4384
5905
8871
7287
402
5329
3989
4294
8256
9852
3366
9973
4464
39
6176
14
2597
7232
9794
3321
4927
9521
7142
6454
6450
5642
1882
6260
2430
6081
1719
7430
2374
7997
511
3431
8326
5753
8762
6713
2382
8043
8169
1379
4437
5066
3868
2734
8648
3624
7016
8582
4719
542
3144
2170
2632
1735
9932
5063
6164
6404
1673
3174
4334
9914
8791
3306
8533
3760
6096
8348
5702
4035
3261
4285
2686
2288
1644
3880
7141
8913
6678
7053
569
5345
4396
3330
6625
2059
2964
8450
8434
3708
8425
1174
2169
7158
1140
4406
7604
1519
6374
9763
4831
2890
6783
1556
1285
4047
2266
4705
2413
1294
3995
5619
5536
1722
1045
5439
1737
2695
8296
5526
4424
6729
9721
9505
7604
9752
5009
5998
9840
4322
2088
4158
1545
3544
1879
9477
9777
6521
636
3990
4309
2133
4789
1198
9269
1973
5050
6203
2710
5483
5993
3409
9856
5600
4727
9163
9921
1158
4006
9419
9381
6622
4500
9260
7410
6386
5093
40
1120
2962
2026
5147
126
1656
1332
8625
6401
9168
3564
1491
4271
9964
2840
8387
6609
6034
3132
6985
539
2066
5196
3544
4165
8606
5976
1849
5145
6490
9115
8878
9572
995
9463
3611
9148
2614
3081
7927
2545
7228
8418
9470
3566
9204
5607
5166
1253
9989
979
7487
2697
3402
8132
9080
8238
7531
2164
8372
5854
7762
1652
1618
8529
2200
2500
6231
4113
8108
195
5238
756
6495
578
4224
5535
710
720
8885
7438
9329
9110
1976
6527
1130
2776
6808
8914
5362
6669
259
4088
5751
6944
3904
6734
6808
4430
7886
1989
4980
7937
2754
3389
8411
8545
2051
7744
6089
4874
330
9496
4930
2402
9839
4193
3513
1376
4157
422
7865
2348
9608
1194
8565
8013
6765
7400
1778
4305
2827
8090
5529
2573
8973
298
111
9234
4423
9552
9201
9339
5035
9677
1870
2381
1599
7717
8673
7032
2308
5131
636
2838
2477
7947
2344
7106
6464
2979
4969
9289
3804
2247
7239
1570
604
4839
6964
486
6793
8360
9939
1887
3556
1283
2400
8874
9501
2342
7013
3452
9631
6637
4465
3054
4327
6706
1915
2229
9388
5142
8109
4064
4507
8821
8253
3262
7746
3392
7960
9690
892
3794
989
3004
1241
2461
199
5399
9746
8973
1853
3674
4001
6321
636
3798
4921
1143
2774
4672
3621
7261
3053
1264
839
2003
2282
301
1565
762
2376
8854
7716
1565
1799
703
6374
5672
9330
6391
6094
1441
3669
9722
3682
4264
9749
3741
8439
423
9878
208
6872
7928
3798
7049
5068
6965
9316
528
6334
8151
8338
2400
3438
1928
3394
6219
71
9154
1557
8141
7282
4668
9253
6221
417
3998
209
9113
8651
6364
3073
1487
381
4023
8466
6513
6103
9272
9916
9696
8812
7762
1201
9149
4996
1253
8205
5828
2769
9916
2478
5562
2106
9980
902
2024
5596
8073
3985
9328
4051
6335
7346
8623
8328
5809
8284
9540
8189
1594
785
1279
9715
9603
4461
2547
4493
3028
4906
9375
2763
3418
7890
8573
8090
3896
7162
9691
9474
8484
9749
3713
6589
6515
4905
225
9936
1474
9113
4983
6795
6886
1516
8476
1925
5925
4249
9697
5502
2851
8885
3465
1941
9744
5309
901
7663
2830
3624
2617
8540
7186
1723
4094
4256
3315
6495
335
396
9726
7270
597
1635
9989
7584
828
5818
880
5957
3654
2308
1413
2286
6996
437
9485
8716
3129
9042
6033
3153
2889
1958
7019
612
7037
2558
2847
9850
5602
2253
1962
4718
8593
1628
6182
7623
3806
4526
662
744
7654
2400
8931
4443
5166
8466
6197
5141
2334
2493
1464
7376
2542
836
7225
4353
1967
5680
492
2281
5812
6587
5561
7718
5321
5187
2666
3884
8291
7520
3726
9515
6875
526
1542
2416
8404
1247
3061
4728
2932
812
4346
586
6169
3012
4053
7769
4697
4381
9382
262
7256
8477
7544
501
5976
1681
7799
5204
8279
5671
652
5414
3754
8823
9599
7801
7756
6653
4263
7484
7341
556
7152
1607
784
3736
7442
5570
5628
1356
650
8618
3268
5309
9274
3282
9495
5728
6518
4589
5270
9226
6634
9433
7064
348
1111
957
9052
5539
4713
6819
6762
8948
3810
4740
1883
8059
7194
6453
9496
9524
3564
7501
9796
5428
8148
6547
4420
8787
7537
5080
8591
1898
2162
8832
5974
7284
9500
220
7288
4974
7613
9585
2289
93
2539
9282
3465
2124
1729
4141
2875
9157
7911
1038
5352
7722
2106
305
306
511
3702
8882
526
9717
1250
5937
6932
41
8053
7707
5156
5345
605
7146
6642
6125
4512
1005
8371
7271
9397
5058
9599
7641
6338
1980
7868
3390
5073
6445
9735
5499
6501
8953
5334
280
5456
451
8000
1415
7772
3570
955
3049
4005
1361
5560
5708
6494
1643
8111
3164
7952
6150
9863
7927
6254
2998
2820
5673
1750
4818
8927
3436
4680
8118
9726
7037
6518
8171
7759
8213
2627
8514
822
976
7929
8518
9783
7036
5615
961
7556
1363
9646
2879
6462
8297
531
366
5055
3647
3919
3243
6063
1141
6215
2419
8262
5803
2634
5714
53
1471
8781
8554
2633
5293
6659
4272
4842
6897
5354
1102
1995
7431
1454
2017
5309
9640
1030
3240
9299
613
6615
767
9621
1584
3026
1976
5711
5885
3829
8797
4288
2221
1560
2170
4220
4850
8659
6113
4390
2249
3147
3983
937
7779
8156
5446
9378
7931
6332
5093
7225
5258
8264
414
5216
6387
1124
5939
6052
3674
7221
1684
4561
7125
7188
646
172
3533
2206
3685
9446
6093
9144
9371
3660
9952
4274
8342
2005
1420
7347
3550
8147
3700
860
6505
5009
6007
7946
4487
7584
2972
551
1446
3498
139
3884
9200
4998
7576
3147
3613
6553
3657
7561
1731
6084
4544
5110
8275
2088
6501
5864
8245
6567
6900
8210
9309
8060
6078
1457
4729
8930
3123
9382
5524
6251
7348
8821
9206
1676
9745
7605
9455
4818
950
3290
9547
1806
67
6363
8763
5678
8846
9871
9774
8141
3347
9114
7677
3439
667
8015
1724
4895
2025
8015
821
2924
8661
3603
5339
4884
9508
6387
107
9954
6768
5387
8200
9154
1328
5360
9796
5172
9553
7355
1273
5397
6391
1099
6518
9439
1105
3797
4795
1521
8597
2085
7026
6994
6806
8840
451
9793
1444
4788
344
845
9937
848
5529
629
2746
4543
7145
7581
9396
1311
7053
1011
1129
15
856
3175
675
5615
3032
3495
5982
240
1642
8260
7665
1005
3906
1622
8925
7814
8478
6085
3045
7827
8761
6012
3877
6951
8228
8996
9404
8046
7189
7643
6291
8401
5416
3628
4440
3389
8544
5142
8424
3722
601
6256
4968
8042
7684
5025
1914
6246
2361
4683
4105
8169
5009
5611
6715
6612
3887
9992
3183
2215
3398
3336
4306
8951
3060
8952
3931
9148
8115
5811
1696
7894
4595
511
1674
9627
7803
7659
2470
1517
9489
3522
6758
4194
9179
6811
7155
7627
8195
398
8204
2194
3699
2038
500
8271
8712
138
4466
35
7688
3128
646
5681
1037
5079
2469
6408
571
3570
8706
1642
7999
8179
1065
1310
6103
577
5012
5311
7887
1936
3735
2407
3844
3626
3470
5724
4131
5170
100
6488
7700
7935
1620
625
9168
7984
9305
7567
8068
1581
6316
1238
2185
4926
6718
8842
4098
8015
489
615
9938
317
4992
8806
6702
7843
7047
3756
4462
9506
5152
7593
8770
4607
4940
6306
8363
9862
426
7316
8144
9953
6660
2258
5464
2695
6808
5105
7975
9318
5554
4012
9531
7832
2768
686
4218
5298
5157
9894
6965
1410
9349
1318
2847
4680
1909
4526
2160
7952
2533
8784
936
5896
2960
2834
291
8513
8106
7575
4407
5220
2522
1653
2086
1551
1187
8743
3165
9994
8902
7794
4272
6497
687
8138
6152
2604
5403
1076
8561
5330
2144
2910
8468
1859
8627
2108
8828
6335
3305
7402
9900
3211
385
7888
7177
2489
871
5946
5456
5927
1257
119
3546
3039
316
3845
7819
956
541
7892
9598
2119
7985
9342
9095
1059
8300
6189
9947
1728
4658
6492
7390
9312
7976
4489
6407
1011
4650
4809
6767
678
1779
831
218
7224
5465
7351
3895
2684
2193
5631
9671
9299
4042
8535
7318
1407
4326
9122
2289
622
4900
6295
1234
6856
1638
9445
8786
2354
959
8125
5450
7284
9046
9777
5650
3784
8257
5043
1269
7113
9990
2594
8223
489
783
4815
614
6890
7556
8870
8904
3132
8346
5324
9207
2103
4669
6955
7293
7058
1945
5473
2703
5010
4035
1196
8770
2000
6273
2069
5375
9166
5393
4137
5283
1016
3425
304
5184
5355
4505
2783
235
1210
3539
554
5097
6339
3089
4709
6828
8056
7560
3724
8128
801
5696
5613
6174
8743
2766
5252
1774
867
8963
6900
4539
9450
7462
6987
1824
1769
3941
5817
4656
4405
2315
9497
9031
3862
850
3061
2540
1139
9925
9954
4532
9206
4377
7334
1066
3577
5671
8811
7896
1892
7470
834
9174
5396
8298
5917
5733
8423
7819
5501
8786
3083
6302
5304
7919
4313
6184
9570
9436
1696
5939
4790
8667
3871
3282
3143
2705
8594
6829
624
875
7982
6613
580
5010
4196
4076
9024
7726
7990
13
4500
3400
2179
5175
2027
3381
6207
6756
2449
2030
3445
6172
2052
7144
3919
8438
3282
4762
4482
7300
2051
7312
8099
4771
3063
9188
5660
5346
2562
5563
2318
3584
9147
6229
5389
9631
3536
7761
2840
6900
8685
7681
3574
4886
2753
8109
5096
2705
3341
4334
4449
3335
2903
4617
8819
2167
6349
8308
8052
8993
8753
8120
2577
8774
7217
9573
7101
1129
4466
7017
9488
5118
971
4647
4842
887
6178
8361
856
9680
5054
6435
3347
9189
7606
7359
2141
3493
4996
7526
4410
5660
7213
4985
3893
3319
5378
2220
1310
7954
9607
754
5245
533
140
9798
5162
886
6532
9667
5639
3733
2825
7676
2189
4382
180
2459
6512
1691
8229
3979
1807
9427
8620
1231
1948
7834
7451
1304
7092
4461
3480
8075
5532
4646
4328
115
5162
265
9954
4610
2762
795
7293
1711
8565
2493
5236
6050
9367
4809
6199
3655
4008
7496
3329
472
8306
2303
4114
7895
2442
218
7173
7154
9430
4699
2337
9350
475
1274
6095
2706
6721
9043
9617
2101
9306
3864
5410
2560
2200
6228
8479
748
5707
382
1529
4350
9429
3948
5757
7869
9977
2252
2297
6119
959
2018
4586
1521
4716
6962
6010
8092
73
2548
880
8113
871
1573
4591
3948
6389
6365
23
8025
8780
2686
6355
8699
4421
5039
6852
227
5666
5685
4821
492
4770
2669
2511
3266
727
3577
721
4515
5742
3002
9224
3916
721
484
1538
7662
4166
6543
4438
3209
7245
5159
9363
3642
6034
6168
3137
1055
7087
3614
6476
2579
4881
4862
7243
1706
5067
6999
6422
4344
4436
8206
1153
1219
3271
9487
2038
5670
4198
5751
9815
9321
3480
6514
9210
1924
4612
7035
5790
2764
2598
9597
417
2051
5113
5940
3348
8757
2268
9415
8977
7199
221
6195
3000
3246
5870
5788
7343
8745
7275
3938
355
9213
516
1498
5157
1858
2250
3054
7787
6443
1518
2292
355
2316
3957
9055
4908
2245
761
6672
3231
8763
6962
5289
8817
4288
3325
342
9472
8084
2781
4972
590
5411
5631
5236
1074
1982
1747
7927
9125
4869
4223
5887
3231
417
4706
2032
3280
4102
573
7005
9009
4731
1808
3990
5173
2963
5400
5460
4920
2589
7904
3120
2674
7875
2410
1472
6896
609
2307
5951
6826
9958
2134
5823
5279
9933
3473
3809
1601
1758
6668
2607
3898
8339
7362
6299
7434
8075
4248
7438
2404
5278
6190
8724
2181
5307
2421
3444
5804
1758
7830
4108
3990
4942
1383
7878
5121
6023
5109
8592
1105
3549
158
1597
1492
7800
3366
69
3860
3425
2470
3922
5398
3661
3237
3080
5557
5036
484
6480
5958
850
2173
6394
4336
8447
8627
6939
9459
3588
1472
4186
1533
440
4858
1889
7897
6046
5975
6497
7875
523
3641
941
3227
7334
6061
7922
7799
1018
9875
8094
5723
3908
3900
9278
1873
8059
2090
7555
4796
541
1992
5291
5907
7058
135
7730
1314
5194
377
6852
2249
6808
3486
4700
1682
1231
3750
9893
4770
1615
8340
346
199
887
8830
1977
7686
694
3640
780
6619
4945
3159
9048
2902
9413
7118
7815
2460
4806
7364
2374
885
3915
7588
2637
5680
7300
7748
8360
1093
8441
7923
7397
8331
8728
1267
5896
2428
4561
6322
7517
1473
1633
5025
7673
8902
1311
1430
8507
729
19
4224
4015
7471
6530
6073
7618
9978
6599
5663
1931
5077
3193
3939
5012
4005
7696
2821
9860
902
288
3870
9993
5093
7533
4978
4502
2007
9958
3619
9594
3449
515
5619
6080
9750
2747
9395
4809
3000
3600
6576
7803
4956
3071
2945
2366
5646
7996
50
6921
9601
5153
3122
4562
7283
6223
1709
5132
7470
4573
5550
1057
4331
5756
2704
8877
7466
8914
368
7357
7551
8218
3475
9595
4271
3505
5365
2646
8935
7151
8004
5782
9756
2328
7794
2288
1292
7532
5356
4582
4685
5671
7464
4157
7395
4205
5462
9547
7639
9226
5698
8712
3105
9442
3752
7486
2057
581
680
7401
2749
7715
442
1173
348
4678
820
9387
8038
7613
5982
6816
8651
1877
8575
2607
1241
8031
7121
4411
6914
6154
5831
7611
2895
8612
7825
5129
3291
1684
8707
664
8309
7449
9673
1127
9965
9522
396
1331
8311
2080
5010
3387
9885
6079
229
6453
7127
890
5434
8890
6748
2523
4141
5267
7688
5096
562
5626
8899
5552
4411
6861
1666
2930
9275
8716
7374
8837
4160
6521
9705
1815
3291
636
6260
9080
3088
1872
4796
1167
7591
7223
3214
3351
911
9541
2310
5917
9000
1188
661
1316
1824
5850
7197
719
6072
6162
879
8028
4481
5955
414
3309
7006
6286
6355
3507
432
1601
5882
5937
9929
2173
528
2157
3300
3642
4417
2705
2651
9897
4610
6662
9507
6818
5944
8070
1517
7106
4295
8315
1074
6136
5785
9094
7609
8325
3128
8017
7566
5895
7098
9950
9900
2989
1639
4219
2423
6395
754
3358
425
9226
8523
8338
328
4575
2427
8386
2668
5503
9198
3253
9056
3996
2817
4679
141
8282
5060
3084
8751
2088
7657
248
8083
6555
4911
7331
6242
8218
35
2293
5727
4568
8272
557
3920
3661
1598
2689
50
8007
7145
5183
589
2510
712
8081
2529
9516
4690
6779
7540
9877
6301
4719
2287
7874
1371
4771
8477
6280
4303
3866
3151
1102
3718
5136
6279
8013
368
5742
8283
3154
8286
7300
464
6829
7839
3943
5565
4021
2946
8938
8460
1870
611
2480
9398
3485
3751
1240
1172
9630
5726
1762
7220
8869
2081
2200
8793
1140
9975
5947
7978
9972
2271
3722
9135
4508
4854
6505
6242
1453
9637
9485
878
4140
6613
5900
197
4153
2480
3725
3868
5988
3249
4206
5830
6810
4938
6701
1825
5078
9042
4928
4254
3331
4365
3127
1778
129
3812
1137
2969
2281
8945
6646
1665
5784
2364
9769
4317
9102
9514
1883
9440
152
1394
3050
8687
9726
8193
1021
7936
3369
4913
6503
2671
3177
9216
403
2332
9489
2411
6811
4750
3856
7830
9974
3424
764
9377
3630
9429
7112
5751
2363
6694
633
2737
5223
6789
7997
8887
9621
1229
6691
9973
4564
2494
9881
1797
6520
2191
78
2068
4462
7902
1661
91
280
544
4423
9181
7915
9388
7696
1607
4536
5664
6203
2071
2819
8224
2001
2132
8962
9031
2416
3601
702
5719
1976
627
2193
2149
2099
8240
5429
6288
3821
1075
9621
2972
1107
1235
1229
9540
1323
5266
1918
879
3326
4396
7586
1962
3990
5839
5056
7596
4606
2029
6798
2054
8337
8504
3864
4927
705
6008
5317
8440
4892
1202
4556
9248
2016
1572
6919
4322
5733
4599
9650
6177
4880
6444
4564
110
7836
996
7147
3956
3199
8663
4346
5389
2070
870
8506
4760
805
2861
4807
1676
1316
3367
6989
6932
6225
6667
1435
9103
7149
4229
8014
968
8198
8159
8382
781
8142
369
856
6330
8831
5671
7591
3223
9662
1723
7811
5181
3625
4733
6715
226
8014
8110
8865
8180
7679
130
5049
6756
8737
217
4115
6625
2564
4013
8290
5653
2162
4118
1883
1708
4581
3069
7326
7655
3334
8053
8109
590
8005
3031
1243
6232
3471
9779
9375
515
8343
484
5611
6643
8081
1984
5418
4037
6337
951
2457
4625
8033
2439
682
5284
8378
8934
4304
1406
7541
4374
3582
3573
6617
945
6063
4106
6100
9668
1297
2013
652
7700
9526
4548
6043
256
38
8558
8269
3919
6905
6478
6942
9767
6011
5844
110
6682
1877
7194
1778
6765
7843
3428
8603
1598
7335
6020
3490
8290
6458
2121
2212
2518
9692
2581
5279
6666
8521
5965
3066
9845
1566
530
621
3214
1155
7898
2993
7050
8455
2162
5627
5725
3191
4743
3903
5903
6534
6643
366
1563
4402
3972
4693
7060
9993
5426
2323
1980
880
7216
2507
174
7391
7599
3478
2497
1021
8089
5259
1271
1134
6983
4293
6090
6203
2497
1857
9166
7150
1
5063
7233
6487
9933
8983
134
3895
8100
998
5588
8302
7832
6716
3951
2238
849
766
4388
7810
937
6611
3534
7091
3509
7856
9585
1097
6265
6335
9459
163
1028
5313
9111
7620
7546
2447
5473
2094
9984
1259
2068
8318
8894
8651
2465
6056
1819
3555
6745
1110
4986
5180
8686
6059
1800
8990
6774
8952
7751
7131
3827
3046
3441
763
8211
8239
6099
3629
8072
5960
2515
2345
2887
2049
5421
4901
2593
7558
5971
9596
4097
4817
1613
6282
3903
4269
4806
3297
1
3283
4421
1589
7568
1887
6075
9840
7601
6527
2436
930
3373
8005
3869
2108
1911
5265
3493
337
2149
9725
7735
5434
6897
9503
4852
9886
3144
7147
6693
3676
2343
35
5639
7434
2028
5764
866
4713
6390
6097
5497
6311
9020
2868
6830
2547
2501
6635
8624
6582
9553
6071
8780
4185
294
904
3242
8257
6026
1157
7078
9390
6581
1210
9860
3175
8661
3918
6562
4296
4759
4929
6332
8033
5439
3021
5028
2272
5421
7504
1618
2296
5609
7335
3177
5764
8979
6712
131
7321
5240
6253
2155
108
645
6432
2080
6650
50
1183
8805
9823
9913
2940
4615
4047
6346
6980
4169
4002
4809
7760
2945
7758
5067
7424
8894
9721
4053
6644
5909
7262
4450
9306
1976
6218
2614
9215
3938
7502
1669
6133
552
855
2296
6335
3836
5678
5759
1547
3907
8544
419
9091
9108
4636
5685
5084
2772
4819
76
2325
1518
7476
4199
9581
1334
4192
8495
1041
1441
2702
9045
3363
3119
5772
5657
148
573
1599
3590
6837
8300
6807
2317
8024
7658
7052
8972
9128
8778
3757
7078
2314
7020
9027
5143
9013
2441
6981
4182
1712
2321
5541
2488
434
1536
3972
1910
2428
361
4878
2276
4206
3066
7246
9997
1786
3329
4211
7124
4807
7021
6029
2997
7794
7587
6679
7494
6987
529
8394
7682
9348
2518
362
922
3534
8468
7687
5563
1748
6612
2252
6495
1042
8427
2439
4136
8146
8410
6703
4085
1128
4775
6000
2596
4191
7659
1838
5744
1674
2959
7339
4810
922
5467
8553
1863
3242
8368
9020
2587
3324
6319
2077
9339
2317
9693
9098
5608
8079
4970
1537
4096
5457
3536
6324
4599
1758
5810
120
818
1058
1618
4590
9415
3932
705
4798
3701
3949
8218
7167
4859
5410
2960
2508
9853
5398
2750
9395
5555
8105
2323
2234
7653
2811
2912
6890
7080
609
3277
8469
1667
2098
3410
2432
7313
3640
4074
7100
6380
2027
6096
7118
1781
1007
8415
3684
1295
1670
7571
3845
6765
9028
1036
884
4271
5807
8824
303
5067
3239
1257
8895
9431
5089
4351
8814
4399
865
192
2258
3545
174
9108
890
5053
4766
5522
7310
9862
574
8814
2012
7098
8362
2369
51
1342
9517
2577
8682
9413
8350
3748
7999
6295
1334
5588
8005
1834
7340
7129
8841
6892
9411
1014
9874
6406
8284
2936
3471
5324
3939
6697
9707
6736
1843
1336
806
4589
3331
4409
1367
6497
5948
518
3098
9487
9104
3817
573
8865
5597
4747
6166
3103
8260
6199
9347
2802
3738
2467
3171
3960
2941
647
6085
4394
7208
133
8170
6536
4527
2919
4223
1156
8577
7750
8090
4533
1658
181
6711
6388
4893
428
6473
1726
2789
7814
8518
7255
4385
4834
6443
5902
4832
1972
3557
7134
6557
323
9732
6119
9400
6945
1803
9817
7336
9368
409
5131
1114
3377
5278
6648
5173
3746
1840
7601
465
2342
5519
6880
7895
1839
4864
4758
7379
739
8415
4208
721
4263
7378
7667
9344
1774
5006
4959
2583
6003
2852
4889
8918
2056
4464
4670
906
9652
8284
5988
4805
6676
6671
4139
3594
7107
1798
8917
165
3387
8524
2416
8420
6312
1741
6756
2206
9134
51
4497
7994
5746
52
8761
5593
196
4539
1879
1369
3507
9467
1318
8602
6772
136
2779
5775
3108
4508
7454
7749
3328
2374
8882
4187
2527
1167
8280
6168
7917
5311
8300
9120
7192
2738
1749
4038
8303
6233
1384
5841
3957
6345
850
8148
8982
3464
7275
3207
6742
4305
5610
7356
9745
9362
9831
5945
4668
6139
5805
9653
6192
6227
8908
7719
2646
3997
7665
2233
5151
8226
9800
770
1338
9541
9332
41
8570
210
9999
5835
1201
4685
1374
8016
3859
5070
7180
8466
6284
1050
8760
3510
7643
6236
6385
8874
3523
4091
3151
7056
4551
2999
8686
9698
4196
3812
2271
6386
4520
5383
5128
8050
9626
398
4419
2676
4405
4477
3645
1409
7783
4316
7957
2096
2069
7337
5163
9246
5656
2585
960
3351
5372
3337
3700
9955
7634
3728
9914
5778
4934
9088
1330
5291
1568
2055
3348
3533
3459
1027
5263
2869
8543
4759
7204
5780
4676
1053
1511
6947
7398
7917
3353
2957
1012
1113
4633
3425
5529
2095
4355
6791
8872
5653
7713
3755
1385
3228
2871
5954
7510
2302
2649
4231
10
125
4745
9091
9809
5004
2919
8683
3033
6074
1459
5982
8000
4037
9196
5712
9678
287
931
8177
1100
7894
3412
4651
8702
2374
1835
9684
4937
1675
8042
260
2194
5240
3094
9517
7919
5719
6156
735
3528
4908
262
641
6010
4850
1100
1591
5319
6641
1638
597
1743
3558
1710
7049
7858
1556
6744
3619
1069
1040
8555
9733
3188
5778
7743
5845
950
3934
2676
4202
1053
2715
1828
6302
7190
4579
364
4355
7390
1386
3374
1557
9215
1436
1242
6861
7246
9302
5584
8755
2669
9900
8246
1850
4979
9649
1306
3066
5602
5287
7199
6395
3229
8295
6304
2586
1130
7422
4421
5955
6777
4444
8564
6677
1386
8313
5926
7837
1504
154
1995
9725
7150
4117
9105
9796
6909
1817
9613
2934
3612
2623
6408
7787
1819
8488
2590
3348
7552
3929
692
7738
758
300
7714
1029
6269
5979
7888
2211
5496
1153
1460
6837
7106
9953
8700
3437
4311
7303
8053
9411
8004
5001
4958
5532
4735
6517
667
3145
7039
4918
4880
6259
4511
712
1127
8235
14
121
2815
2230
7302
7251
2202
7433
7145
7147
1973
9010
600
8451
1262
9244
7935
8160
6987
8824
5211
6994
650
6134
7037
7461
7269
2034
9224
3286
1785
5382
7000
4317
3312
1972
7018
4502
4586
4445
3422
6007
644
7218
5294
7981
2103
4069
7464
8248
7387
7720
629
8462
836
6735
6365
6116
960
3681
9343
393
8216
5024
9052
896
2221
9417
9254
6878
7626
132
8533
2330
4173
4315
4489
8756
6654
5526
5042
7779
5045
778
8660
7942
8996
7424
3140
2026
1753
6139
2404
383
4049
4636
4017
6194
9233
3941
6679
7656
5449
9389
3743
8169
7031
3596
7795
420
4681
1326
3613
6610
4383
4419
375
4508
6311
417
4434
9651
1466
5087
1968
4255
2141
5614
730
3195
9698
5205
7695
1360
2895
3814
3746
9884
9914
223
2217
230
9415
7577
3889
864
5833
4812
39
5791
1937
3411
3695
6281
1117
2888
3641
4922
701
7676
3391
7216
8594
5643
342
9077
7008
9730
3427
5253
8691
5211
7758
600
2778
770
4813
1225
8723
2657
3677
9006
5497
8946
6854
9143
7505
5187
6533
7122
1352
7466
383
5075
9840
8038
1439
9316
4853
416
7314
5842
6487
4357
937
8658
3374
1519
1416
294
5589
4852
1660
9479
718
4868
3316
9605
7378
4819
8999
4993
600
5957
3472
7667
8141
8118
441
7077
3712
2507
6109
6667
5362
79
1239
294
6485
2615
9903
4288
4717
8684
2
7058
1144
9464
2945
8452
6654
516
9148
2910
5637
7342
932
8141
8420
1878
6759
3487
3187
3412
534
3640
3667
943
4599
653
793
7376
8484
9068
2923
5634
2592
1047
1720
9681
3688
8418
1850
2165
7934
750
8989
9508
2440
3581
220
3493
4580
1951
3059
502
6049
246
2207
8686
2054
5858
5763
9157
7115
1511
1207
5950
3161
7280
1837
3146
2898
6008
5424
8874
7744
7906
9475
7978
2673
3473
8153
1701
6789
3200
4255
7897
8283
1169
8108
9573
1829
7098
7966
9055
7444
6447
3863
7903
5971
1030
3303
7085
6675
370
4593
3857
7184
6050
5869
549
48
4082
9962
5166
7714
8132
118
6808
1306
5922
994
7686
2397
8214
673
2260
9604
2049
4465
429
3572
5597
6156
8673
4126
4433
9047
4424
6593
7583
4523
1698
9919
449
6655
3951
1083
7684
863
9541
10000
2538
2173
2505
4613
8506
3055
1678
178
5418
9536
8050
6289
2028
9274
8841
8941
7409
5621
6234
2898
7294
9465
2537
7150
3446
1780
5617
2885
523
5023
7661
1872
4364
8654
8131
9297
4613
3016
2442
9405
1890
5775
5404
7271
3003
596
7263
6538
8026
1662
7910
158
6708
8496
5901
5035
1601
9536
8015
4492
6425
2250
7258
1277
4938
4803
2253
185
75
3921
2092
953
4091
6850
9715
1746
7820
1274
9825
2689
6961
7415
5583
2988
6379
4470
2523
3390
5993
9394
579
9341
7663
9921
2900
780
9425
3986
5869
6939
2705
5009
1739
6350
6397
6823
8067
6294
9442
5606
2498
6205
9487
3346
150
7001
3696
6753
6177
7930
7844
5033
8417
9102
8631
1147
1404
2938
4132
3545
3365
6248
5846
4167
4444
1516
6054
2050
771
5205
7
3121
3523
6073
7151
1233
6752
5332
142
1098
7557
7897
1635
4055
9562
797
6507
982
9456
7035
8716
2507
1226
984
2598
2722
8491
1726
6564
1671
8555
2958
3972
6924
8627
524
9323
7027
4953
2797
5894
3086
4706
5723
2946
4598
5560
4108
9939
2951
2300
6219
3632
9713
4072
5346
2876
5416
8694
3677
1065
8257
4757
1454
3976
5395
6084
9489
2711
7519
9424
2970
9969
607
3665
5724
8002
9804
4934
3538
1494
8015
3328
813
5922
9653
7610
4720
5056
1064
585
4387
1449
9478
1944
3578
3527
6084
3380
1519
5674
9343
2253
3
4470
2671
4823
5541
420
7311
233
2094
5521
6013
4332
5027
3115
5446
4489
1041
9338
3414
3990
8941
4207
5839
2463
6068
5162
74
7836
8850
6941
9234
1837
7990
6825
4102
1915
3633
6700
748
1689
6803
2401
5363
4896
6524
4281
7452
9513
5539
8032
1268
3565
7842
5576
9361
4523
2199
897
8970
4352
3927
2946
4444
2393
8472
4880
5335
8465
5309
4620
2813
4626
4077
3511
4473
3304
6052
8846
2274
6005
1525
3633
6496
3708
2536
2917
3711
4402
5171
6087
1839
7118
4678
7832
5856
5988
711
4971
2243
654
4893
3893
3262
1372
3634
8455
2140
1980
7825
1039
9657
1159
9320
4871
385
4914
7961
1434
5049
431
94
3249
8331
1341
2265
9554
7031
6811
6729
4456
3265
4912
9221
6756
9863
1603
3425
9656
5499
6979
6516
5694
2894
6702
6791
4028
7970
8345
3785
5664
9432
9968
3903
9576
8626
3999
8699
3158
7152
3417
5355
5936
9760
4709
9740
1009
8811
1821
7277
4511
3798
5944
4122
8505
9160
917
5766
2529
7442
9333
1930
5761
895
9532
7489
8736
4103
5844
754
2148
8913
286
4242
4336
2877
6486
9956
7656
389
7922
9196
6090
1327
4575
1094
2976
304
328
403
2809
7355
6202
8971
4587
7695
1595
7921
2388
1911
2255
8938
7191
7809
1524
2074
9445
7394
767
8840
4599
7748
2228
8376
2820
891
155
6045
3946
2185
4594
3253
8393
4421
7528
7301
6195
4116
1656
3839
19
6854
4501
4296
7558
4484
7477
8711
7105
5349
6424
5313
5942
8243
11
107
4440
5387
5420
5761
2072
5180
4462
1592
9467
6654
1445
1167
4454
6647
5077
422
8585
3389
676
5413
8815
1005
336
2349
5183
2233
8882
5268
8132
8308
8434
2434
8822
7287
7270
4984
6872
3525
5383
5807
7002
7076
9895
7360
2926
1886
4006
3633
4283
6737
4569
4634
8011
6711
5873
1452
6195
5421
7146
5247
6714
5926
8811
2392
317
9476
1579
3958
7216
698
1423
3809
7803
5328
430
1614
9988
1092
6264
8673
6315
3756
789
720
7355
7486
5658
4750
7392
8663
1189
9854
1111
4549
7812
4081
6640
4933
8474
8279
5789
4912
966
5122
3201
1047
2060
2457
9858
8686
4635
3022
9392
9319
643
5209
6845
7702
1443
528
6002
8276
2227
3303
4896
3175
1644
8830
5720
8612
2892
1847
9871
3813
2633
5179
2908
4905
1473
7366
9119
9389
460
1707
3957
6720
2988
7158
6374
9739
9958
7753
2362
2967
5520
7639
4442
1159
4114
5426
2957
7604
3879
2237
6661
403
5021
2513
1477
2565
4862
71
1977
9865
2751
23
6312
948
2976
6968
3755
1490
2504
3025
4632
4876
7821
4563
6962
716
7977
3065
3833
6984
3832
1637
9641
2707
6341
7359
2721
5639
2754
2780
6529
2365
3940
1563
6444
5345
2249
6767
6202
9870
5426
6900
6505
215
6333
63
778
4766
1685
5226
3630
5051
2475
9147
9903
4976
1442
9360
6710
14
2521
5460
5940
1758
8538
933
9325
9926
1989
4883
4448
5248
7151
619
6854
4521
6722
3347
3645
9207
9665
4489
2211
9491
6904
1874
4456
4685
6742
3631
8723
1830
1706
2671
138
2269
8042
3734
2087
588
6649
3087
8736
7590
9792
373
101
6665
3090
5763
1319
7095
1385
7821
8988
3996
5746
2247
4581
2834
1545
895
9805
9746
5763
1268
4095
6401
9154
8506
3819
2483
2697
8166
7485
8575
8479
2531
7919
6817
8964
5886
2495
943
7989
1977
5405
6376
7540
4571
8068
933
8071
5315
7681
2868
5705
4310
2269
7164
6151
5859
1615
8210
7936
3144
7668
835
4014
2083
6521
146
7549
7001
7854
6471
6598
4146
3374
6579
89
9018
7134
9514
960
9945
5740
8127
8571
4547
9297
4248
1027
4405
3001
6266
386
3908
8881
6138
2085
3573
243
2707
6135
462
9658
6632
511
4676
8416
5248
5434
249
310
7704
5722
5981
7160
9878
4865
1018
7278
1614
8935
681
1155
9523
5278
2818
2888
4312
2864
4091
8636
5991
5297
348
973
1286
4857
4603
4115
258
3751
8820
4330
250
4162
9292
5235
4738
9186
2761
5178
7016
8332
4085
3014
3344
896
4241
6201
7732
1700
4524
4000
3830
2843
7624
5669
2064
5575
2833
8247
5539
7123
6350
8968
2103
3061
8204
5485
4325
911
81
6203
7867
5931
5517
5373
6531
1056
5078
224
4769
3468
8052
1086
8128
2890
939
7447
2894
8051
3175
4673
675
5477
2905
6522
1939
8383
7141
4735
5901
9322
6849
1863
6463
4546
7551
1029
3312
7105
6349
9582
3348
9697
1205
150
4036
9277
6851
852
6466
9815
1604
3885
5307
6602
6353
9128
3093
3084
2347
8375
229
2104
9987
5845
1813
708
6639
1628
2309
5386
9547
3478
6144
3820
2460
5701
9344
5586
4062
5751
647
6267
3644
3412
739
4054
3383
222
6605
3525
1513
9776
98
6700
670
9211
380
2349
8970
1165
6754
2333
6867
3436
4188
1113
2693
5667
9248
2739
7695
8198
2280
9064
4931
2730
5168
7963
2639
9332
6017
1468
1272
