5796
9002
7904
8628
9102
7285
9783
6390
4691
2174
5430
3740
4761
7832
7684
6929
5337
7123
9437
2555
3443
198
9717
6746
7897
1186
3571
9147
7964
6697
7009
6903
3893
955
386
131
2544
3229
4162
2022
1703
1971
9912
7120
3073
7598
1772
6494
5550
1088
5466
3147
6081
6667
2877
2862
7543
7145
2880
821
3064
6612
1509
8231
3291
3101
3333
7142
8722
6893
5325
3612
5241
6757
9382
2694
3531
3667
1297
4752
8883
53
1208
9510
823
8287
6066
7079
2794
8843
7932
9527
154
6246
5597
9641
414
6280
8220
6724
3118
2228
3538
2105
8515
7013
3544
9089
5137
8027
4588
9949
2525
5703
2792
8988
6529
5680
2926
5788
3101
7933
2710
4463
894
2602
6080
7384
1679
2682
9247
8914
8395
7034
8793
2649
5450
7326
6580
3271
3020
3646
8056
9110
850
956
5746
7356
8467
8141
6308
385
2186
6525
3290
2108
2041
6110
374
3885
9779
364
4693
3583
84
8924
8924
2193
6468
1789
4202
2426
9065
2967
7966
2798
9522
8451
3750
148
3787
4336
6235
5275
6773
9402
5022
803
1652
6597
9566
6874
5637
6729
634
3577
4578
2506
8594
4296
4848
4864
3879
3871
2313
3112
1159
2392
8768
2429
7139
725
4070
3380
6613
2963
3447
2698
3854
2261
6918
6759
2358
3135
9579
6527
7307
2554
4382
411
3364
6667
8195
6157
1633
4373
1072
7162
756
4982
4086
4908
9726
2257
485
5150
8569
2511
3482
7636
4052
540
3076
7869
6875
56
3817
9720
3618
6199
1953
2463
7860
7826
1725
8316
1754
765
9596
8389
2334
6030
2899
2999
9010
3708
8912
3436
1692
5779
7868
5376
38
9831
7535
3594
2478
4547
406
4926
8273
3415
5911
1726
6362
9627
2675
4867
8344
7196
5030
9571
1033
3702
9814
1108
2867
2272
4317
2946
2943
3956
7874
3626
8853
3904
9655
616
3685
5941
7555
5519
4073
2883
8770
8121
6144
205
1843
3317
9018
1245
7412
3604
6402
3757
2219
987
6702
9364
6942
8458
6093
1104
6354
1915
6586
594
4049
294
8863
6716
5372
9675
9392
1121
7307
7207
365
9887
2910
2219
3595
9676
509
2921
2241
2863
133
891
2921
1742
9248
3751
2378
1169
597
5965
6048
2990
1387
5720
5384
3189
7941
7945
6052
7192
1541
2133
1068
3758
8171
3717
6283
1294
6626
2228
6393
2575
5833
4159
8062
1254
4450
9744
8352
4698
7942
428
2480
4869
6267
5900
1839
311
6467
7816
3830
3369
7245
6086
4008
9881
3018
2211
3504
5287
8122
30
746
637
6505
7360
2850
7056
5085
3106
4628
8628
4546
7872
8343
9844
2722
9393
8446
9208
344
1620
3277
5299
4654
2002
1391
6353
5394
5042
5779
6570
6040
3961
2325
2587
5140
4002
2566
1377
8396
6169
1422
3894
4460
4756
2008
924
2424
3920
3299
8509
5351
6562
1939
3725
5862
2742
3722
7839
2870
134
4157
7316
6578
3842
1471
2057
3236
4963
1231
9771
4477
9323
1050
6042
5079
5032
7190
1823
4277
6008
700
5274
6563
5038
8615
8944
1598
9277
6941
3977
8691
3310
7555
1698
9603
5032
6030
5662
4048
6974
3282
1457
5559
6949
2473
2849
2068
7645
2420
9690
876
7700
6462
3917
2710
6879
4619
6221
2988
9049
8973
6300
2160
6262
5507
4126
5523
4874
3279
8306
6546
9121
414
9066
9129
5252
7596
4662
3406
3618
921
2940
9592
2868
9851
8604
3906
172
5213
7841
3758
8484
2463
9296
3761
4438
9073
1738
8577
6669
7129
2878
2118
7535
7402
4577
8419
156
8714
784
9751
8862
8230
4436
6843
5252
6393
991
5771
5337
3607
4348
5287
1976
6164
6268
7836
3113
73
5057
6566
8646
8393
1542
5142
1242
8287
6982
2460
3977
1029
8619
7129
7672
7984
4249
3180
637
8008
5495
1731
9003
3401
3507
4952
7350
6499
5743
719
684
3204
9426
4068
6419
6503
4869
1213
4111
5692
1575
1813
5692
5531
5222
4057
5598
4342
8275
489
9367
6315
2257
9245
3715
9477
1280
7281
7411
8949
6740
4624
9900
9793
5004
4877
1464
1484
2466
2833
6468
2680
2103
4165
3387
4533
4322
2492
9622
4830
5047
4303
8638
3719
214
8578
7684
800
8914
4293
8929
2165
2390
2740
8428
7461
4872
3756
2019
3356
8915
8590
7120
9841
4773
2529
9965
2545
2232
2146
2543
5597
3506
5762
1535
3698
4608
2364
5077
137
6675
2245
928
9009
86
1394
3069
9479
4798
1450
8919
7350
6588
9084
2461
4073
9686
6920
1201
8638
761
9584
4032
4933
7368
2139
7641
2457
59
3106
2280
6736
8304
3644
7724
5517
6985
7228
4048
1572
8970
8454
7983
5309
7952
3421
6608
321
2195
1833
4252
5293
9571
4416
6561
5486
3256
6730
3355
5385
4719
6651
8494
4882
3286
1604
7116
5455
1167
2695
8693
8932
4204
5968
9019
1249
9190
3795
6462
4736
4721
8477
4858
9955
9240
7906
7199
4818
5225
6868
2223
6042
6615
6858
9486
3568
590
1242
94
492
839
7251
9916
2744
2135
6549
9965
2844
9950
9338
4044
8226
201
6775
9054
9125
8648
3363
809
5780
3155
4290
2199
8595
231
3139
9313
3248
9159
6846
6978
5584
6432
800
6323
7182
3496
6723
8950
7540
6250
9605
6832
5600
5934
874
7513
9890
7556
5265
888
9995
8090
1796
259
5476
1086
3712
1880
7290
3128
4708
6192
4670
773
8416
1461
4840
3399
4063
753
9847
2846
9919
3454
9430
4200
6280
9849
6879
530
9560
7842
9418
1631
2300
4519
3578
112
8529
7060
5765
4102
3434
7041
1593
4727
5604
7217
8537
8994
4271
6995
6193
3160
7397
1769
6172
4348
4273
9345
1717
2140
9277
1231
5625
2455
8463
2983
8097
4589
4224
3505
9558
9129
4700
526
1234
4227
7738
5245
7057
7329
7344
5537
767
228
8009
4636
2980
2503
4008
2368
1467
8869
2034
2595
3071
9429
5389
7635
4217
8906
9682
2986
9638
1115
4841
1393
2810
6924
