5681
7895
2508
8617
6764
5653
5226
8268
4732
3904
9735
7578
5749
6397
47
4655
2982
1100
1214
3958
6300
5950
5865
6445
6877
8918
6463
3940
9384
4581
6081
9753
2229
8933
1027
8434
6818
5223
4736
3258
8934
8952
5839
3545
4474
9118
4275
5893
3529
5261
1289
2873
8004
316
9061
160
5750
6076
5942
6477
6051
8874
714
1088
727
9060
2830
8751
7278
9439
4040
8412
7301
3078
7033
7852
3134
8614
8241
7342
4231
5403
1450
3276
194
2542
6615
532
2366
8574
9335
815
7891
3750
261
8663
3929
2790
4500
8002
8763
4715
7243
9590
9989
6734
310
5029
537
3141
2243
1575
5698
9527
302
7555
9206
6638
6029
1563
4667
8353
3925
5860
5911
7711
6673
9222
662
4777
5854
5469
2971
6511
8373
5354
8680
7823
8984
6492
8898
2466
5436
802
9116
2971
2140
952
8149
4395
4278
6319
6878
8180
673
9156
7883
2400
1150
5377
9043
7963
9561
9502
834
3596
4855
4076
5516
4040
7659
7496
8339
3787
3718
3046
2225
3475
1438
7822
4003
6876
1076
4626
2739
38
98
1900
7529
1883
6440
7923
2631
858
9062
9014
4172
5139
7407
5545
930
8555
7235
5975
3841
1087
2709
7244
6059
2634
3484
9355
1945
7033
8337
519
135
2445
493
6317
5922
5782
9528
7569
19
4761
9709
2459
6353
634
6733
3496
5861
8435
6009
5893
9179
1527
3484
172
2740
885
593
8899
7446
1819
6442
9699
5725
1058
7596
2814
1071
9738
5796
9131
7517
3651
5658
1097
799
974
690
9258
8950
3400
9937
476
9021
1623
7637
5695
9413
792
9023
2797
6701
4149
4340
6983
4926
9966
5778
4313
1189
3411
2751
1763
7498
1285
4492
2236
5510
3660
3847
5580
5166
8424
6008
3946
5101
9936
1706
6666
9267
9684
9383
4202
9745
7098
4871
4197
866
698
6754
2079
3880
5151
7305
10000
411
4924
3980
8885
7614
6214
1358
7529
9192
5270
294
1776
928
8068
2037
3180
967
3355
9623
5357
4775
8966
7484
5303
7356
305
945
9120
4673
5840
2223
6262
1873
7919
5994
7275
5614
2548
584
667
5498
161
4195
5248
725
6809
4871
1907
4102
6834
8308
3915
180
8139
1326
3402
8127
4122
3201
6998
4000
6505
3191
9552
4107
3103
5889
4571
8245
5338
9940
8961
4930
6574
6363
9797
4981
8856
9560
6643
5442
598
4773
720
6767
5593
8345
5496
605
2642
7180
4762
9290
3830
532
2436
5531
1772
873
7357
6
6054
9701
831
5944
1623
2480
5407
2359
4410
2113
7558
3704
5342
5961
8255
415
567
7102
8634
2070
9271
7006
2155
1462
799
8588
1730
2571
9706
2195
7208
3792
6034
3478
8093
1930
6037
4933
1453
1175
5443
3122
2152
9574
5215
214
183
2631
8261
2765
6394
5674
6525
6995
2383
2047
2776
2004
7287
4771
9112
5363
4417
6532
2691
55
656
741
2358
6727
71
2165
5955
2015
9013
109
7569
9517
1915
5969
1402
3050
4051
9005
4013
9707
5315
3193
7676
4111
9673
4265
2423
4092
4779
3606
5082
3602
6870
9916
5407
1724
913
8
3276
9770
2555
6959
9961
7156
813
612
151
3715
7085
2182
1087
7516
2503
8598
4078
1139
7224
2251
6342
6525
3529
4241
7355
9735
3756
4074
4219
3692
7564
3737
9959
344
9091
8893
105
2256
1768
329
9281
5124
5146
5349
139
9117
1155
973
374
1736
6978
2633
6158
758
9866
8679
6840
6352
3124
2945
2744
6706
6778
5974
6814
9239
8739
3368
4194
9605
6726
8652
1029
5442
9801
7893
4359
6440
3228
5797
7387
5780
1779
7455
2482
407
4900
447
6802
2856
3356
8828
6024
7272
2450
1684
4094
2725
5986
5321
1557
2664
2926
116
693
6131
1012
2048
5743
7349
5613
7947
6914
841
2260
332
9441
5049
9282
9489
9163
1509
555
522
1010
9875
4068
8756
9988
2377
6744
4406
6975
6731
8871
7819
5847
7006
9724
2345
882
6586
5481
502
6595
4858
2936
9246
871
4531
6684
8010
4291
2311
4798
2115
6617
4699
8296
7759
3414
8419
8416
8357
2630
3883
8466
9877
8425
3370
4175
8154
3178
2189
6186
8066
6011
9386
1741
8019
8676
3368
1355
6658
7632
6116
8546
7255
8106
352
233
3358
1160
473
6354
8415
7390
1019
9995
6002
5734
9345
9648
5463
4225
7684
6155
9153
8761
5525
837
455
4368
5950
8287
9209
8796
5223
9883
9749
2037
7069
5515
5015
8172
9774
8943
6319
8716
7913
2927
1447
9739
3974
8224
9468
5435
1386
1780
1223
4348
4924
454
9150
4374
2709
8826
9905
5019
421
1672
9262
108
7830
450
8161
8384
1791
2313
724
4486
9793
5669
8565
2939
5072
2437
3526
9887
7868
6046
8745
5904
8733
441
192
5825
8158
4472
6988
1258
4959
8018
640
9939
9604
733
5805
1152
605
1986
7398
47
1633
577
454
3873
8964
249
7272
467
8214
7434
710
6130
2539
7366
189
2832
179
255
4026
1340
5046
4581
7771
2466
3873
1330
7042
8537
6071
5001
9814
207
7017
4292
8721
2481
8910
829
2282
7846
4684
2626
3363
1272
9488
3001
2830
2663
2842
7350
8388
3515
2604
7644
3120
8174
8248
6915
3832
6065
5814
5540
7359
3039
5069
9458
7774
6188
9755
1965
5049
6875
5820
2746
8427
3631
1005
9647
2492
8140
5052
3254
7085
6734
7988
2486
3136
3594
2388
572
6394
3756
2079
2666
8456
8030
415
4586
6754
5266
2578
9198
5347
4508
768
9625
2398
3860
6585
8473
1627
3919
2456
7171
4112
6085
6868
8354
2580
6811
4756
2681
3735
6460
9931
9571
8137
2515
5010
7113
7058
5167
1879
3674
9371
227
1591
6879
4865
7659
6371
98
4576
1181
5809
1838
3081
8868
4560
8266
8715
2438
178
6335
7123
8791
3061
8812
4124
7648
7488
9569
6237
9058
9045
4385
7116
6863
3357
5347
3771
173
8388
7330
7887
1900
500
9582
7899
8579
9124
5734
152
2146
1731
7113
9819
7514
2667
2700
4695
4153
1077
7215
8650
9630
951
6334
7161
7942
7347
7924
454
9412
5339
157
8005
5603
4142
9504
7146
2656
2528
8292
5509
9906
7032
559
1957
6413
2723
5260
8832
9976
1101
7723
3594
1480
3815
9803
584
1550
1192
1712
5783
5154
9823
6049
9334
4125
4544
6104
527
8210
73
4737
4396
2384
6640
1336
8667
4483
2239
7458
7150
4056
8149
9408
7363
2459
6831
2012
9276
8365
2065
9137
5074
6857
5736
4804
9946
2021
792
2909
2390
26
6444
5635
5066
4862
5297
5705
3181
7343
6225
4371
817
436
918
4223
5840
3006
1381
1111
8271
6388
1165
7279
5759
9948
81
6543
6891
6140
8286
9536
4032
1685
8730
6180
1501
5436
3211
8575
9662
2662
4798
5497
6941
7146
7963
5106
2258
2425
1594
5050
5952
5973
8255
523
853
638
6386
6671
6034
8297
1309
284
4478
634
7591
9464
5582
9759
4419
8089
6394
7816
8612
2594
6532
4955
1048
9723
7903
1690
7434
1169
1470
5511
443
6729
4996
4964
2109
5333
585
6849
1384
5050
4658
3359
3396
662
542
8349
6075
628
4493
4756
8971
2097
3549
7587
4247
9080
1565
2063
3357
5443
6550
1697
2939
5328
3979
3388
7043
7305
4337
2484
586
5781
4472
6396
2447
4461
5977
9899
4380
5628
6241
1060
4647
8944
436
536
3333
6914
5122
291
1999
2755
7803
7132
9735
6013
3051
5476
7656
4296
3195
737
5686
6510
5372
4860
8009
7210
5605
7430
7461
275
754
4819
2517
9751
548
1450
3757
7027
4817
756
8495
5029
7789
9317
9788
6737
9267
5662
7287
4367
2793
8112
5919
6514
3567
358
9954
4577
6581
6750
6753
9765
9179
13
9342
9494
880
9959
7143
8220
1345
2750
1278
2749
5130
3268
3292
6886
6033
7468
502
442
8523
4560
682
762
762
5139
4095
1149
5250
321
8021
3464
4753
1897
9985
6124
7895
2236
7585
9110
7465
8663
4771
6766
6987
7936
4121
9859
6467
7055
3116
998
8415
2998
8708
3798
1241
9984
4236
498
848
4494
7319
8224
8097
9489
3018
3997
6100
5959
2202
9245
9782
790
5408
4718
5285
2692
4376
5444
6798
6722
2238
6994
9685
3566
6110
7265
4623
989
9092
1922
2208
4076
4381
5146
7343
583
868
5863
4670
6635
7455
2883
7635
4473
8635
5831
8216
9591
2905
4040
7316
5354
4352
9674
4324
7015
2709
8751
6460
8702
1129
9711
2619
5669
5694
6876
64
6610
7908
8110
7917
1136
699
2956
2350
2335
5240
2104
1732
9362
3777
4751
7272
8094
6305
3029
3492
4595
1343
8578
4208
2250
6533
1856
4164
5642
8399
1439
8379
7952
3683
2082
5194
3787
9840
2152
6487
7146
389
1678
3785
3422
1090
380
8293
2281
1583
7188
5523
2119
1566
8201
4774
8803
4592
9873
5358
7965
2552
3072
4767
8323
1591
3534
3392
4228
7103
8907
3812
3493
6941
6914
3555
2176
1946
1755
2667
3631
6021
4696
3789
5768
2276
4716
560
5390
6060
7125
249
8343
774
5146
667
9900
9920
3940
4636
1982
4996
2165
4738
1513
2362
4914
5509
7212
3639
8457
1211
4090
8785
4889
6511
5776
660
2454
9021
43
7132
304
2009
9072
5928
272
1195
1869
9302
8120
6771
1829
482
4777
9475
6373
837
4015
616
8501
6983
7810
6464
6199
8777
7462
1450
351
7491
3840
5329
8085
6116
3095
5063
8599
2975
4140
9055
8725
9219
5008
8524
1302
2066
9956
2836
6970
4844
8059
4950
32
2214
160
6364
7562
2819
3146
4082
1080
7611
9048
7643
2154
3917
7997
438
4563
9980
8637
3839
9377
3316
4095
2725
3502
7079
2281
6492
2951
8678
2849
8504
6263
2413
7830
1316
5806
3034
3604
6347
7312
3487
3563
7876
2090
3406
6649
231
6914
5810
6477
9124
6151
110
6159
2332
5531
2785
1648
5473
9273
8073
5458
2278
4384
2298
7280
6378
6991
9010
6880
7024
2492
1032
4506
1920
5351
9967
820
3002
6765
5298
7170
2123
4184
59
6767
4444
4873
3083
5693
6270
8820
5789
1046
3383
3293
5285
2930
734
7824
4549
7310
9447
176
4260
2314
1012
1178
2481
7112
9337
1156
3021
2317
7215
5245
4588
7821
3073
5642
9606
4715
1581
7718
7914
781
1086
3589
7441
8218
6871
6652
3661
40
9098
9703
3053
9243
9196
7653
5364
9974
4265
7536
6869
2404
8974
4027
1157
9205
746
7640
3021
4107
6405
8457
5436
3513
2021
4178
8503
6525
6000
1609
9129
467
507
3035
5077
4148
2550
7713
5359
5105
3224
7421
6011
1446
9292
107
8408
4854
5707
9065
4877
1542
1415
2955
2349
8132
6751
2657
1309
8804
250
2304
5278
9981
5721
531
838
5558
3437
3363
563
3913
5566
8789
1135
4189
1122
6647
5799
5195
8769
3861
3481
8699
150
1273
7137
920
6996
1117
9219
4390
9246
7946
6899
596
8394
4934
5157
7551
3012
5843
6420
1652
1724
9063
1984
8266
2643
9780
3459
2747
8998
4399
860
8639
8753
7872
6903
4137
5671
188
2644
1225
1874
6111
7572
8974
2513
987
2130
2530
147
5578
2258
1797
9181
2966
1999
8898
2660
7335
1005
2428
5367
5856
6653
4493
6177
6742
7370
9008
3274
8125
8926
9700
3238
4100
1450
8350
6142
5096
5717
7418
6778
995
2828
2586
5651
6347
6221
6148
2472
9314
5002
5192
2716
9420
5734
8971
520
9775
1423
1328
790
3212
225
8886
9644
7540
8176
7102
7161
7790
6756
9966
26
7572
9941
7188
3907
816
45
9242
9542
7042
9586
7844
273
3633
1419
3842
220
4702
8918
5256
6525
8176
7661
3648
3988
7084
1962
433
5836
4115
3693
5290
325
8976
5843
873
2871
310
7180
7020
476
9956
8120
4973
6917
309
8498
7272
7395
5591
826
960
7612
9570
4719
2101
7643
1025
9597
3437
367
3912
8967
7962
4343
1952
39
9438
4651
1344
9093
2959
8554
6633
3576
139
5021
4705
44
901
9929
1479
836
5316
9696
6200
7393
747
5142
4811
3614
9434
5063
7689
8612
5747
6183
7295
7741
1187
3841
6413
3409
4390
8152
760
6103
9776
1565
5034
2993
3804
951
6937
2867
2029
6120
2808
8997
6462
3939
86
1216
8055
5892
9234
7966
7837
7477
6056
4630
3520
4539
4983
8876
1080
3201
3735
4813
7625
6934
950
5350
9476
2461
5825
2525
4649
7023
2886
2302
1624
3712
320
4348
6847
3984
8673
20
9421
3482
127
3523
993
8712
3131
1442
2172
1701
5533
6919
5760
2168
7069
8413
9728
8163
3585
4502
7266
2482
3481
1473
4381
8325
2857
4862
5433
2909
2212
8533
7465
857
7022
3123
6743
2365
7962
3011
2771
4711
5426
3188
9507
5234
6258
4369
7641
8522
9258
8029
5985
5897
6411
8368
5104
8185
2758
5897
8103
3976
1676
3123
7385
1663
9755
2696
3386
2548
9308
4962
3595
5007
4187
5569
5142
7613
8268
1856
484
9832
1196
2815
3092
8736
7948
6929
5456
7990
7946
7988
3338
3098
3242
1066
2279
3460
9488
3366
5524
1290
2459
9581
457
6513
327
1796
8844
9315
3173
2433
680
5287
9747
7691
2780
4993
8111
8294
2696
167
1790
7671
1472
2044
8841
5558
6740
5
5737
4958
7413
6633
1724
4694
9596
280
84
3869
7561
6413
1467
5287
6394
6748
4693
428
2217
25
1866
9674
6805
1601
9220
9629
3579
9025
5160
8055
1222
2042
6725
3324
2948
56
197
7389
1881
3554
1049
5652
1142
6989
968
1226
7377
3552
7437
7910
7698
7884
164
2676
8221
735
428
7428
7926
7492
675
683
102
7279
5033
8778
8030
9610
6236
6878
4781
717
512
6445
9815
2665
5764
3606
5355
5311
5028
644
8526
1661
8056
2133
7078
8150
2523
8443
9557
4300
5854
8079
8528
2165
3563
2541
1188
7961
6923
9582
6388
3562
487
3773
9709
5044
2902
8180
9282
775
3227
1100
859
8624
9580
5137
3038
2609
7860
546
2500
2492
1142
578
9228
8647
5455
6031
1565
7507
2723
2999
452
8780
8302
7721
570
8629
5607
1417
2457
4950
4476
8102
2333
3329
7785
8386
948
200
3760
8797
9414
1853
4274
9417
7183
980
468
6345
9809
5868
8737
9118
237
8292
5204
1552
3885
8530
1010
8127
1986
5879
1865
481
5061
6942
8340
9405
1982
514
8490
4272
2681
1645
49
3784
5275
7805
7996
3192
7213
1303
8803
8143
8710
7082
3154
7432
5260
3038
5379
9581
5523
8600
8645
3328
6416
5154
3147
2514
7320
1630
7985
2307
5110
3903
8140
2363
7805
6293
909
1065
6463
1916
125
3782
9490
8544
3498
9172
9802
5632
9574
9051
8242
7862
1904
7701
7751
2650
9997
8209
5298
2760
1446
1698
3047
7850
4706
9606
4274
7283
4601
3402
9421
4699
5065
2515
2515
5020
9053
936
98
6953
8525
9746
7542
8453
3310
9425
9771
7130
1913
855
5335
2022
5453
3130
4651
5297
7895
1595
3320
5530
1299
4582
2077
5430
8164
6609
4717
9374
9307
1192
2691
6765
6467
2430
9921
5999
533
7286
9168
4451
1068
4624
6837
1927
1363
9312
3612
5200
3284
8800
345
8801
7836
380
9542
5820
4881
6866
1711
9982
6308
1680
1564
6847
7534
2367
6165
4694
9597
2509
7276
6984
4787
7494
8763
3728
1264
3101
4766
3137
9861
9025
7929
577
4396
2283
4371
919
3551
8623
5503
5686
7815
8324
1315
2841
9393
9279
1709
3727
5964
2194
9462
5707
9184
3397
3926
9941
333
6233
7298
8396
5569
8132
5700
6428
2013
2729
5800
9093
6757
881
9371
5417
2658
3369
2082
674
551
8673
8302
5458
8923
5514
1817
8065
9110
675
3427
3899
385
9944
6538
3596
6539
1162
7064
3480
290
9771
5225
482
898
5512
3712
2472
6983
5127
9547
9841
353
6826
8337
3636
3404
5318
2334
7994
8499
8060
7500
1437
8060
9542
8400
875
3897
7872
8375
2044
7893
4979
348
5583
3608
7537
3789
3100
2384
1161
839
3320
7979
8007
3699
6865
3404
1640
310
3791
8465
2138
4874
4442
4890
2102
1037
2146
2478
4420
7119
6683
3932
6129
2999
4706
8724
7540
2234
6323
9212
1570
2292
1328
7547
8269
7096
6345
8519
7493
2010
2767
9060
2185
7926
320
9791
7242
8748
5589
7848
7723
4639
4791
5029
4432
2360
3355
7390
8078
9721
484
7297
2028
5034
8010
9233
4201
105
2717
8191
831
4499
4147
964
9927
2936
2512
3748
5388
9528
4673
9630
1830
5467
1292
5645
1052
7800
2954
1194
8531
9845
2207
8176
2075
1826
4390
5351
2575
320
7851
1720
8335
2380
7317
9412
522
4882
8426
8220
9898
6135
2598
685
5389
3893
75
681
8030
5892
4727
5018
990
2731
7280
1336
8511
4751
904
8836
4983
9224
8314
7191
6546
2389
6951
8283
4609
1666
429
9586
88
9556
9556
6178
4956
433
272
5613
2091
5108
4844
3861
8035
7285
75
3969
8697
3379
3110
9698
2788
2926
9195
4883
9332
5832
3794
7362
1851
6992
5822
3916
947
1816
1668
838
9555
7573
2711
142
9171
3063
1727
8944
3541
5171
2218
9496
7146
561
3155
6477
7192
8795
6255
7263
4692
6653
5617
4869
6664
8227
7898
7376
543
7964
2166
1357
1261
579
5879
7329
8760
4622
3693
3737
9009
2943
5623
306
5677
5947
5600
5476
2807
9556
6450
3625
4347
3559
5202
9108
1339
489
2066
7093
2836
3109
5071
7808
6267
6607
4377
3657
3001
8619
3995
6450
1385
2991
5993
6598
4361
6174
6711
1345
7014
5357
8171
4425
9876
7807
9169
3901
6053
8106
9008
6002
1312
2923
9089
8009
7871
3448
8360
4806
7812
3577
8007
5004
6393
1728
3203
8516
9239
3308
3476
2039
2973
8628
6083
307
3009
9692
5198
9695
9189
8181
2700
4508
9029
799
5784
5713
3038
6891
2901
9405
2973
1331
8022
6092
588
3897
4863
3686
8110
1067
9698
1585
7210
679
430
1731
2600
3946
5393
823
626
6032
6964
8571
6170
4117
9194
5167
6390
6013
1546
8227
108
7606
6546
1645
3150
1981
5252
951
4155
6976
7486
7464
9574
4201
9247
847
9633
3581
4955
5346
5084
2572
4960
4583
705
6955
4158
3297
4314
1118
5187
1104
7709
7031
4480
5717
6919
7422
720
9111
2365
4852
2613
3063
9237
6611
9608
9536
2762
1628
6585
3221
4992
3788
7252
2768
8662
4205
765
2138
7370
5486
9883
5484
4025
7623
5640
598
2203
8395
5536
4215
7933
2952
7122
904
7379
9671
1410
3297
2335
2264
9406
5477
2302
101
5824
8602
1013
7698
8589
8215
1270
8468
6374
4794
4520
4977
5093
6331
3474
4779
7468
7014
4142
9983
7687
4146
6773
1196
662
4722
7948
5843
5290
4093
8006
752
9593
1005
4977
7207
1883
3569
9509
248
2402
5377
9117
69
3905
919
3053
8007
621
5996
8369
2623
321
2449
1598
4503
51
6607
5433
9081
6729
7562
6679
4342
8710
1723
5992
1125
4035
5374
5307
1632
8319
2207
7748
8135
1328
1103
7108
1382
8023
9720
9055
481
5525
4362
1410
7884
5831
466
6020
3492
2317
8106
7643
5869
7233
3609
2698
1836
5936
7797
9233
4217
1599
9277
4846
7885
2311
5071
8074
7761
5313
5761
9931
1949
9940
4355
7430
4095
9770
4905
3767
2051
4792
9433
3070
3711
8660
322
6141
8559
6179
5036
4005
6276
358
8646
8139
2797
4065
7908
3229
1395
7848
425
5810
3735
8943
2886
401
2437
7366
6293
2174
151
4177
3224
3996
8467
6854
5344
9463
2628
8262
8807
8651
1447
9037
79
8454
8656
1011
6269
8339
9161
652
1450
9583
8416
3717
3110
6378
3637
7519
1058
241
6793
2554
9927
7798
2245
6731
760
4424
3701
6811
2409
9239
4032
2291
5196
1276
6188
121
6625
5438
9474
406
2072
9942
1297
6655
5829
3449
3885
2625
6310
1492
7656
4873
3981
1878
2773
5504
310
1652
5088
3352
5933
7677
163
5247
7248
9835
365
7780
3655
435
4868
7159
5778
404
130
2404
9286
1539
8313
8869
5146
7911
5957
5227
8689
5143
9940
1903
3462
8211
8173
9513
8666
5902
7598
2724
5996
8248
2441
8877
3738
9545
4092
6509
1148
4774
4183
696
6431
7258
8487
9497
7387
8117
6473
8241
8559
5311
123
4823
9628
3842
5171
6801
4959
1198
569
5205
5781
2315
8301
4135
9025
7731
2888
378
8700
5925
2692
3666
7383
9650
7088
4326
4858
2884
5862
874
9254
4824
3663
2525
921
3380
6235
9713
2131
9711
1284
4932
7341
5265
2396
4749
117
5771
6175
187
7492
7903
615
3191
8785
5698
386
5921
4509
6086
1125
2788
6405
5348
161
9944
7338
8808
8826
5267
163
8512
4607
6883
4414
42
6361
7764
9963
9996
1868
9644
2227
55
2169
3340
2389
3975
9535
9104
4048
1092
259
8420
3050
5191
910
933
5992
8834
422
9319
6426
633
4889
1724
1960
5608
4003
9820
4343
2336
6848
23
1144
2076
6203
8555
2072
4531
9573
7305
3189
8461
5925
6433
8718
9171
1644
6746
2969
2661
9203
9570
6985
2409
2041
4485
6072
8518
4739
721
2371
6202
7433
5972
4222
5512
7454
5213
8175
1776
6068
7400
1235
1878
5184
910
9651
4450
6258
9602
5482
327
3338
634
8976
5585
5254
6954
8664
9973
1086
4775
4243
6017
8279
6686
6139
9044
2980
2967
8401
4907
8237
3953
3934
9567
3439
4274
3957
2725
4548
2512
4152
521
2419
7838
7908
5027
5023
7659
3352
2742
7867
9513
967
6299
8060
1608
1095
569
7983
7809
2546
945
7643
6862
1505
8101
916
6796
754
5229
6833
8553
6861
6670
4477
1087
7710
1558
1426
8914
7292
128
5661
8747
4075
285
3014
4957
553
6485
6807
6853
5100
4517
714
6038
9054
9108
5130
5249
8519
7452
1815
5924
138
1569
3405
9263
8131
4799
1190
1502
4600
4595
3095
5053
5139
711
200
5855
6529
7604
4157
2381
7308
7097
5200
5615
7380
6646
5418
2095
8937
3725
9894
1028
9158
4494
7992
8868
2348
7397
4668
6263
8233
113
1507
6997
3979
4483
8330
1867
840
4530
3469
3192
2794
5304
5799
8948
8578
288
3742
293
3961
9253
1597
8641
8193
1958
5105
3964
4378
2725
3292
1082
1316
8941
7046
347
2379
6064
6135
2439
5446
2020
3952
6588
6104
6593
2409
9618
7342
4438
5095
6854
6597
2354
2264
6920
9867
816
6420
8073
2181
458
5986
9370
6364
9908
3677
1663
3374
5135
884
7415
34
6640
5387
5455
4765
7945
2874
530
8506
6754
2567
4082
7305
8148
2941
3567
3714
3506
3207
2360
3247
3337
9895
9949
1749
2522
9844
8349
8468
740
8525
6156
6099
3004
8777
9445
9619
910
7179
579
6157
960
2342
7830
4071
3027
3958
8791
5896
5119
6096
5291
8728
1322
9363
6484
3101
8954
8479
5645
6347
729
9191
3452
6137
1698
3176
5532
3311
4685
7452
3524
6907
8895
3265
4068
6586
9326
9286
9484
4780
5405
9063
7329
9155
7002
2221
3519
7183
1836
8345
5586
9954
4371
6386
518
7851
9096
2750
6759
622
1588
7382
247
982
1293
2196
6057
9881
2359
9874
1771
9003
1492
4978
714
5340
757
9723
8810
1621
8055
1339
4426
3020
2562
667
6679
995
8196
6504
4375
7653
3689
5696
8298
4673
3682
6241
1118
8926
2796
8704
5211
135
2331
3643
3004
7598
8838
5972
239
2993
8793
7776
2168
6290
8707
3886
3995
164
2721
5765
1014
7150
2471
789
294
1673
2869
2827
6817
9706
791
6749
4164
8345
6981
2216
6082
5859
2973
3631
6886
2184
3193
3318
7331
5067
5481
8111
71
5176
9106
4222
6695
5190
3289
6752
7320
9266
4742
6350
1532
9871
2393
3211
3546
7384
7453
3128
8584
9892
2992
6715
3680
1873
8715
3104
7869
8480
9868
1910
6191
2325
5568
3209
358
431
1266
3582
4385
2111
5298
6101
8995
2998
2979
1512
1429
3132
8394
1551
831
6729
921
6676
7201
2773
4776
3009
56
4245
7494
2102
2169
3118
9278
9495
4503
206
6326
4148
8486
7953
2600
3393
259
4785
6440
2399
8972
848
264
7589
7543
5135
9479
1125
3570
3765
5764
1224
4832
8773
1865
8714
6067
6478
9831
8363
4208
6142
3331
9289
8623
59
5892
6572
6746
565
7985
2233
3624
3152
3769
6029
1683
9805
9503
4600
861
2936
3989
600
5249
9226
9405
9237
2817
2517
9625
3946
2848
9311
4850
9601
4674
2308
848
9056
2781
9616
6729
602
8680
6724
3932
1410
8362
5455
8503
840
4726
4740
4597
6801
5410
369
4437
1410
7540
4005
946
2122
6506
5887
818
1485
9596
6444
8253
6334
2848
7217
7905
1971
4040
7761
3253
3121
6845
9458
3204
3367
7071
506
9422
869
1258
6861
1647
3193
4791
5114
4022
6791
7388
3380
6433
2305
4798
6811
1492
9692
6496
5481
9054
7150
7333
9484
4878
3672
3970
7051
2042
813
5002
8221
8659
4991
2792
4390
7403
2787
8189
4105
7922
4511
7487
9732
5336
788
8996
3420
786
2841
2205
4677
6920
7243
6254
929
9041
3560
1560
9422
7761
620
4086
2449
5843
3029
1562
3554
7758
4710
346
5028
9170
4596
4437
6936
1824
5589
9374
6753
8045
2550
4799
7722
3888
722
2619
8824
1755
6069
3387
8803
156
1940
3097
565
6722
1935
3470
5537
4134
3714
8694
1940
3605
6429
4601
5612
2546
7601
3075
1296
100
398
6333
3139
9040
4797
3136
1008
7938
3834
7993
3870
5921
4034
2139
6867
4421
1386
717
3102
9260
5163
3566
2561
7956
3217
3773
3912
1748
421
5628
8814
3916
8500
3363
7060
6230
7252
2014
5525
1792
9263
728
3331
1982
590
2280
2706
326
2441
8893
9814
6315
3370
589
569
2869
4724
1427
5010
2020
1736
4609
7724
7005
4782
4726
1148
7097
7545
3145
723
6510
6245
8866
2458
2544
7332
737
2320
9363
1445
8784
9651
7408
2997
7058
7167
8799
2437
6669
8489
3812
5106
2877
1357
6969
4130
3696
8809
5026
554
7833
5001
9948
3110
2839
3950
1449
6600
7942
2114
6573
9699
5692
6499
5480
652
7164
5786
5346
9199
2656
7862
5061
933
8995
6903
4622
3070
6982
8411
5057
4753
7384
4307
6078
6292
9485
3910
170
9102
7902
8804
7564
505
761
7678
9245
3212
7608
4952
646
8262
9800
8116
1433
9150
235
6509
9655
9524
8258
9806
4013
8197
1781
1076
2962
6335
9623
9993
9237
5475
5825
8326
2555
6415
2055
3807
6092
1771
3935
5586
5027
8733
3470
5204
478
726
9092
6746
1178
6430
1141
8262
5963
290
1503
8352
8139
8994
2046
7562
6858
4263
5605
6118
7954
6475
8031
8678
9726
2667
8489
8333
9940
8225
9210
9116
4361
233
1886
3726
7594
6897
8142
8600
9296
4558
1806
1490
4935
77
5344
5635
411
927
388
3360
1225
2539
350
2330
1906
490
4227
7009
1855
5652
3242
8726
1343
4424
5506
6136
8749
5689
3062
9891
6310
8283
3891
8063
1013
6445
637
6459
1350
5899
7405
2035
2036
2236
1720
5770
3401
8426
4175
8542
9792
9073
5466
4780
4383
1942
1101
6947
84
4714
6268
1210
115
6707
4678
1408
2323
5111
7101
8295
9408
7902
3942
7777
3011
2272
2401
294
2885
5177
8034
4522
5233
8482
9242
7372
3575
3927
4903
7395
3026
4763
1295
4241
5634
8836
7947
4899
9433
2507
977
3342
7683
9119
4637
8488
6634
1393
5838
3781
6050
1413
508
6377
653
9810
954
1294
5236
22
7609
8151
9111
7618
3831
9263
7023
6412
1565
8790
9534
4558
9066
1157
5493
6155
4945
9789
5192
6689
5481
8638
5874
9480
7784
6796
8570
7068
6621
2277
9162
1481
3062
5425
403
44
3902
4997
4312
406
2305
8759
1610
5271
9368
6372
4796
2066
9807
6163
2554
4828
6572
8165
5130
1285
9994
3635
1118
4863
8699
1988
560
1155
9685
9506
2828
2473
6974
3539
3178
2116
1447
5905
7545
5565
471
2156
583
5067
954
8787
2838
841
5004
2228
9599
5754
6727
3086
240
236
5982
5830
3668
3701
5626
438
7664
5457
5024
3478
5997
885
8548
3203
7407
5833
5210
9347
1099
2682
5063
8298
5757
2231
5976
5766
6361
612
4280
4882
5417
1130
2374
6395
4656
1861
3717
9645
7558
1595
8257
3377
3216
5196
4269
7307
25
2551
2958
4830
1362
4477
4565
5904
5688
9320
5742
3687
9509
9768
437
8487
2898
1512
2199
8628
4514
8941
3970
1465
6873
6212
6923
4028
1203
2791
9983
4491
1163
9285
5965
2052
9867
7835
8300
4560
3521
5444
3481
4465
7324
2858
8421
320
5604
522
8626
7651
1251
2981
7282
6327
6793
6684
169
9357
5866
4819
5983
4632
5476
8377
6050
6800
782
2255
5402
7455
2374
7690
3011
3648
3027
5405
966
532
6999
8495
1834
172
1992
3908
1842
2431
2441
162
4428
9929
7277
2479
3329
4420
958
3871
5900
4130
7647
581
4335
9170
6324
814
2469
4627
7440
4437
9153
2834
6940
8843
7456
2271
4019
1899
3164
1163
2033
2284
4372
6878
3497
3122
1257
6662
5745
8646
7356
5944
5155
9562
3266
4328
3219
8972
7117
283
5018
4488
4206
4941
3700
5354
2510
9084
5546
1771
1990
9330
2169
8363
8349
2337
3746
9513
1487
9467
6678
2042
6500
9943
3176
1797
5443
4683
2890
5798
7728
6909
6697
186
2468
3581
9108
7203
7308
8503
8839
6873
1281
9609
2844
111
3431
3316
4449
2209
5348
900
7882
2040
247
4981
6742
258
8275
3140
6499
1973
8374
9820
8550
8853
2418
8607
3685
9374
2365
4831
4361
697
5060
4891
4443
811
2899
572
3864
37
8420
6959
6109
8020
792
6639
2614
6222
246
2003
4067
1551
4693
7344
8043
6308
2041
1093
8466
6123
1853
692
8332
9609
4326
4753
7768
5344
9176
3042
1745
7241
3573
323
2590
7521
1832
8028
1683
9614
2827
9546
517
1692
1497
3794
2534
1105
9154
2588
3581
4332
7379
5921
5551
4719
5744
1360
283
7099
9034
2969
1105
9983
6069
1304
1732
4769
8682
7303
6211
959
8172
6815
6437
6226
9248
5838
6042
1847
7569
3234
1810
9454
552
8692
3673
1834
5610
476
2357
4873
979
502
1535
701
9284
7644
6405
9975
2887
3237
6132
8258
6285
697
651
831
7841
6190
4036
9308
5611
1900
42
4288
1220
5230
7283
9581
8722
3986
8653
8214
8505
7299
5200
5265
880
449
3241
4193
3010
5439
8030
1411
9239
5310
2897
2056
2020
1193
2428
5030
5311
2110
2718
3905
8626
235
7454
8277
5074
7173
5617
2965
5421
5830
6015
1532
9968
9065
3816
9153
7596
783
9371
2769
8119
2757
7485
7307
2296
8457
4095
7993
3211
1416
6385
2793
418
7475
1087
6968
495
1582
5395
9259
4089
1215
3658
8133
9607
7852
6827
3667
2039
3789
9578
8963
2173
3791
4564
8546
2430
2190
7455
7469
2323
2163
3213
9632
2765
3400
2429
3564
1289
3600
706
8607
9110
4350
6110
2328
2095
1750
2378
9177
8028
239
660
4872
5671
8338
5326
7041
8270
9152
1953
2383
4859
3347
1137
353
4352
4400
6371
4409
8381
5794
7678
4664
7888
4814
1144
3509
7957
7813
4298
3565
137
3122
4938
9750
5333
3383
9166
9758
2520
8125
1892
265
586
9498
4001
7452
3206
3605
1712
3565
145
8217
5989
6887
2891
7274
2542
8758
6459
471
3584
5785
1374
3697
6812
1066
2852
4043
7695
1453
2111
6501
3339
8342
1693
22
5137
9831
7621
1869
8992
9067
9608
6374
8673
5115
7578
6588
8911
5619
1513
8686
3290
7134
3042
3212
4533
1944
8378
9919
9465
7012
4147
5690
521
6847
3518
3771
1755
9110
5657
1598
3341
7998
649
6579
8522
800
2632
9203
6328
7209
4208
4800
2426
3447
2243
6208
6509
1191
7311
9878
2016
2738
7033
3015
8968
9955
9705
8990
6117
699
5001
4929
2912
7934
6967
9004
1626
6823
2849
8927
9695
5929
202
9647
6085
8998
435
7330
6790
9360
2941
2510
3243
7611
5705
9109
4631
9561
9461
7650
5122
717
9843
1682
5691
6038
4731
2745
2180
4065
4728
4842
8269
1238
8405
2983
5565
4979
319
8004
3097
348
4228
2480
6897
8048
5406
4900
369
131
2274
2698
5323
4647
4810
7052
9238
8085
2719
3896
5466
7450
4735
3272
5445
9903
3693
8448
6598
2227
4322
9325
2173
2037
9073
4336
2728
24
8782
8565
7538
5090
8903
1225
9436
9166
9187
1924
7940
9217
4638
6532
4161
7842
7260
368
2058
6888
614
9344
2590
4198
4187
4094
219
5415
9240
2051
5414
9241
2016
6998
9937
7019
3264
5032
3153
6171
7669
5995
2898
445
6884
3625
6293
963
9711
2589
1537
7374
9534
8580
5189
6236
1420
8170
9990
8604
9012
4023
3954
8004
3111
7514
8638
3462
230
9544
9610
7575
3512
5108
40
4005
5136
3864
5364
2715
7069
1376
2637
6220
1531
9758
4016
2189
4622
3179
386
4225
6730
9602
7051
1742
6882
513
8403
6817
6112
3284
7420
5850
8436
5920
8766
9806
3696
6856
9625
2704
6803
4216
6878
1760
3631
763
7515
3128
1201
3762
8505
8499
8541
6001
8783
7489
6694
5512
4853
3328
9436
6682
6253
477
9364
4198
7149
4394
221
9764
8195
9479
4865
7309
406
8337
9280
2279
2489
4122
3151
827
3793
3821
2795
4486
6316
1584
9424
6310
8084
7597
9896
9120
2057
2020
7040
5765
8873
4715
8138
1768
6189
3120
6893
5321
3468
3076
8100
3742
7260
5342
756
9161
5961
7562
3945
790
2060
1872
6307
1130
7410
4908
3295
8273
3109
1988
2419
8597
1330
1810
68
8707
1191
5975
9669
3444
525
9081
6718
6398
1672
7817
5704
1942
56
5427
6171
1183
9448
9010
841
3643
1848
8945
5938
5907
764
4574
8169
6109
5478
2407
9773
7558
3609
995
8350
6469
884
951
6199
3596
1013
7827
5280
1776
4611
806
2460
9199
4585
8985
4107
9913
8540
8686
1839
7385
425
7373
2024
7393
912
7112
6454
2279
4330
7952
4795
5583
8840
8486
4202
2010
8827
260
6661
2047
9202
8759
8693
1340
4248
2843
4808
3605
4166
8006
3528
4034
2902
4642
5497
9696
7603
3841
1322
9083
7652
1578
2132
981
8308
5090
8702
4867
1281
4927
6764
7754
1892
5291
4576
4560
1555
8559
7875
5348
9183
8050
9072
5823
2431
3726
438
5076
7005
1936
9701
8946
1454
6871
6515
7093
5646
5039
802
8201
8830
9564
5701
2795
1594
2424
1590
7504
7121
4676
4006
3070
3733
2182
2975
9849
1895
5916
7918
6791
8230
506
8111
8902
3993
3832
7257
2168
1335
9140
9921
6141
7879
3858
1743
5327
9734
5183
3189
3431
6938
5401
2890
4909
6387
2011
662
9033
8656
1380
8223
5399
9843
78
2256
2420
6586
4226
8870
6813
4207
7644
8241
1044
8483
9013
7449
4178
9404
3404
9392
60
8907
1199
248
5833
6219
6702
5579
8684
6591
8970
315
7324
1002
9391
2470
792
133
378
9685
7608
6794
2894
5762
7498
7048
2332
8248
7879
679
7883
5462
2684
4558
310
3536
6607
9874
3867
6260
7433
9954
9201
121
3415
5484
1660
1189
7809
8789
511
9269
2344
6927
6271
1846
4265
946
5292
9995
7435
2023
8266
3409
9902
5378
3646
4421
7391
4451
2278
3942
829
2493
930
1199
6407
6591
8477
8961
6429
9306
7935
374
2559
6588
9329
826
9450
5578
3434
7791
4002
2158
8167
5746
7106
3561
9001
3476
2968
334
9632
5892
2507
6428
9101
982
5595
337
5430
1438
2334
5608
6012
1152
8025
6066
8558
3589
7927
356
4894
5343
7193
6728
8262
2048
4815
4130
8784
4510
650
5186
3654
1051
2460
7755
4716
2409
7056
4177
8936
7168
2034
4242
3033
1706
7082
9978
5979
7981
6701
9828
9535
7570
421
833
4379
6087
7159
3928
5432
6588
4363
2372
7276
9479
9026
2674
4737
3558
8964
715
9876
7679
4264
8964
4106
3948
7872
4216
8436
875
3427
8651
9830
3276
2489
7206
6758
5436
5963
3346
8899
506
4830
8085
7956
519
9536
9298
5862
780
8898
1302
6489
4303
1101
9569
7000
6285
3902
168
5996
3167
6837
5359
1719
4972
844
6082
5061
1746
9560
9133
1310
6564
1575
1886
8532
1919
1237
5826
9311
6538
2388
736
7542
3463
3856
5218
9007
608
3155
173
1867
1653
2554
8590
4299
6387
8422
8592
1861
134
2885
6547
9932
3758
5748
2714
1515
2539
472
7373
4375
6391
9558
5486
1595
4087
778
7683
6587
6174
5689
3287
6851
9800
694
9300
6990
2912
9820
1014
2720
6149
3845
2416
3626
4768
8418
1901
5084
9362
6929
5936
706
2960
1983
1586
6936
1080
754
7714
6926
3695
4564
5286
9227
8726
2781
8607
4246
5918
7455
6091
9208
4452
7114
4369
4423
4636
4711
3734
717
6642
7863
9051
7808
336
7128
7286
9071
4467
6442
4689
4956
9706
6733
6689
4412
6494
5694
6298
6100
1760
1825
880
5402
939
25
4608
1374
5304
5863
1278
5208
7508
5733
2456
3600
8480
2745
2050
6276
6970
933
6939
5975
6436
5511
4365
7827
6477
835
4946
3433
6842
3782
6644
2460
5576
5379
149
7223
7090
6222
3671
528
1859
1023
4325
7739
4932
924
3006
1424
9519
5133
2435
6688
2715
7844
6474
2610
3608
4518
4911
713
1778
1091
9059
7934
241
2328
8348
3472
9162
6230
5389
5477
8970
2943
2500
4591
9117
48
1945
2570
9246
3245
4590
4303
3776
2573
8192
8593
8131
5152
7016
8860
8296
9960
5971
4321
1122
5294
7245
3809
6654
4525
6197
1233
9794
3214
2202
103
303
8431
5113
802
9049
6922
4344
3739
4057
1426
5283
4665
638
644
9798
6472
877
8187
514
5030
6913
1105
7887
7533
5878
5687
4619
1715
6808
4304
9100
4081
181
566
4151
1267
61
2667
2006
4616
6018
6936
6271
9415
8885
9120
4247
1171
320
8032
5752
1441
3590
2225
6705
9682
3522
7505
5951
3213
284
6726
5194
1292
1079
3128
7848
5276
4419
298
3627
3059
7915
1791
9697
2424
3814
3207
5204
5259
6081
7726
3446
2683
5632
5782
5696
9886
6323
5758
7001
3952
5632
3093
1905
6114
5092
3111
7096
9697
5101
1259
4509
3218
4964
1975
5120
3404
6989
14
3196
5800
8698
9416
585
7114
7725
8665
3255
9437
8314
8632
268
8475
4108
564
2377
838
5870
5437
2836
419
2185
6562
1086
2366
6352
8435
5976
973
8566
6380
3068
6199
890
3578
5039
2184
7118
9825
3056
1679
7449
7497
2863
8626
5054
4276
7529
6098
4429
9856
264
8330
5041
8372
4579
3256
9395
2999
5895
9693
5943
8485
8165
681
7783
3984
3499
6741
894
5617
7174
8636
9722
7027
7552
1908
3373
6652
6920
3584
5576
3773
2593
7624
4323
8657
9634
7609
1566
8859
6994
5691
5022
8669
4620
1229
6257
2794
1649
4047
4597
652
9720
3986
5061
8643
9729
7560
5282
2830
8977
8623
6523
4376
5618
4684
4972
859
5432
1831
9349
379
972
1963
2017
3881
6421
9411
1732
4670
1254
5365
9714
6588
8009
6923
6039
9270
1266
5569
1196
947
7421
3410
1937
4354
6692
8312
5649
5325
5598
7081
9790
2746
9135
6739
8294
6379
2032
7314
5839
2034
661
2567
1147
8010
4823
7141
458
6028
3378
3532
2318
9107
2283
8447
8229
7639
5895
1055
3343
7639
8097
3481
9662
6196
5563
7947
3162
398
2388
7079
8540
6619
8984
9305
6934
3877
8301
5962
9518
3414
7376
2572
8858
851
6522
2704
7558
498
1833
1857
8878
1820
6573
7130
6119
3897
6732
4440
7733
6248
328
5619
1589
6167
7939
3768
8376
8700
3634
8177
161
4958
5198
7490
4484
7674
5919
6989
2007
1334
7068
7158
1501
2132
3154
5595
5325
8989
9902
6079
4878
9976
7081
12
6777
6555
4807
5748
441
2575
1846
2732
1943
3171
2141
8162
7903
1010
4867
1708
2604
8509
3528
3954
3271
3141
8486
1943
6943
6799
8610
8499
5384
1082
6318
3942
8403
218
3131
8283
8970
4924
5411
2505
1269
6921
3388
3070
8623
1091
4232
8022
6130
3921
4085
6796
3870
9435
1110
2178
898
1916
2509
8618
9123
1868
1143
773
8966
1154
5588
6442
3676
3470
4865
2502
4603
5072
3252
4272
1997
1277
6292
4713
3201
9619
4838
5298
5889
8326
6026
1923
8875
7361
9253
1855
3872
2819
4113
9703
388
3155
4602
9556
7820
3015
227
4820
9881
3692
7325
2805
6117
4535
9554
3150
6433
8135
3037
7646
3482
7180
4443
5753
6744
618
7670
4052
7419
6059
4310
6467
6240
4123
8613
5164
9050
4663
5836
264
3309
4394
198
2075
9145
7025
8414
237
9148
3904
1918
6367
3004
5970
6678
7870
4688
3861
2695
4982
1188
1574
1383
6181
2518
4708
3491
8570
2918
3763
9302
2749
2610
8301
5022
624
1292
44
6992
1928
8806
234
2664
820
9152
6093
4751
1034
5224
8931
1858
9614
320
2729
9811
665
7193
1677
2038
3957
8665
8430
4522
7950
5232
1022
1132
458
9360
8846
1260
7486
6937
2979
2707
9557
8351
4580
8708
2879
2210
7136
6020
1343
4166
5127
4880
6969
4597
317
7496
2227
5215
5686
8289
1849
3837
8483
9939
8740
8291
188
9753
9703
8461
2235
4405
7699
1084
2533
411
3224
4411
8001
8192
860
4028
3866
5782
9412
5304
467
1066
6026
6611
1161
1332
5849
4865
8457
7836
8592
5761
1568
5741
2904
2301
2131
3888
3625
1791
7214
9315
6671
6487
1387
5404
7339
4944
867
7352
5375
1057
4912
3741
1739
3006
6464
381
1001
8133
9984
9940
2515
3646
2251
2925
276
2479
6668
7994
8436
3910
4697
2526
2390
8960
2246
7895
2041
6714
4490
8271
8185
5559
3249
4536
1000
7379
8780
8564
8586
6110
3282
996
7741
9632
7009
5605
3543
5892
2142
4392
2643
9377
595
8957
5064
2368
6904
1472
5623
2841
7159
6737
2998
2775
8280
7970
4977
5957
32
7048
3494
3920
7151
1808
8025
5608
1831
3193
286
3624
5569
7612
2677
2819
2388
4745
2004
6054
8837
3708
9429
4257
5354
3082
1408
7784
1289
4218
3016
3718
7532
1131
8029
9491
8111
1860
5291
9397
4830
57
3837
518
7348
4754
1099
6688
6376
8001
3328
7253
4341
5014
5933
5323
1128
7971
3479
774
6220
7874
533
9578
3714
6011
370
8842
6487
8042
9290
1671
2329
4755
3588
5600
573
2371
290
3958
921
9017
7426
6687
1388
4241
3214
5126
5121
9933
9457
9195
2682
6155
9506
6691
9413
1089
5664
9472
7594
4104
146
3600
4925
3977
598
7352
9812
5555
1447
1664
6538
8028
4682
9532
2087
7379
9129
1685
2967
8075
5581
9868
9794
3157
3324
836
6395
6909
288
2298
4882
9519
17
9425
4012
5543
2764
9672
7723
105
9603
7166
2256
3699
3986
1014
2550
862
6819
7125
4867
7120
9537
9200
3293
3683
3154
4102
2493
5635
2698
8357
6520
8311
7319
2917
5514
6085
528
6390
9867
6183
5507
9363
1549
5884
3028
5280
982
2789
5773
9390
3304
290
2736
9616
33
4654
6023
927
1082
5460
6888
4156
3589
544
7965
4773
780
5593
3954
3105
312
6696
4912
3584
8647
7380
2987
760
4943
3286
9257
5742
4209
5435
6539
9385
3442
9533
3837
4164
2561
3958
5313
4548
2056
1661
99
6434
9464
6955
8474
383
4767
1632
5299
3744
4015
9180
9755
9604
9772
8668
7482
4367
7423
7369
209
5384
9998
619
2882
4864
5649
588
8475
4805
5019
5038
213
25
1965
5317
5893
5330
9557
6037
4031
6575
7171
8498
9569
6102
6327
1921
7122
5539
2001
7189
540
6934
266
4567
8207
9721
4411
1855
1509
6037
3558
30
5260
245
3702
5741
7960
4820
9327
7114
6075
7201
9096
8920
8060
3660
8838
610
4009
1072
7876
3051
1726
7048
9702
9182
5622
7477
5025
3466
7144
2958
609
4800
3262
1279
5652
4129
2632
4433
1807
5942
2292
3474
943
7421
8434
2168
5630
3366
4300
1329
7317
4654
384
4793
9882
9616
5792
8578
9199
8921
2354
6731
6146
8914
1904
3478
6986
5011
8113
4263
3879
6737
3426
8172
7938
822
7199
3932
6145
9346
8690
7490
9995
3767
3938
9765
3326
1423
2585
2516
8227
6267
7149
7339
1595
2759
8673
2503
2668
7334
4863
2184
3415
1294
9116
2056
1529
5491
2919
2079
5726
3701
982
2527
2369
9094
6465
2347
3929
137
385
3290
2555
628
4819
5444
7879
7773
9879
5634
6661
7244
552
1778
52
8312
6404
6012
8814
4994
7438
6108
7618
2528
1238
5019
4398
1761
7980
8401
3049
8943
7687
6016
7034
5472
2573
2007
6285
7871
848
2233
1825
9058
3716
9481
774
8977
9721
6636
3094
76
8998
9771
360
1689
3671
9643
4502
2796
1814
2060
5130
4681
901
8556
5383
8071
2055
2359
131
2340
2346
2228
4442
9510
6150
2766
124
7382
8401
349
8901
7734
9033
2157
9158
5118
9607
1915
9683
3176
4545
1824
8135
8840
8474
7746
6185
2536
622
6790
9428
9028
7765
1260
4970
4520
2194
1199
1326
7378
7078
9083
2984
2129
1824
1909
3796
3798
293
1883
8809
6673
6970
461
5607
7417
3988
8851
7180
153
5277
7291
7057
426
8423
8212
3907
2998
4228
2695
40
5610
9674
9310
2405
7951
340
9448
9830
5831
2494
4815
3583
2477
5173
234
9524
2199
3364
1544
8424
6161
8608
9317
3822
4630
696
5318
5885
5934
5838
6754
8032
8457
2114
6454
2717
208
3171
2681
58
5361
7810
8847
4900
8174
8456
123
9359
4133
555
6860
9023
2152
7302
8804
4851
1445
5937
8081
8836
9116
6195
4306
9553
7297
727
1781
9564
1607
8062
5361
3014
6798
845
726
6933
9893
1717
5710
343
5998
8106
3003
1332
7001
6588
9347
974
6434
2218
2385
2316
4169
7300
2245
8199
7722
7957
7538
883
5295
6403
1859
1016
8973
3914
6502
8975
8040
8892
20
7363
2868
5587
2005
9191
2301
7759
4742
3116
3489
2266
6940
8018
7620
9386
5868
2185
7993
9646
3338
2931
1092
912
1178
9117
4471
6529
5799
5751
4567
9518
1910
9953
4846
2553
7196
3206
8919
7844
1740
6812
5118
1042
8280
7914
7437
7284
3031
3727
4190
3963
7864
8050
8252
891
6483
1560
8763
4447
7223
1800
6424
9413
829
3862
1857
9309
69
594
7239
4991
782
3258
8046
8710
5237
8426
7565
9411
5003
7308
3012
3406
9755
6717
4549
6579
2816
7574
3262
7386
2805
6382
7795
6398
7182
7023
6748
9187
7826
763
8783
2081
5738
1748
5379
523
1216
8566
6459
3391
9820
8690
5912
2266
5677
8331
8376
1975
9155
9943
6470
4477
3572
4555
2510
7236
221
8488
4648
6322
6123
4602
328
1628
321
9789
523
1107
7060
9650
1206
756
7994
4423
1787
7761
5091
8363
8922
9632
5923
6599
1413
114
7354
8864
1153
8926
8073
7213
5863
5392
5109
7468
790
9055
4387
3879
9585
8805
7177
6197
8664
5657
6855
9488
3563
1137
1367
9367
2552
1661
9503
9020
159
5681
8375
5478
6880
5519
7057
8180
1160
7049
917
2424
8778
1984
339
915
6518
4017
7709
1760
5797
8256
1895
7696
2514
4181
6871
3840
747
1133
89
6765
6835
6646
2750
8016
5873
9131
9264
8774
2984
7510
1223
1279
5407
3157
9403
1650
1208
6023
7986
1705
4880
7848
1856
9158
9182
3640
3413
8206
2808
6965
8522
5012
1080
7707
7883
6295
6865
5633
6906
3317
239
7378
9450
8919
3784
2079
344
4163
657
2058
9893
6529
7372
8353
3163
1561
4920
4925
9996
6440
7623
8428
5567
9845
2593
7539
6518
5428
1151
8401
6710
4195
7496
1112
3193
7926
5905
5667
7040
9207
6498
8681
6079
1234
8132
769
6034
7936
7119
8154
9450
1690
1278
1798
8071
8531
1542
4596
8339
9200
2921
8626
976
1719
278
9740
8181
3112
6814
6857
3270
1862
4966
3722
2872
1690
3474
6096
7354
705
6961
1437
4334
9389
7570
7698
1894
3213
9845
8070
268
5176
4068
1882
9753
5571
2813
4448
4354
5211
5875
985
5815
2882
7588
4281
8310
6601
1364
7608
7388
9048
609
7725
9271
312
5211
7349
9295
5128
4941
3961
2343
5459
8063
7991
5259
6112
4653
4583
9139
235
7869
7343
940
54
7068
9726
7420
5663
6850
3551
6076
6484
7566
2551
9333
4602
8761
8865
6317
4586
2981
1934
9809
5689
2166
5161
5872
6498
4814
4541
6207
2055
6897
7550
691
252
1109
2132
1903
4646
972
3630
8014
3575
4080
803
2990
7624
529
8887
6540
4349
8160
4987
3491
2902
9981
3500
483
3895
8222
3497
4807
1819
2993
3357
3415
125
1420
9564
72
7920
4463
6547
4094
338
9419
7974
8647
9432
568
9145
5583
4918
934
2247
4359
1782
6295
6861
2067
5141
1991
3265
629
751
98
1729
9455
1485
69
540
9740
4483
5211
7487
4293
1728
1876
6034
7665
2067
4007
6299
3629
6816
1464
5775
7941
6682
8622
968
6800
7227
1570
5416
9801
5828
9134
9680
9410
6750
5686
47
8488
315
5400
8540
8411
9104
9185
7208
5938
8018
4395
6987
7305
9643
1858
4982
5239
44
8199
1889
6358
9740
7672
2296
1036
8271
2743
158
27
8930
6743
8534
7761
5077
2843
4068
7533
4021
107
5753
5936
7692
7034
1685
9720
9325
6274
610
8401
2412
9039
4952
9798
608
5793
9721
3622
3405
8663
5274
6605
3978
4955
6349
193
8327
6868
5353
9742
7757
5442
5872
4497
5792
7583
821
8334
3917
7607
7384
2160
1070
7725
703
8969
2570
340
1466
7589
6279
4099
2520
4585
122
6296
3162
3652
510
8439
389
9447
8130
6528
2420
918
4997
7215
324
9824
7296
5405
3474
1996
2450
9304
5159
2454
302
9133
7136
8164
4596
1023
9916
2044
6878
3440
8084
2636
7823
787
3219
7553
9261
9632
6219
8302
617
2809
9882
6587
7974
6530
3227
1877
9842
7004
7256
1019
6256
5080
989
1035
2445
133
3059
486
8843
929
9251
9968
6570
1582
3095
941
6029
8738
7090
1184
5547
1892
9086
9349
6236
2063
6260
520
8987
1659
3480
4134
726
3792
9110
2391
3574
1611
4893
9768
7407
2342
398
6249
4108
6668
4503
72
7656
8247
8426
9638
9828
3294
7502
8376
4807
4575
3104
1080
4353
5590
9415
3883
2092
9120
9094
9337
4913
7276
4627
2766
779
1308
4582
5185
8698
7429
2498
4208
4570
5092
1413
462
6967
4765
1535
2894
8745
3420
6564
6183
8755
5104
7151
7547
3210
5811
5262
7004
203
5707
6211
4143
5322
5828
8982
5275
8601
6113
9288
416
3235
6934
4810
673
3606
5331
5061
1041
5406
471
6957
9384
2575
4691
2173
8135
1248
888
3992
2182
9343
6519
5524
46
4620
6787
62
947
9292
7039
3080
3230
7411
5784
5237
4268
4855
4385
7503
3685
2756
3863
2621
7327
8645
4830
4097
3520
4608
9013
8597
2578
8899
1429
1395
2946
3707
1080
7395
1942
885
2241
6791
4186
8540
6880
1170
8241
8538
5462
3911
1414
8606
7399
5107
8073
6178
5992
1903
8656
7896
1186
3152
7958
4393
5958
2057
724
5986
3314
4413
3997
4936
2599
4006
6762
9749
9512
3698
7598
3937
6500
8272
5884
7800
9020
753
910
5931
9598
9790
5606
6351
7834
3868
7363
7344
9886
6369
4506
1464
5409
6057
3809
2197
1690
1300
1943
6534
3855
1083
2748
976
4447
3429
2490
6614
4723
4149
9884
4976
1122
9695
6381
4509
1725
5407
4852
7815
2146
2337
9456
6014
6354
1515
4219
4625
905
1140
2024
6114
575
1979
8765
6346
1726
3670
6591
5834
783
2204
4915
8793
1481
5987
8918
2486
4617
1963
5100
1766
5078
5481
7126
7646
4036
1296
4015
4523
4152
6629
8420
821
2643
3004
4545
9710
6188
3355
5003
4748
898
3647
5847
1860
3188
7603
7663
6791
6912
3892
378
8371
1349
5700
5864
591
528
4194
3926
2374
2222
9600
2487
4160
6686
997
1864
648
7962
42
8489
729
4632
1833
9956
5498
6535
4657
5370
1887
9467
8656
3340
9311
3219
3024
3008
13
9561
7255
8949
1152
792
2916
9652
6357
684
9103
8859
1818
2746
9528
5363
6045
7210
2509
5823
7798
1291
4670
219
6430
178
9049
6075
6728
6787
845
1741
3054
8217
1230
2550
3900
2587
804
1367
2397
7851
8316
1440
3654
8449
6245
8574
9400
4992
1846
1891
7115
9537
2155
3391
1125
9041
6520
988
3907
9577
6472
7684
4022
3560
5269
106
6547
9372
7681
7572
6433
4629
8288
5587
8868
7219
3221
6725
3932
4880
1129
4753
6993
2182
9124
5210
5020
4949
1451
8063
9190
2076
6495
4333
9433
6337
2840
9391
3688
8840
4675
457
2636
7743
6234
3563
5815
1396
3330
1789
7510
7967
5609
2153
784
1660
4502
6758
7831
4693
8234
1026
5735
4190
924
8951
8065
9535
4653
8647
6074
9325
4827
1989
889
5710
9780
3366
9554
7388
9449
4633
4220
5951
8238
548
1058
1443
1071
4471
382
3589
3238
977
4862
5434
9070
3112
209
3690
8927
9217
2059
1612
1167
2121
318
2704
730
6906
7008
5655
550
8583
421
4140
3634
9676
1530
2881
3532
3416
8340
2013
1312
7533
7607
751
6510
6275
5963
3240
995
2076
912
2039
4285
4794
1629
4676
399
7905
8448
6658
8433
2464
5059
3129
1635
2316
4807
8162
7109
5166
5392
3446
8200
4863
2579
4653
4514
8971
2211
4683
8091
3047
2253
3065
9975
4658
6986
4266
72
5029
5513
1173
4420
839
6345
8949
409
3545
1556
8307
9588
2817
6541
4829
8391
4325
9678
3931
5823
2776
513
4145
4569
35
3749
3970
5491
8872
3485
1458
7561
9637
8470
8424
9233
7290
7331
3438
6620
5614
8568
5376
8716
4818
1148
4613
6877
84
331
4173
6940
9006
996
7445
898
4567
4359
930
8943
3944
9992
6844
7182
4679
8410
1916
837
7555
7024
4886
6553
9412
7017
8561
6579
2659
286
406
97
825
3168
2365
429
7416
4820
736
1641
5989
8397
5395
1326
9492
9817
7142
8927
6224
5344
4861
6148
398
2981
402
3033
1825
8882
1747
9165
2863
655
9615
8393
7643
5311
4849
1338
3210
7718
848
2675
4585
6471
4685
3393
5286
5655
2204
7805
4155
1463
7118
6953
8613
5423
613
8298
4520
1678
3103
6267
4760
874
7599
6577
7626
9246
9848
8725
7200
704
838
9666
3994
3978
1633
5127
645
9905
7404
5206
287
1095
2706
2477
2654
1394
8623
5073
3221
1189
7287
748
2384
7702
5059
4093
2040
539
8999
3135
3120
6491
225
4084
1995
7077
3889
3166
1982
2843
1803
5532
7200
2706
3632
1231
1630
6860
7402
1546
4112
8842
551
6954
2135
7265
1118
3776
3322
7935
9193
5113
1648
5494
465
9096
6282
515
242
7487
8666
9742
1481
7588
9016
8788
4827
6565
6398
3844
5578
3285
3661
5447
7743
4733
2341
5745
7877
4280
616
9412
4475
5168
7700
791
5296
3266
9124
3241
8688
304
1285
6138
8498
8203
5364
5211
7451
4322
7965
910
233
1553
883
5349
59
1014
8740
4557
7950
2625
2234
4092
3979
1218
9225
4163
8179
6156
8848
3561
6614
5642
8996
442
3688
2437
131
4184
309
8599
6588
6839
1315
1992
6782
6419
5337
295
9469
9523
4743
851
275
7109
4181
5943
8933
6932
2691
7417
133
6722
9740
5579
3562
3407
8134
1302
4559
5271
302
1970
5028
9062
4651
247
3083
8003
3960
5325
3998
7263
4153
1731
2464
9878
4764
8755
3255
6747
7007
4665
7944
8778
9637
6825
5410
1617
5948
8918
8838
1776
5158
8849
3568
8674
395
7467
5025
2987
3655
6812
9914
8180
6113
3192
6711
3714
6371
8923
115
840
8575
2581
656
4672
5199
7298
877
7715
8866
7624
8007
9946
8191
984
3966
823
1719
6970
3861
7966
3699
6764
1326
1973
5558
5848
6384
3404
8487
6112
7079
5678
5892
7034
5339
5821
7669
8431
2967
4945
2072
8068
4590
2815
4981
9016
3360
533
5209
1591
1153
4810
9991
5989
7496
5912
9738
2554
5695
1295
4743
9988
3100
6187
8427
4092
7826
3672
7195
1672
2826
1307
4678
828
3916
4137
1263
2382
155
7433
6406
3773
85
7824
7432
3369
9125
955
543
1072
9066
774
4504
816
1857
5104
5007
7826
213
6979
3975
9575
3611
3178
2883
4216
7694
4482
9751
8020
6120
3608
5498
9742
7442
1308
2456
6979
1723
7042
2030
7657
7786
9127
4055
9974
4523
1912
5774
4284
8820
5400
426
7414
108
5984
4792
190
1927
6519
1263
7240
5774
6969
3626
1209
5991
6160
7212
3929
824
5169
3316
4239
1899
9123
1800
5404
5312
3936
6613
32
8880
3395
108
3485
7715
3920
1677
3398
5817
8470
595
928
6171
5682
3284
4322
4224
999
7787
1155
835
9374
1939
7335
4787
3632
7846
5414
8608
1763
4400
5986
1419
7976
3083
3426
8439
8468
8031
2391
5623
2307
9445
7729
7192
361
9271
10000
2421
1251
2455
2994
6592
9854
3451
8727
2515
9022
750
2323
3683
6246
5597
535
2465
8048
7692
8943
944
1096
8770
9667
2548
6547
1807
9248
5553
3419
8453
1290
3978
3279
8539
2511
3468
3876
4925
7337
6177
1841
3485
1192
3159
3407
2410
478
8999
1394
1604
1673
799
873
4941
640
8937
2690
1869
6388
4334
6902
1211
57
2536
7568
6470
7290
6013
7379
8987
4228
4300
4792
3305
204
6696
7162
8666
4829
8228
6140
5280
4913
6567
4373
8644
5237
4608
1534
3309
9407
8548
5597
5010
5089
2245
9292
7047
8909
378
9748
3870
580
1185
2439
2030
7772
889
7814
1788
6132
6218
6705
3430
2393
4182
5114
8162
2077
2236
1249
3606
146
3451
3365
1269
491
3920
4549
958
7409
4023
7461
3117
7961
1639
2974
5211
6423
9576
8350
9826
8269
1875
9337
8304
3957
8774
5837
1913
9773
5821
2537
8519
8446
5850
3637
1411
4519
3071
3094
8175
8038
9951
2804
9957
5179
9408
23
9629
9258
8816
7050
6968
3108
2680
1446
5689
3382
394
8918
3587
5268
8955
1628
3772
3943
563
1554
9976
9330
6833
2075
8891
3179
608
9077
5937
709
7907
6803
5683
4748
446
3095
6864
5903
8840
396
2466
6015
3122
5797
9383
9576
1264
1848
8774
4205
6285
6034
3312
9251
5211
2130
391
9699
64
3829
1502
9706
7421
1201
2174
6653
9141
5741
8071
7829
9391
6225
2257
9162
7579
894
8064
8444
9557
3467
8652
4748
9425
8710
1297
2139
7052
1243
2139
6963
725
4266
2680
3750
109
7820
5369
900
372
1596
9089
5638
9115
2784
1150
2385
174
1075
6378
3504
1634
4074
9868
5587
9241
2675
7821
3558
3924
8550
4281
5461
2309
8131
6055
34
578
255
2382
5943
8006
1367
3666
4943
6744
5135
4556
4382
4192
6624
2278
1407
5559
3871
3184
9261
3569
9093
15
6615
5870
658
1341
5445
8953
392
3685
5725
9773
6084
8046
3845
6090
5052
154
82
4079
9620
4959
6326
3512
4768
6502
1166
5766
2358
202
4100
4405
7770
2024
9097
6790
5050
6922
207
9260
2797
3068
2878
2660
9644
8957
8503
4315
4595
1457
2284
