7984
7886
3240
6955
1413
7303
7723
4843
626
6720
2753
6114
2526
9869
253
4080
8324
4455
5516
1933
666
3738
7890
342
8688
1815
4367
962
5241
4211
9978
5770
8233
4148
6448
7379
338
6969
420
7268
4881
6956
180
4851
1038
8120
6449
2141
6540
36
3959
1786
1700
1963
1308
5098
3066
6920
6931
3664
4517
1063
221
7982
6501
7282
3746
1473
8778
3378
1421
6224
9426
4642
5242
2729
6293
9132
6742
7423
2295
2368
9906
9552
2500
1743
4994
5401
5274
7195
9839
2607
8772
971
3488
2143
1240
1444
341
446
6907
7462
7678
6142
4621
4410
5467
2020
7756
8192
401
7844
1790
6337
1872
8654
3771
234
7999
9077
3676
6782
8502
6701
3259
7679
3914
6594
4644
7780
2660
2049
6561
5705
6249
3769
4216
9662
9282
7012
2274
6222
6428
6694
1162
4743
5135
7886
4664
8562
46
3408
8601
3663
1231
9957
7969
847
5104
2225
1199
7482
8411
127
7451
2804
5362
3487
2002
7177
8797
2018
9672
7880
1852
5267
4135
8571
4664
838
3762
5730
5733
8008
3412
1450
7407
3813
6414
406
7255
3093
5483
7499
1564
2931
7597
7252
7007
9078
4755
6492
4398
9667
8632
7648
771
3621
6807
4052
2104
7328
7949
8405
6118
4836
5683
6969
7829
892
7153
4923
4876
635
6241
7524
5932
7230
4913
183
6627
3485
1099
9763
7821
711
8021
9848
585
9795
975
6068
9189
6540
5181
293
9550
482
8848
6217
6208
7564
8974
3010
7290
829
9417
4243
9934
3917
8142
9293
7875
8609
3731
2173
5000
8509
3937
9135
8535
1799
2451
6893
2887
1898
3849
5334
4132
5791
2026
294
4787
8088
628
6435
6902
4862
5652
1056
7548
6243
8364
696
660
8941
2492
1022
4279
7915
4155
3418
9065
510
401
768
3836
8528
848
2701
69
6569
6861
1050
5207
9750
9970
3899
8727
2885
1834
7649
4498
6797
5410
8127
5314
4279
6781
807
8506
2174
4161
7865
3870
276
4217
7292
1739
2437
9697
1522
2672
4890
8270
1778
5651
273
1917
8768
7586
3761
9476
9041
9914
9211
2462
8925
7741
5932
2228
1746
4102
8803
3434
5052
5961
9973
3613
5309
2338
4259
942
6456
9518
2708
6289
6134
2630
4456
1853
6123
3746
1911
9671
711
8035
6564
9744
8403
9146
1044
9096
3768
1131
8898
5356
1355
3911
8329
613
9180
5026
8338
6017
4786
9471
3156
8530
44
1926
9974
8656
9414
9316
4396
7016
1611
1222
6589
3617
2885
1694
9022
2321
7982
7037
7485
3001
1040
5823
3406
8346
1247
9112
600
4596
4105
6915
1440
4164
2218
4237
8710
4014
1506
9292
388
3056
8463
9987
6904
2572
9901
4839
4283
8359
6688
4985
8708
8704
223
2525
529
8476
7011
4819
9255
3290
1636
918
9935
6071
1058
6092
4870
3115
8548
3967
6772
8203
8854
793
6683
1720
7170
5732
3738
1548
1504
4778
6070
831
2995
944
433
7064
6550
2985
2072
2469
4040
6606
8485
2619
8460
3354
6265
6728
922
5982
3960
6449
8303
3137
4866
3505
8819
5150
2419
9314
3052
7607
4866
6278
5505
511
655
1562
8878
1300
1364
8152
574
8314
833
9494
846
3746
8307
9355
7751
712
2239
3266
6498
4768
4904
9249
5124
709
3670
3034
7252
2947
1784
4334
6496
2538
1332
9383
816
1747
5377
3446
2055
9406
9332
3787
6486
4706
4885
7570
420
3284
1291
443
9179
9044
8841
5313
5545
2244
835
767
1311
5738
2841
802
6886
8057
4672
9599
4031
6220
1930
5646
9972
929
1416
6912
7128
669
8567
1966
5985
6978
4389
8119
5054
6865
1455
4697
8616
9091
6883
6511
1897
1605
9456
3377
1427
2050
6724
6989
700
7838
7875
827
6959
5215
1365
5877
6539
133
2778
9986
1884
2583
6142
2736
2813
6205
4690
6475
8395
5534
3251
1167
402
8456
6515
6206
4235
6224
1907
7752
2895
1344
9811
6151
7539
8626
6184
3841
8535
1003
5244
3387
3256
9084
5136
805
7220
4296
2845
5664
6206
8424
9616
4692
5827
7997
3028
3737
9920
6526
9985
4373
15
2652
4448
1070
9240
8254
5345
9899
4145
7567
9398
2322
8952
5861
6726
6396
6277
3591
9524
4598
7881
8900
9640
2564
791
2136
728
9982
5590
3546
8717
7298
2103
8985
4095
5979
8819
6007
4031
6599
7418
8821
4100
1182
7341
8852
5162
1029
8408
1514
2356
7576
4828
6934
4726
9303
3064
2241
8418
8810
9796
7992
5605
3981
6746
8298
6603
3815
5103
6864
7238
7752
4360
7228
2263
7102
5942
9547
1401
9419
407
4098
3833
3617
8502
4559
2122
8202
9223
2437
2704
6
7407
1298
4444
5988
5804
5411
1453
2006
3549
7076
5677
592
5311
4622
9036
919
4628
6691
3270
6996
4133
777
2326
6674
5388
6982
4766
6614
7855
919
386
5806
6551
9959
5208
8928
4621
3052
4141
5029
1446
8714
9128
9749
3974
4502
7483
3317
1914
8263
6017
3115
7840
4285
8824
4513
8478
6614
5983
5101
5092
4006
5178
7641
4991
1800
3061
5733
2004
758
710
5657
8715
4347
4366
9244
9239
9217
3366
932
1408
1380
2924
1164
8033
5543
6067
5709
5684
2090
7685
7013
3161
7736
1456
9594
477
9960
3257
1880
5917
1307
8068
499
280
1591
7482
6679
1694
450
2427
1716
5777
8180
502
2851
4517
7262
9947
8684
4209
3768
318
3669
8691
859
2585
1037
6222
8479
42
4943
1750
2634
798
9307
3315
9410
2939
1135
8614
7838
27
9835
4216
4430
6255
7748
1449
5688
8323
9397
6557
2314
7247
5744
8118
1862
1941
335
9305
9099
251
2145
4010
1972
2776
89
6191
7556
1390
4830
4109
8529
4739
7695
356
3203
2247
206
2093
9595
2277
6572
4445
629
6192
2550
7817
1166
4197
8238
1468
5228
9070
3376
7579
8009
1719
8783
3277
8925
7687
2720
4669
3308
9172
4
7637
5625
8102
4890
6355
9443
4820
9832
7135
5274
6194
9553
4345
4106
198
7250
2375
8818
5737
3059
9492
2879
2893
818
5387
5454
4406
5667
1972
5034
2789
3144
9479
4659
3883
442
267
2639
7886
3581
9091
9489
3215
2101
5437
9897
5178
8639
8472
7358
3072
7189
783
8194
6634
9140
4676
9540
1123
7920
6065
5376
9140
7770
717
3144
5516
2009
1166
3684
7872
5990
1908
9144
1861
9671
6392
1244
4691
1592
8836
534
8076
7529
3817
8683
4906
4487
7742
2772
3152
1393
4748
1669
5144
1055
8091
4758
4891
962
7741
920
5368
6204
227
3350
7771
9958
7697
8256
6710
4767
5180
9312
888
6328
5168
5044
6610
2036
192
4268
1158
1430
3498
6393
1824
1665
4383
1126
9716
2977
4602
8508
4480
5360
5443
3735
1967
4717
421
9075
8594
7826
2737
256
1027
6399
4765
9914
7229
5908
1308
1635
4466
275
9342
5555
7044
7974
7436
9754
4076
1649
1183
2123
6074
6085
1060
7525
3482
4012
485
4798
3690
1426
2380
2501
3678
8891
4008
9113
9572
3031
6026
9127
2497
4050
7017
9387
8687
272
8361
6533
8812
6195
5512
7521
8472
4883
6100
2970
7133
2110
193
236
9031
4837
8426
2597
6413
581
5632
509
246
4563
9150
1411
3751
9245
2893
9693
4777
7710
7747
2655
9029
7739
5740
8928
3212
7617
9041
5435
4
4524
4851
4457
5970
8227
5832
9046
7868
8314
6122
1194
1959
9851
5240
9884
6615
6478
3423
7496
6533
9808
7165
3980
9879
2086
8342
267
4591
1394
2904
5656
3113
6617
312
3992
5873
1650
8417
5482
8289
9509
563
1970
750
8146
5687
7264
4486
5865
8786
1056
7874
4460
6310
5251
4554
3279
3089
2593
8806
6009
2369
7996
6250
2444
8832
6707
7660
3675
6903
6476
3625
6229
9371
275
1349
1044
2978
3612
1934
6776
9404
4999
416
3074
3563
5565
8046
3460
3801
3481
13
9847
312
1969
1355
3946
7111
9294
7863
614
8833
2520
9316
2499
8913
3278
4233
6327
5974
736
9739
2682
2994
4906
8605
5911
6235
4936
1774
6103
1729
7274
3027
6159
3484
1589
2181
4563
2544
4437
9237
7985
256
4997
1005
7254
9725
9770
7097
8458
7618
4430
114
9287
4131
3628
5085
6242
6408
9107
8937
1424
2998
3641
1587
47
4106
1574
3623
3953
2737
8044
8986
5779
5925
6622
3331
9347
5605
5172
8291
8614
4189
7814
124
7432
9187
2385
4618
2028
5654
7356
8811
9095
311
7713
9534
8440
9670
1555
9107
8464
224
5346
2458
366
8428
6239
2868
7972
1812
3190
7247
8965
5992
1261
3554
2900
1395
1065
5856
7332
9939
9259
4729
3582
9504
5330
763
6544
8008
9713
5543
3434
1038
2448
4152
342
2595
2878
7765
7646
6105
3279
1722
7323
4737
9160
661
6974
1208
1434
8714
2469
1449
2421
8455
3078
3853
1539
886
8811
2559
7288
5300
8360
5906
7016
9536
648
7411
9760
8097
5694
6327
7005
8774
8230
2827
7995
5635
6003
3095
7367
3576
1918
2876
1165
6052
8762
3294
4632
7675
7870
6601
3785
8095
2958
6795
4488
3744
1567
8486
8708
3443
3542
8488
4518
6826
9109
8049
1882
2579
7744
2237
686
4424
6404
5681
1633
973
9110
1176
5317
4051
2980
3159
4583
6649
4060
2857
8833
8053
7474
2681
7972
5264
2776
482
7094
1133
1310
1317
2706
7093
4683
8670
9066
2027
6810
196
7511
3537
1459
2429
6440
9371
4947
9673
2828
503
5952
8670
2555
976
4394
5338
5875
3372
9526
7548
3814
4155
751
6132
9120
9276
5670
4320
2973
2479
5395
138
5522
2789
9680
6531
5121
7483
1213
8459
8921
4239
7905
3281
8675
7616
3153
5693
3606
5389
8846
1400
4601
901
3250
9067
6493
3585
6953
4961
3611
4811
4073
2766
9026
5395
5673
5585
5309
8270
6292
602
8204
432
3623
2540
205
7424
7515
3494
6454
1947
6816
6456
4252
4265
7336
2922
5736
9059
4023
7675
4065
5560
9409
5443
2792
8948
3739
9551
7005
6532
2656
1963
8158
9878
264
4585
8695
8967
1258
4622
7318
5185
7565
2580
1709
272
2794
6227
4865
5605
9165
8360
9673
7402
85
8407
2349
7698
5760
1616
6718
1208
3863
7454
930
4615
6084
3823
883
8129
1051
3950
670
5746
8899
3531
834
926
8668
776
204
6610
6613
2813
196
3143
9348
880
6618
175
4441
6467
3247
2201
1696
5198
3972
2080
1014
3944
2436
1003
84
9408
7864
7840
3336
5317
246
6390
6640
1007
9613
1391
2738
2944
767
8976
3545
395
5733
3002
7873
7696
6997
3100
4960
5309
1174
3539
1707
290
4422
8718
6533
4664
9775
5372
7962
8813
2729
5772
3527
2674
7754
7091
4312
4779
6476
8363
2373
1175
3695
6634
3477
4004
2462
7009
5687
6891
7656
4738
6713
9856
1103
111
8744
7998
1544
2269
2579
7255
531
9913
3524
5928
1649
25
6538
8117
6597
6525
9756
1807
3130
6732
6160
1222
3621
8721
927
7623
6890
2751
9058
2650
5881
6594
5478
7516
8193
9913
4564
5828
6070
2601
367
4857
9121
6013
2625
5761
212
7287
3993
1393
9433
6457
8646
3872
5338
994
6175
7820
4904
9027
5370
9711
7517
1639
2177
2767
723
9113
5284
3124
220
5805
7623
4004
8364
5577
415
9262
8840
5378
8813
1115
9935
5472
3354
3131
6950
6378
3833
3883
8526
1086
6490
1163
7902
7203
768
9152
8151
3260
8869
5415
4370
9361
1109
2618
8686
4819
9006
1079
8181
2794
794
863
5109
1999
7275
6972
5366
9422
2937
2597
6049
6131
7426
1000
7042
965
627
465
6742
8233
7162
8618
8892
7537
2002
8125
6833
2518
9270
8171
8098
2177
1525
2581
3358
3927
6047
5703
3542
5751
48
5578
808
4406
8748
8285
1020
3970
1003
6787
889
7577
7751
468
3758
7953
4942
9913
8391
5885
7245
7017
9355
5142
9056
746
5503
365
9204
2780
4345
1743
4334
2261
1903
3812
315
960
8607
1003
6016
5516
6268
4335
2178
9661
9806
1663
5260
4678
8033
9308
963
9573
4344
8195
9159
2776
1296
6261
1526
7438
7948
8831
8831
6718
1059
700
9813
1968
1908
4641
1433
26
7755
4846
8394
4552
8804
6405
4581
7801
4940
7541
5210
1622
5516
4717
6767
5940
6661
4177
2114
309
7964
7068
6192
8960
931
776
7598
5647
198
3671
6076
2849
4490
4506
9347
1000
9317
2917
6835
7244
196
1165
3457
3
2624
4864
1126
4248
2065
9932
8978
2736
2467
7776
176
2061
9364
5905
2548
843
6675
1457
1740
1325
2828
549
6036
6253
2562
9118
4557
3626
3284
9196
6270
8576
3028
9821
1267
6557
7499
4958
594
7943
1012
6733
2208
2555
598
496
8570
815
8775
5174
8647
7154
9377
8203
565
4559
4629
953
5257
8107
2080
6613
4309
5908
5625
487
334
3220
3094
3825
1808
1105
2619
4897
4237
38
6715
9321
2580
5248
5284
6425
5807
9998
4398
1153
7768
924
1883
8697
8196
3760
3722
2778
3423
7782
1983
5869
8590
5509
129
788
6819
7047
4242
1368
6937
6168
3058
7929
559
7164
2945
4160
5330
5858
8359
2569
7399
9489
4477
7328
1799
9671
5328
6146
7773
7972
7043
2059
3089
9829
4904
8154
8577
2401
7564
47
3740
8238
5293
6590
9390
6402
1533
7571
1028
4591
5665
9624
1633
6064
5694
3263
1466
1571
7991
6647
4718
1697
1792
2638
1867
4264
4876
5100
9962
3600
6506
9524
1241
7954
4858
264
6607
7741
2321
3687
9436
6449
2544
3650
5762
8631
4369
8323
2725
9414
1467
9428
5484
2051
5521
3203
9643
7751
1604
973
6614
4509
2480
3626
9537
655
6184
8777
9307
9517
9822
8276
2972
8097
6032
4623
6539
7089
2391
9803
5671
4112
8998
6585
6565
5619
2441
6064
959
439
2158
7682
1995
8165
3714
6358
1029
6352
306
9128
3244
6084
685
776
1700
6744
5207
2789
8210
3395
2665
2899
4904
5773
1021
1361
5867
4589
6424
4849
4321
9961
9915
5909
4021
2184
6402
6981
7096
5648
1130
6838
3066
80
1707
8247
9998
7030
5137
6432
9358
805
9205
10000
2274
2087
6436
2215
2400
1961
1355
7012
486
9856
5531
3449
4755
7342
2777
1331
3663
4117
8745
9797
4531
6896
8661
4112
8512
5227
8118
3804
4933
7191
534
30
9808
2639
4527
4142
2189
149
6178
962
2176
2822
1175
2653
3379
4941
3509
5597
2817
9820
1939
4313
2733
7610
9364
765
3680
6622
9958
8585
4354
2825
9940
6746
2092
7247
4857
6669
9714
3132
2066
5746
8019
2882
1927
5868
6955
6137
5152
5300
3479
9079
5875
9435
2537
8170
1824
8641
7419
7435
2508
6870
1230
6440
2805
4851
5674
7911
2063
5490
1286
9905
8408
9126
9027
7756
3914
6844
9614
2360
2420
2812
3007
874
8354
8396
2071
970
6993
6155
3407
6438
9982
4787
3337
6174
4223
5693
295
6238
987
7791
7618
6332
9306
6281
617
8478
6565
3080
5664
2590
303
7449
168
1080
5569
4742
3091
4066
5046
7664
2149
4489
8280
5306
5549
280
2384
2408
8469
2627
652
921
3175
4427
9032
7768
8415
6184
9499
3765
2043
8875
2152
3715
6552
9756
1188
7112
3945
3041
9272
5782
3701
3485
2838
8320
9927
4782
1023
2171
4566
8909
9620
1818
3702
1038
7191
6099
7431
6976
2495
7220
8469
7763
5683
7967
728
7313
1738
4414
8050
614
9531
4222
8624
2084
1284
3194
2441
2459
1082
76
6347
8144
1027
6052
7534
8769
3728
5171
6271
2397
9870
3328
2825
4761
2051
1535
8560
1998
5456
2725
4737
3154
9328
4064
5565
1361
7233
9021
3762
6635
3044
4911
8336
8335
379
745
7213
1357
7012
5587
969
7799
607
8783
3293
6049
9296
9096
7081
8854
598
2928
3218
9255
3406
2708
7340
233
3806
5036
7072
4525
6705
8722
9036
4191
8147
8593
1902
3167
2518
5176
3624
4416
8407
6176
4860
69
1287
7116
1816
6658
6029
875
3073
4506
4915
6312
4884
7725
1636
8425
8546
9400
3227
3269
1193
4316
5672
364
4402
6999
5597
5758
1269
9589
9049
6278
4621
7848
3913
5498
628
2836
6766
4828
4277
4505
105
6084
3663
6148
519
7677
6789
9571
7152
4461
3124
6136
3124
6341
1140
2417
6156
6607
797
1249
3632
8773
5972
1561
2928
9255
7907
8491
7290
9614
128
7319
5079
1672
4257
5975
3690
8492
2959
2074
29
6423
7864
1528
4939
3180
3963
5290
4040
7349
6969
9982
3557
9626
7420
6307
5936
2468
9120
8823
9182
7105
919
4413
6732
4583
3261
9375
4153
1939
8939
4496
7409
6570
2541
3605
6115
7080
8036
1760
2016
5258
6252
8294
2131
8544
8540
9509
6706
418
1711
4640
8461
6117
6307
9599
2617
4092
7704
1357
1875
6414
8241
4551
1532
9642
2169
5525
4604
6985
4421
5252
7981
5080
3173
155
5268
3343
5421
6648
6848
1263
7366
4061
3621
2272
958
2303
3757
2456
5834
3533
5969
5257
3323
4478
986
347
1860
2670
4314
4115
3934
9913
5947
4615
4813
7075
4656
5432
5230
2048
8694
9532
5844
9888
5918
9887
675
4621
7419
5845
5601
3603
5778
3166
4623
1266
5611
1210
3570
6006
4159
2626
5710
9207
9846
9767
9168
2154
8167
2447
5228
5346
8760
7276
5581
9596
8803
5643
4853
7343
7147
1090
1969
5612
9692
9561
1057
278
2798
5096
7496
7338
3357
4851
6783
9521
3014
6535
6817
9561
5001
678
1987
9454
5065
3755
566
6905
3416
3335
1065
4218
4802
2126
7068
314
2550
5968
2284
870
5912
952
375
1778
1949
9844
7649
9321
88
62
717
2510
4563
8468
9513
1888
7899
166
99
9773
1978
8976
225
6430
4130
5736
9256
7081
2343
5076
43
5360
2134
2869
9801
3296
6908
4950
7555
2303
8991
3300
8813
2286
2332
8392
5825
5248
4326
8329
7510
3001
748
5373
7066
6464
4934
4915
7167
4273
5383
7016
9017
2711
9687
4435
8070
6348
5887
1037
4414
2853
8754
8408
8137
122
3908
5440
8444
7030
9010
4989
6074
8012
7039
6154
2950
7893
3945
6651
3277
5986
2824
9043
2015
7574
3466
8422
2439
4028
1970
600
7058
5457
6792
8882
7999
6919
8543
519
6633
8085
8789
8670
1717
3870
9996
6414
3974
1242
5002
5707
9408
4478
6552
5913
4755
6629
9752
3605
4883
1359
4954
8593
246
9426
2868
8707
7876
8908
1991
4453
4669
5668
9567
4882
9713
7184
5164
9479
127
4867
7471
2857
4879
4213
9506
9468
5980
4695
3330
6148
9022
1260
8325
2083
643
3868
4952
6547
6535
9566
8639
1800
1032
3060
3099
4591
6766
7911
2504
4012
2831
8360
574
1752
2573
8652
3728
345
1519
9689
8183
5901
8154
2236
1875
9620
955
9041
1528
5686
857
9237
6599
2938
2561
5804
8503
7853
1835
7898
165
1644
122
198
6188
1453
7258
2977
6186
9171
7101
9873
157
5589
4134
6115
3798
306
803
532
7941
8299
8551
5720
7875
3814
6383
9601
7799
1562
8688
2426
3731
9103
9973
1872
4413
5786
8168
1467
6209
9685
2138
6700
5043
7188
9844
2844
6413
4812
8399
2206
4217
1528
3049
6469
7560
7179
5949
5829
8431
1220
993
223
2781
933
5729
5767
7940
7122
6453
675
8622
3680
3286
5159
6304
859
7478
908
8947
3348
8882
1546
6757
3447
1351
5755
648
9662
1222
829
9054
9120
197
9967
2755
5212
7993
6218
9296
8677
1100
1642
8376
7022
9122
6257
2596
7619
2172
5255
3212
3088
142
9540
1109
1397
249
5479
5678
7410
5253
4564
7507
5409
9457
5895
5587
7295
1086
4449
340
5404
566
8296
2107
8138
4071
7692
2724
7277
4170
9269
6739
2988
720
9114
345
2283
9193
3886
3669
4499
5340
9255
9150
1663
2068
6091
2160
138
5291
5930
4735
1557
8639
6126
7461
8065
9788
7379
6414
4848
1453
468
5222
6356
4323
7847
4009
3337
4316
2029
9694
4532
2226
20
8800
4813
8148
851
3648
8434
1085
5222
8006
9330
3479
5953
1485
7095
3129
4111
1624
738
7069
3130
8655
2715
6115
7870
4859
1656
5239
14
4073
985
7319
9208
1105
7831
8368
5911
7215
3853
4279
5246
4333
9804
2657
2204
9702
8055
4251
3392
2306
7969
1138
4705
7077
8107
8921
6922
6381
963
9806
4622
5232
6873
5089
1399
752
1409
4874
247
531
9448
9327
7544
7879
5703
2697
6897
5680
1967
1794
3035
3532
4031
6620
9432
4493
3678
5892
8951
9573
723
5783
2555
8189
8143
857
2877
8730
9936
4350
2650
3425
4019
4348
1235
1108
7324
6070
5643
6751
3288
5119
5948
3906
5905
6466
4072
1397
2903
8117
5514
3062
7434
7171
5889
733
5755
4049
1515
5423
656
2826
8793
646
2495
9614
9208
7277
7639
1392
8449
2747
8369
6808
9505
2977
3777
2872
9319
3495
6273
7439
6725
7296
4398
1537
5039
4386
9874
9380
2813
752
1816
5448
6228
2767
1482
3374
8787
2994
440
8284
9565
6858
1391
5131
3866
9400
3759
7005
6546
553
8750
7278
2298
9455
3164
5140
6524
1554
6542
1795
3660
7611
2396
6943
5587
889
3419
3601
9937
999
7620
7433
5261
1944
7025
2676
9830
2489
1724
8101
9044
7163
7654
8874
297
9982
7710
7316
4370
8664
3730
7915
3616
1734
4911
9586
9885
1995
2189
7070
5269
4884
4757
8674
58
9953
5744
636
5883
3717
9329
3274
4787
5918
1792
3355
4567
3738
5622
7624
8743
3014
7286
9552
1427
8054
7613
3031
2128
5370
8544
5786
536
6538
4099
3168
5738
265
5485
3310
7820
6344
3904
6142
5345
4285
8280
9488
8487
6939
1412
3214
2025
6368
8887
4963
9819
3737
2875
7839
1600
4246
6141
7883
8925
8991
4571
4532
6559
3367
3708
7304
2587
7242
7021
3139
7999
4498
2079
9419
4486
6578
297
4048
796
8131
272
5626
8538
4715
8195
9428
3736
4492
6216
9477
7738
108
9439
9896
2410
6175
164
1272
6108
9485
1733
4846
9437
3202
3146
1569
6284
6485
7755
8621
6326
2159
995
6787
7219
2769
5052
5649
2884
1006
5163
3673
3683
9093
874
9562
4862
5136
8060
3377
8267
7154
8797
2564
3909
6787
1194
5786
9986
7099
4590
9852
8684
2528
5925
8043
8751
4196
4500
9716
9603
2893
4807
3680
4469
1351
8659
649
6165
3366
7169
5719
4734
8740
2806
3878
2953
9868
780
7996
3426
1388
5099
5825
8342
5824
7891
9185
9833
5949
8832
7877
6151
4965
1714
101
6166
3584
4366
277
9253
9701
835
6588
1178
1176
6169
6042
730
3089
266
91
1795
6891
4191
4185
2845
7310
8079
5015
6299
6681
702
5082
6529
4303
5174
1254
2276
3454
3790
1476
6457
9599
5085
6622
5270
5520
9531
8966
4429
1186
5194
2940
7100
4939
9506
6772
9898
8279
163
6732
3195
7570
7542
3467
7059
9769
1242
7670
7673
701
2843
5660
6832
5420
6548
8237
9446
6469
6875
979
1825
9799
1358
8914
303
8833
7838
2044
5662
2397
7385
1807
9967
2249
4234
6359
8889
9139
7845
1310
2828
3673
8946
7133
4416
2517
4389
4174
1544
7275
2162
8897
4316
8484
7876
7709
2210
7662
1085
7237
1036
9703
8047
4966
5595
1966
8623
7256
9423
8443
4717
5601
7379
5126
8888
9352
9695
6054
4647
9954
8121
2175
9709
7136
7177
2952
7218
7180
2858
2485
7504
7024
798
4891
3729
7585
3689
1805
1994
4173
9508
5662
280
669
8444
49
6769
6993
2167
4522
6316
9445
5723
2156
3934
2423
827
6837
4306
1121
2133
2705
6380
5714
4883
9684
442
3505
7963
9541
8603
4986
3071
7163
6042
9176
8738
3941
5120
2641
7491
5702
7904
8106
1155
4149
1630
1033
9890
2841
2626
8901
3887
4089
4308
931
865
5117
8427
7885
9740
5070
357
2464
1522
1250
1498
3922
2658
919
5681
518
1435
5502
6514
5789
8982
8218
4875
3608
390
3048
3641
4611
4946
321
1959
6777
2858
7171
5579
7557
6267
2315
3046
8543
6123
141
2821
3779
3073
197
1234
1721
2244
5792
7317
6241
9457
7002
1916
9722
6993
2920
2099
2786
688
3261
4931
6263
2112
5722
3697
6348
5953
2970
2605
4378
4980
1361
8149
8522
2797
2067
6895
620
3846
2467
4146
255
4339
6295
8015
129
9161
5856
8021
6425
4495
6360
5531
8752
1584
6677
386
1599
764
2173
459
3004
1400
5360
7908
2951
607
1675
1303
7784
3601
9384
728
5561
1530
586
530
9382
9688
1544
5796
6337
4999
1339
1915
4579
8211
6772
6780
3051
1808
2100
1781
7068
1711
2715
7009
394
4268
2290
4035
9944
2275
3349
5250
936
5525
239
7098
2055
6435
9581
7942
9095
5196
0
5448
4017
3003
5418
1856
9095
2270
1909
587
6203
698
3510
7161
3644
9137
5437
7215
34
3155
1605
5467
4988
1995
6841
6319
1995
3501
2556
5583
3119
5881
3250
5569
2922
7143
7244
9522
7651
2280
1988
8650
3623
7374
3273
6579
439
783
1666
224
7317
9159
4100
7308
9974
5273
9890
4840
9682
753
2217
117
6379
2134
4822
9123
9055
7377
5988
8661
4190
7810
8896
2400
4315
8307
3035
4648
8951
3711
9909
2683
5657
7691
5656
6957
697
3626
699
5840
4072
13
8205
7683
1131
8318
3252
1225
8849
2289
4713
5703
8576
6061
4310
8584
4717
7922
682
5156
9452
1364
2470
8647
4572
2699
9541
7575
4635
3283
3119
6414
3922
4055
4931
2296
6101
9218
6165
2187
2187
3740
7392
6509
3163
4298
5091
3435
4847
1689
8057
2848
4070
1261
3597
9596
4696
8468
2445
5360
5769
6908
5914
4708
5153
7814
8174
8446
417
2422
1718
83
1187
5691
8761
9593
5335
6374
6723
2765
7258
4661
6940
1509
4689
8349
9
2899
3345
4752
9755
9969
361
6977
8136
124
4059
2979
8869
5462
8523
940
3142
3775
7662
3713
4463
5359
4899
5865
8360
4359
5310
461
8920
6692
8983
1263
6944
9654
4151
4877
5029
6048
9505
7074
4196
2920
9914
9727
7180
6170
3728
2148
8186
5791
9696
1697
605
3131
8870
8056
9575
4691
1407
5844
4306
6841
3970
2911
9527
6845
8910
5642
656
6524
8120
6280
7540
3319
5917
3194
7246
8703
9388
2050
9433
344
6480
4430
2760
7105
3437
1064
4488
5208
8799
857
4918
7599
8402
3130
8335
7397
9106
9131
7644
8026
5156
5273
2332
4377
752
7364
7619
6890
7515
5591
3347
6066
6928
7115
7545
1397
9727
5488
863
5158
31
6594
6200
5985
5202
6769
8884
6618
2081
8427
5337
7535
5525
4342
9533
8948
3936
9059
5356
3012
2953
6645
484
8345
6609
5461
4147
3116
231
7020
5355
1631
2467
9756
2801
6883
3929
6234
5352
6109
3777
7894
9054
5512
4577
7357
1503
3844
5885
9785
8584
6266
3437
1944
7313
52
4304
5467
2136
3055
7608
1459
8509
7174
6356
6358
9267
355
627
3648
4820
8904
7649
9723
9374
5021
7023
2357
6323
6098
4145
5941
9173
4353
5655
8840
1241
3523
2248
5344
7412
706
9131
8494
5722
6535
2828
5674
754
5226
3424
8569
3375
2381
1440
6736
689
131
6561
119
1864
3163
6954
449
4400
3614
5455
991
1735
9793
2190
4335
5282
4494
7180
3809
4762
6495
4983
9681
7184
358
8096
9323
4290
8126
7548
7406
4966
2093
1623
6963
7268
8629
5153
4960
6085
2814
3818
1393
5644
3734
2659
7894
4467
9721
6520
375
4103
4914
9960
4954
73
3742
1391
4466
5166
7251
8398
5672
9016
916
8569
4054
8028
6470
7288
2100
7049
6512
7433
2829
5495
1969
5827
8188
384
7606
5520
7741
3497
2658
7649
7882
6290
8366
5533
1509
4680
7381
2628
5116
6874
209
6771
5336
6780
8390
764
3641
7664
6232
3938
8205
7719
7014
7539
3387
3856
4324
8650
3056
3111
9174
1744
6057
9709
375
724
2471
4235
5250
7554
805
1406
913
8265
4515
9721
7532
2804
6444
1241
1317
9346
6004
3317
4042
5844
9017
3335
5489
20
9908
8193
6310
1848
1173
4418
3696
1435
6495
1446
2127
803
7944
1288
288
3403
2089
4394
1226
3831
1078
2967
9408
8789
4346
4517
8299
7085
1700
1589
2986
8033
360
1142
2208
4028
2042
2126
770
7186
7893
7328
490
2942
3493
5937
7835
4005
2489
1833
883
6836
4277
7697
1358
5434
5527
3015
8552
6335
8429
487
8374
482
6282
8872
9896
1123
6923
5296
5536
8752
9287
500
9145
5108
4268
7204
8217
5050
293
226
9427
2921
1170
3432
7301
3393
8903
8852
8219
3613
6487
9425
8482
6791
2256
6640
6913
2342
5048
6679
9249
3574
7517
7627
6302
6651
7264
2765
9861
2131
998
3300
933
501
618
7452
6682
6904
9709
8836
7419
363
6091
5922
511
5192
5722
1757
8768
6813
9976
3323
1901
379
5804
2395
9529
7923
1683
9879
8435
3779
7214
7802
4894
1634
3745
9240
3492
8271
6409
4743
8906
563
7865
4247
1496
8220
2954
9625
8277
1570
9245
9401
4406
1685
2502
2811
6444
5161
9809
7352
4837
3828
6741
4284
5462
2897
8023
3621
7109
5377
2371
8606
8686
9361
9051
9214
8092
6865
4511
4536
4100
8772
1371
7737
9068
5832
978
4330
3760
5351
6406
5843
6626
4135
3541
1991
538
4349
4114
5169
2751
7431
8167
7207
8612
3592
7185
1271
2499
6658
4753
4512
2523
6577
6305
209
4794
9869
7236
9863
470
7543
7680
1070
5601
3401
1144
5652
2726
2539
3854
6366
4538
5605
1389
7031
7415
4130
2219
8912
89
7713
5410
3189
3010
9127
6333
732
2459
7174
7366
5096
6712
8820
3127
3478
3075
5072
7108
8907
9048
5929
3393
777
4796
5103
2418
6845
5991
1354
1418
3912
7561
215
3981
9213
103
7084
927
5635
1813
6513
6899
1355
7589
1707
2637
7719
8243
3622
2238
7719
3018
5748
7296
7859
2423
6250
1280
8041
3838
2781
7963
2437
4675
6337
9367
8555
5886
521
7949
6923
8793
2124
5619
7889
3972
5396
8433
1747
8035
8285
405
456
147
4249
6479
847
5636
6344
4031
4668
3747
1559
3588
5731
2218
4289
1474
8324
4616
2531
8100
5427
2908
4580
5861
6316
7108
9687
1169
1813
899
5917
5210
1869
1751
9449
8120
5931
756
1564
9973
3653
4892
6379
4206
9512
855
7266
1019
1065
8736
9555
1521
176
9785
2952
2998
3110
5224
7266
202
9533
8621
2638
9023
3281
4567
8554
8606
7760
7800
8767
4297
5575
1067
1739
4476
9026
987
8355
5721
2235
7084
3092
5147
9256
6768
2392
9652
479
4841
9639
6600
935
9175
1094
902
6449
693
8639
2811
3524
6450
4534
3160
713
9158
9058
9924
5877
5393
414
5641
5193
7958
778
8631
1994
2413
2513
1739
4696
4104
9903
3395
8865
2092
741
4113
5606
5170
4863
9927
1745
473
3794
3650
2905
9068
9127
3126
1850
5280
5410
3182
3676
3306
5777
6439
2624
2831
8558
1718
3413
4123
4330
5400
8260
1311
5966
8132
4844
8078
4644
8870
167
3535
4272
6790
3174
966
4155
275
5
5460
7818
6351
2782
9702
2172
146
74
539
3962
8094
4832
5241
1959
8929
8105
7686
5787
7887
7736
2713
7455
6152
1429
588
5933
1080
6795
684
9891
9083
3979
1703
7193
5471
5529
6486
5588
9486
7641
8502
4644
5244
5043
7635
1012
1940
3906
4840
5870
6655
910
1358
1120
7572
4464
5759
8402
9090
3899
8668
8688
5834
2960
2991
6364
4883
1925
3442
3037
5846
5118
2348
3753
4811
6487
6583
8431
6540
516
1821
2688
744
6828
3931
7311
8121
5808
1456
9175
6716
1654
1209
781
2063
6249
6731
1311
9221
7121
5978
2742
7939
1537
8249
9740
3415
9077
2036
7886
1884
4730
7429
6818
1878
7183
1652
8096
2530
1302
6018
6301
6938
3679
8047
2127
6728
2881
1123
5962
4025
3736
4671
1689
6116
5222
2580
7882
9064
9195
7071
9809
8032
8700
6003
7122
3615
8015
9212
6216
6534
9912
6087
4151
1444
8095
3688
3696
5420
4417
2839
9394
1832
5891
5985
4325
5324
3688
2567
730
2886
1437
4383
3606
6100
7179
376
261
4080
738
7452
9829
8667
2208
8527
8634
7455
4347
4434
2580
6629
322
4878
2905
3871
8216
4797
9033
6956
2827
8745
5375
7384
7939
3631
6125
8364
8013
4573
2428
223
5619
8749
7624
4431
5448
3496
