1198
223
5368
2108
4761
6606
6961
131
9827
9897
8031
3648
5084
5342
3877
5446
441
4370
9306
6984
3212
348
7329
9850
3034
8651
717
8156
4875
4867
4076
1515
73
8810
7668
5318
8360
5943
7810
4729
8193
2669
3249
4828
7104
9723
4103
8431
5493
895
6939
2697
3079
9858
256
6650
4365
9137
182
743
9160
8701
3428
2758
9467
3012
9537
9248
1497
6450
9272
7633
9233
9411
4413
3327
2054
1090
3296
6731
4093
1640
1050
9730
1093
7799
5065
150
4516
3538
1939
5687
3047
6427
3315
7493
7728
8382
7983
8689
9657
9872
9885
9995
4091
2681
1851
8333
4148
6306
9794
3674
2401
6601
6787
7455
2390
8173
1767
680
5155
1555
6919
4195
6298
7258
5746
691
2572
627
9863
6414
5859
8702
6119
4056
9423
7285
891
4164
8692
7735
4002
648
7319
2108
2334
8047
8854
183
4918
2967
731
5520
8664
9066
5781
8572
1669
6396
4933
3341
4443
4506
3128
1140
3168
1256
6476
8193
1123
5657
2253
2290
3470
6186
1509
3572
5197
797
582
2139
2118
3849
4740
6012
875
7964
9900
8791
5170
9845
1401
1820
8432
9761
6697
7365
7154
392
4475
4007
9089
9585
5445
557
4015
2142
8821
9567
9373
6724
8797
8872
4544
1298
6832
7809
78
3049
4413
2570
3370
6709
5375
4085
148
5160
8312
5477
5242
6
782
3808
4910
4551
3814
1312
6079
9800
1663
8860
8074
8178
4095
8633
1076
7081
8562
4706
9504
6058
1392
6278
6680
2770
6304
9858
7665
1335
5539
9789
2679
998
889
3861
5226
7871
3328
3891
7946
9737
7414
8190
352
6618
720
3372
6548
4240
2538
8278
672
2351
1630
2249
7445
183
7995
7998
2160
8274
6610
1165
1795
5015
5316
802
4105
4090
8539
7804
8847
7101
3561
7585
5842
287
9125
8284
8601
5981
5110
720
9478
6184
3065
866
3510
6274
8899
9700
7899
9565
542
6312
5731
107
3590
7706
1065
7965
9633
505
5257
2160
2452
5219
2567
3222
3384
8580
7205
8869
6089
4586
3707
9503
3690
4850
2875
7061
377
8154
5286
8002
6330
424
5885
6629
3952
3665
1042
1975
2718
493
2259
3996
6303
8025
2588
8357
4068
4135
9234
5350
6822
3441
8178
6031
5412
5076
478
5697
3172
8172
312
7844
5798
3670
5337
8874
5827
480
7467
6563
8688
4686
5986
2639
3436
4108
2555
8419
8404
2669
611
8908
1604
3443
7148
2348
2487
6349
1676
8568
9222
9230
6240
8695
9471
3919
5411
371
6286
4585
3742
5821
5110
4029
2548
4006
6022
3155
4647
674
4778
9043
7281
3565
8995
3894
2122
491
8334
1384
2624
5488
8357
6638
969
6993
5315
858
1871
4385
1263
1467
1474
3272
1907
6556
1313
6812
6038
3294
7334
3783
7722
1445
6395
1752
2495
7438
8363
6882
4731
9025
6730
2786
2688
4235
7224
6382
1694
9154
5303
7460
3622
7306
8073
8637
3231
7846
8074
6895
1605
3397
5606
4412
5791
3956
2124
1609
1811
3420
2471
6716
6136
4132
1002
4143
3990
839
9494
8353
6907
1961
209
867
7875
7070
2052
5902
4061
1781
6880
2486
5012
4765
7527
7596
2093
2691
4009
7561
668
2929
809
1801
4885
4468
2999
6623
2945
4810
6570
1292
5588
1728
1450
9456
2218
8542
5838
5608
1740
6978
4451
367
3614
3300
1606
5818
3345
8241
7014
4962
8277
2352
2522
2602
371
4213
4600
2209
637
6489
6800
1278
3969
9464
1150
6333
6672
1899
3188
5143
5421
6262
4329
6565
2976
5057
5601
6039
3706
1820
5543
2794
9720
4010
913
9219
8498
3402
8259
6959
839
1392
8772
5026
1457
7014
6708
2488
2302
9605
2160
3412
3670
2870
5732
1089
4617
996
8415
7329
8798
1513
5313
5654
4970
1062
3281
5768
7887
9907
111
512
9746
5754
3373
218
5580
8546
3559
1925
2437
9721
9765
6089
3127
3801
2062
1698
3060
9985
4195
2404
2062
8915
7311
375
478
8812
6342
8755
2960
4350
4137
2406
946
9739
7541
5731
8395
8777
8748
112
7173
4132
9557
8007
9443
2396
7558
9698
1476
727
358
9323
5132
2547
6355
9540
7077
5083
9555
5694
5082
7382
7503
1602
8525
8512
8552
8337
4187
9141
3441
2618
9095
8485
3584
4869
6933
3795
4693
3482
8223
5403
6748
9532
2872
796
9176
9574
4622
8035
1873
9693
5892
8390
8056
3875
190
8637
9272
7170
8598
5835
1316
8328
8158
8810
5715
4209
6550
6643
2265
9261
3560
3257
2146
1267
5603
8434
2773
5076
1903
8192
6740
7993
950
4310
1236
3087
6572
9139
2737
726
9741
7836
7508
61
4134
6051
7039
7999
3047
8871
165
5398
8249
9761
2366
6710
7461
800
9856
1183
8465
3791
5878
6439
2470
6582
1535
2985
3689
3627
6907
6191
660
1707
4859
5518
1351
8413
6946
7526
1522
4851
7233
5354
2132
198
309
8866
6698
1833
8877
2846
3846
6741
2924
5625
8358
916
2542
67
7164
9588
5456
3280
7583
6999
2020
5295
7182
2668
2020
1077
1067
3594
2843
4269
611
922
9516
1810
6282
3361
4211
8964
7860
2993
1705
5113
8405
160
8524
3891
6348
2666
4416
638
2832
1292
298
9113
7872
444
3135
3451
2135
7842
7512
1205
785
961
7646
3581
3266
5814
3299
4277
9932
2453
3317
909
5372
982
4765
1394
3362
1327
329
1103
9687
6642
2716
1414
3043
4818
2036
9184
2169
6292
50
911
7143
6122
2678
4132
8914
4981
3677
6795
2402
5679
4359
1211
9548
3425
1152
7465
677
3821
4448
1110
8934
6912
6693
6003
5756
8115
9017
463
9678
302
3241
4394
6266
4431
6868
165
5274
4696
4374
1576
238
9332
1716
4269
7361
4470
5265
9778
7845
4102
2113
2727
2751
4907
6579
4593
1960
8933
8923
7475
9080
2471
5280
533
7239
7253
3927
9617
7796
2234
2664
7874
8402
7672
2650
7715
3470
458
655
521
8354
9784
2777
1691
6128
4341
4618
8949
4320
1726
9576
5310
5392
8652
7818
5223
5838
3787
6962
9460
3168
5261
7250
6161
1857
9333
8396
8914
5813
899
5320
9789
4349
1550
7180
7845
8669
7752
667
798
4853
6918
5701
5081
2363
2346
5387
6218
4778
7575
6506
5704
2125
5559
7379
8696
1251
2611
1384
8322
2444
6303
3552
8731
7525
4201
8160
8137
7416
4643
2295
2923
8492
8586
7672
2308
3494
296
258
1012
5649
6870
229
6704
9030
2009
2813
6978
7502
4859
8495
1863
794
394
700
5696
4906
8922
7146
5610
7344
3721
686
7397
634
1661
4
519
8965
4721
7680
4037
7097
8583
345
2385
8286
1733
7475
9513
5731
9055
3147
4301
227
8484
5166
23
9174
2962
1371
8593
9805
2132
9331
5078
868
2980
1843
9591
1124
6157
5472
1094
9844
3459
9994
1499
1609
4307
5907
2647
9035
4384
7073
2306
960
1661
7189
3556
3396
4741
4401
6763
3836
9024
7343
1587
6172
8273
6425
874
1532
8645
3680
7923
4373
7968
5678
9408
7929
8095
2863
8128
2366
3575
6782
4811
9683
9618
4219
2018
1075
6594
4802
4551
4089
8563
2157
9561
6937
8894
6613
1497
8775
2057
3335
1949
7303
5331
5956
4349
1294
9440
1953
4735
887
7786
6043
3232
664
1181
1186
9932
3320
9468
8538
7323
9635
3250
4490
7456
2394
13
9367
9549
5767
538
7886
4372
88
7248
37
1431
9978
8742
8789
6560
7276
1130
8610
5925
1084
5188
3472
2173
9553
3552
5502
7836
2286
3144
998
7032
5156
6547
1060
3800
9283
6290
1177
4998
1793
9877
395
6146
3664
1974
6434
7812
2847
2015
5295
14
4219
6788
2108
10000
7405
7214
5629
4402
2037
4661
2289
20
8394
4999
803
1428
8511
4063
7255
128
6953
3251
7247
7562
718
7595
9974
7122
250
5003
3125
2182
453
1411
4018
3126
5078
4632
8371
6356
3584
3342
373
2557
6900
2050
7807
1687
4132
2883
3144
1493
4377
1295
4421
6847
6406
2817
5669
6478
5160
2977
6242
7349
3895
416
4168
7537
4081
20
2180
6965
9727
7356
5694
2416
6890
5223
7418
9233
9850
7049
112
862
4675
5191
7788
3838
5717
8563
9303
3311
4522
6329
5008
3654
860
3343
3888
9451
7981
4488
2798
69
6893
9896
2311
3334
9159
1218
4624
693
5538
3589
5625
8673
1563
3651
9321
6080
7878
2796
7473
4595
6465
3721
7503
4418
1904
9923
9655
4683
885
1929
1732
9210
3771
772
2216
9988
4954
195
1139
8326
3092
1491
6162
3690
3239
7382
2224
8403
5214
5707
8595
4242
1865
4690
6034
8457
9264
8321
479
8976
4679
7722
6412
5952
2726
6357
3561
7721
9265
6614
3107
4797
9222
4413
1733
4476
5996
4710
785
7391
9186
9871
4022
6309
6275
9261
9358
703
290
8196
7597
1951
3541
6966
6929
8006
1965
7736
9937
75
6141
1864
3101
3545
6942
2051
6731
2526
4052
2721
8545
5502
1592
618
7363
6323
8381
698
2005
8859
7528
4559
315
9689
4552
8206
5374
617
5434
5683
5961
8888
1361
2065
9470
9891
1193
961
9667
1126
5674
9437
4960
1022
8223
8376
5314
6013
43
5446
1531
289
4531
9688
7466
7541
3185
918
994
9465
6703
4856
888
3083
1631
6878
8507
5473
9056
5352
947
6628
1538
4769
1463
8299
3835
1406
566
7443
9370
3648
4712
966
7366
9473
4806
4573
6090
262
4860
3217
6816
830
5729
6004
3797
4572
5137
22
9389
1896
7047
5046
5916
2757
6123
9639
6612
7545
4041
8741
2463
2969
5486
9432
3922
7125
9609
5568
5727
8575
9616
2486
7318
7956
3115
9485
2693
773
9982
5186
5100
4623
4826
6010
2036
597
8298
3440
1177
1471
7923
2761
9076
9505
4338
2170
2957
1696
3971
6424
4861
5178
1662
1049
981
7377
7701
550
4767
259
6505
2449
1072
9870
7029
3512
2366
7910
5527
323
6549
3206
4556
2711
1039
7376
5432
3314
6743
6330
1693
2820
9836
5045
5166
9993
7720
722
5146
2154
8763
3198
67
7004
2187
165
4332
7142
7482
4345
6619
8511
3744
2455
9296
7527
876
988
8214
6927
9188
2710
5755
2129
4131
5639
4314
8678
3867
8485
3897
9468
1887
733
7246
6280
43
213
3852
8431
4830
3236
5420
4041
8754
6614
2421
6517
6551
1099
7287
3347
8241
9621
3859
1634
3642
5497
8543
5180
7759
9078
4343
3926
9207
3244
9603
1970
3515
7050
6478
3199
1495
2710
4506
3833
6806
2149
3539
346
6379
5645
4326
9861
4631
7680
422
2062
74
9588
1809
3015
9103
8020
1108
2271
6546
1330
3360
2823
8365
1749
3850
1207
9651
1151
3547
2620
5172
5726
2307
523
6416
46
3295
6303
6226
6365
904
8535
9787
4494
1222
6388
2746
8567
6614
9034
4449
1162
5634
1354
6258
4943
3194
8792
2481
3725
1830
8138
1577
854
2477
4802
1447
8490
4236
7556
2066
9184
7225
4924
4513
8228
6837
4100
3140
453
1587
9541
4947
9727
6550
7996
4798
8766
4764
4772
2459
3284
3154
384
5017
7010
8183
7218
9416
9587
4644
3537
4804
652
5378
4006
7107
3730
8219
3125
3928
8515
9280
9689
3922
3047
2284
9005
8249
9937
3401
1539
6534
5287
118
5112
5083
3265
6518
6600
6054
999
9726
3337
5212
3844
2414
2069
6707
6381
4429
4161
9577
425
3184
4767
1085
6550
8318
4855
751
4269
5001
3072
2486
4942
2466
1874
1065
5631
1743
4382
4626
4317
510
1127
7967
7597
7572
1955
5230
4735
6552
9423
4911
9891
8467
8167
3251
937
1012
425
5269
5548
1814
7691
1193
6878
4933
311
6428
5952
9125
2863
925
1454
6119
8256
9020
1370
4893
2084
8387
7295
2792
611
6771
9576
8852
5753
1955
337
101
8842
8164
7350
4971
5717
4608
7730
6545
573
6686
680
8250
1284
8521
2582
6652
2699
16
2663
480
9980
559
656
6505
8706
2260
8208
9206
206
2365
3612
5594
2264
6101
2708
2543
1894
8425
4024
9231
4701
6683
5453
200
5355
3704
5431
3340
992
913
1015
3885
8356
9618
7254
1254
7615
7758
8500
7729
334
421
5671
7561
7576
5596
2078
92
841
1349
7166
3037
4880
5665
6626
204
2409
3063
7691
5673
2974
8563
9685
1362
1496
8063
436
9289
1143
7800
6539
6183
8741
9409
2992
5607
4276
8086
5677
5468
7184
8876
2096
351
7599
1925
3008
6004
7627
7737
5848
4041
4477
9168
9326
1277
5697
5191
5510
5136
1149
2173
9411
141
148
1946
2609
483
9635
3994
5068
4924
2669
1019
1002
2085
6392
1703
4294
9297
3067
6788
2962
8208
816
5241
9692
2653
8537
1751
7430
3745
135
6493
7188
2667
5705
4967
1152
179
8374
8120
6065
204
979
5841
9244
2524
576
9795
1385
7096
4610
88
1467
3480
5210
5417
2004
4852
4598
1898
9486
5907
8579
8605
3149
6890
7968
9780
6141
6239
6420
4764
9052
2546
346
5475
4980
5179
6807
1812
8809
9673
4568
760
8101
2446
8561
8685
132
5533
527
2869
6390
4334
9417
8953
400
1909
829
3431
6294
6907
1155
2018
7019
9791
2577
1952
430
978
6535
583
6592
3014
5628
4030
2395
627
9539
8010
4686
2122
7919
209
3272
1309
8344
3227
4744
6082
9761
7481
1152
6667
7033
7930
7795
3838
8883
4891
8578
6756
5806
7826
9511
4419
1845
275
6188
5466
7822
409
5800
1247
7281
7438
7164
2008
6191
7142
663
7933
9836
8451
7854
2845
9940
8049
777
3503
614
7473
5720
8649
1828
2809
4626
5156
5547
7403
3888
4999
4709
875
6402
6782
4847
3664
7372
4769
7905
9100
6391
5089
9408
4972
413
7072
318
2304
9245
3960
7299
7957
2961
6463
1141
9824
4713
3531
8363
1842
547
5941
3388
2976
174
8121
4428
5280
4038
5522
2705
8904
9547
5557
4152
8250
5066
4707
7649
2513
4663
6015
8874
941
5661
5441
6450
4941
2095
8406
3787
460
4028
3347
2059
8525
955
2840
9505
376
5272
1517
157
7740
445
6418
1531
4393
754
9978
7105
9024
6376
870
2591
2167
9551
6388
4127
5322
1636
8196
4917
5401
5630
5955
4894
5813
9795
8760
1486
2515
3624
6912
8467
4254
5311
8442
6978
1075
1823
8731
7873
7072
5817
1702
8184
9325
4194
4079
4896
6455
5871
888
7006
3604
7214
7352
5332
2519
9363
322
266
9237
7667
1891
6948
5589
5061
780
7819
7301
2796
2443
9875
3084
4619
6911
3115
3908
5411
8697
1479
6947
5485
3819
8564
2453
4724
7041
6163
9015
9530
1074
3278
6124
8058
490
1987
1968
7421
839
5124
9766
6002
6922
8884
1088
7945
5838
6320
1794
9717
2953
7716
2883
5552
1084
4627
5276
9920
3296
5300
6767
8555
844
6309
9203
4609
3302
2381
9040
279
1666
982
4729
8120
4405
7716
2056
6616
169
4133
5396
4124
6678
1495
6456
5384
3714
4318
9621
5182
2301
2902
318
5063
1204
4707
2771
91
7743
8259
8335
9642
7652
3737
9500
4860
7664
3821
3126
4096
452
7618
2644
4495
6389
2503
9162
5718
1402
7501
8996
8623
9964
2502
1233
923
8257
2480
1960
2858
4581
5035
8084
6573
6354
1779
7780
8661
6528
8806
469
8873
8898
6067
3045
4371
2628
9276
4730
1153
1005
1463
2418
2215
331
5807
5959
987
3223
7476
623
5359
8891
4067
6447
2880
9701
4021
9271
1479
9046
4012
287
8831
2772
578
3099
9396
8198
872
2137
3121
5241
1117
7312
8788
9467
1068
1173
3083
2814
3165
9599
7349
1796
4075
6901
90
5277
4948
6411
5540
7773
1131
7758
4042
6558
945
2387
9616
3066
4015
1885
1165
6908
7504
1601
7036
308
1437
6755
5815
1671
5646
6750
1920
3646
8376
9797
3991
9106
4321
3969
8038
7684
4837
6023
7424
3759
2470
6854
168
2692
383
7646
9698
6927
8854
9213
4796
487
3884
7662
5009
5433
4038
6901
533
3903
6469
1464
5607
9884
3391
3734
5832
2776
1169
4213
9032
3088
4954
6211
2093
6407
3694
5744
4643
3712
9205
5746
9959
8211
3240
1095
8915
1927
5876
3671
4258
2544
2617
7448
7578
1752
7771
1961
6067
6568
5654
8144
7367
3539
8691
6486
8468
9271
7698
356
474
8288
3644
5007
1286
1269
1182
2949
4925
1314
97
483
6872
6437
3902
6484
6379
2930
4824
4818
2621
3118
2438
2372
8947
6529
4446
9776
9967
269
8961
4233
46
9186
1505
2525
290
5954
6690
92
1492
2341
2785
8628
6632
4271
4154
4028
124
6942
4163
2021
8590
8168
3466
8154
5405
3628
8941
2997
9144
8741
4854
6645
1034
5724
4115
8035
1141
1212
3990
6031
1257
2362
5475
7067
286
8443
144
681
511
5437
6544
3712
6369
4456
1234
3854
3954
6147
3179
7910
381
6200
1342
2318
3461
2632
1260
5929
4234
7023
9375
2593
6820
9028
4612
2420
1599
580
839
6058
8015
2396
8772
3248
1740
9244
5840
4644
7595
3333
3249
9167
7325
6545
3238
9399
7477
2990
2582
8815
8698
2248
7867
5989
3114
4555
489
9916
2646
1402
4234
331
6452
7708
9351
3304
5742
7061
4886
5416
5307
6311
2526
4034
5096
8510
5329
4471
2341
6376
2343
243
1298
8944
8617
5287
611
1507
8423
3859
4388
7562
2630
6051
64
9634
1940
1345
6214
3199
5030
9179
4335
9356
9344
5796
2708
2786
6887
4462
5969
9961
1220
9287
4263
8566
5903
5952
3671
2863
3639
4501
5712
8799
9790
7191
866
2894
7083
8573
916
4262
4053
1719
8493
235
9433
2619
4475
5736
2984
1547
1339
8304
3801
1556
2526
180
5482
7205
5380
9435
71
8319
2191
9953
4210
594
2457
745
1705
8929
3640
8450
3984
1307
2887
7254
1124
6453
3325
6901
5323
5522
2823
4658
2899
459
180
8418
1956
3073
7990
2816
2657
2655
4330
3608
4068
1391
2870
286
1653
8154
6588
8725
8494
3886
4394
3985
4401
4678
4922
3300
5994
2970
6147
5118
5220
4919
4517
4394
1779
7707
8824
1839
4758
8475
4134
3808
8757
3969
4536
1802
1418
5737
8092
8559
8359
6700
9235
4477
802
5298
4424
4551
9110
6789
3701
1810
1277
9930
5522
9688
3086
9613
7597
5123
397
2918
5992
5042
9859
5791
7637
8226
5504
8487
1428
2349
240
555
4600
2016
4806
8694
3556
2852
2363
3281
5853
3020
1970
4242
5746
9949
6776
6396
6243
8297
9274
462
8180
5423
3887
2516
9391
3693
4480
6155
9081
8785
4918
7800
3333
602
7882
1700
3340
9326
7452
1686
3612
8086
7153
1930
5999
9118
8553
8459
7034
7895
8384
8147
7532
8681
5605
518
5606
6034
4892
420
9672
3749
1686
9654
8403
3995
6242
3985
2446
1140
1668
8388
9583
547
5065
2809
78
7070
752
185
7198
6814
9970
7365
9550
4291
9269
7088
6231
1293
4406
4936
3799
3031
3400
244
1501
4546
9120
6805
6463
1639
9923
7660
7196
5147
8216
2004
770
543
755
8303
9401
8755
8193
935
8733
5443
2323
1356
8815
3448
7209
9437
3508
1843
893
904
5807
4122
7455
4823
6749
1403
5181
2320
6102
455
2484
5242
6409
4999
4729
3482
7864
2143
3789
8796
1362
9425
9791
2200
8499
5098
1174
2210
5233
8994
1830
6972
6709
4165
2476
3261
2981
8923
7084
2392
6176
7753
2705
1273
3282
1321
6419
2974
4581
9659
2968
800
6044
604
495
113
972
3195
1167
6164
7715
3843
9442
6859
5985
9571
7072
5182
4746
9926
117
8046
6345
2131
4291
68
8780
3231
7921
5034
8152
4562
5415
2555
2307
2626
9907
9228
7211
6887
2315
3737
2206
4446
5209
5164
6789
4858
405
6438
6480
3839
3223
6653
912
775
5052
5451
3463
3838
2860
2475
1000
5378
3964
5261
2441
950
4437
3207
9222
7305
2249
2865
7833
9871
1051
1708
9350
8512
1874
5743
8786
446
5059
8869
9105
2379
5432
2913
8129
5707
6290
1360
3971
7767
2507
8051
8961
5320
2282
2907
9386
5696
2253
6974
8607
9881
1178
1037
1214
7480
2028
238
504
4531
1458
6752
626
4178
8117
4544
5004
8248
8802
9107
9542
3627
9030
2026
3911
7430
840
9043
1094
6376
7500
9004
4748
9418
482
4430
4972
7192
4401
2926
8612
5689
4311
7690
7139
7811
9959
2296
9506
631
3321
7369
9300
7508
1045
8327
9851
5543
1228
814
6184
3408
2860
2323
1442
5403
1173
7985
6696
430
6963
8018
7007
2524
5406
1749
1808
8093
2202
4670
5100
4945
6519
8617
5229
6227
7821
1697
6600
1308
9050
808
6339
8467
2224
3216
6725
323
1962
5235
1992
162
6405
3014
3128
2817
1845
6916
8272
8483
9387
3691
155
7479
5714
1556
2405
6367
9302
7609
9385
4942
1121
1039
5149
312
7134
2027
6364
6869
9879
6212
5135
7365
8230
4443
8317
1917
9852
3469
2841
211
8396
528
5567
6513
6401
8830
7263
3656
4569
2276
6219
9210
265
4776
313
1109
104
7766
3743
5573
5869
5881
8844
5069
7244
1773
3773
304
2378
994
7370
8587
5957
8842
890
3625
6036
8035
5382
7233
4570
8918
8923
685
3293
8063
1826
7409
4842
5190
3154
5401
2775
5710
9728
8701
5806
9265
5017
8936
9094
250
7582
9848
3760
9473
2811
5572
8676
3357
9192
1501
7475
1266
7540
2892
6839
4530
5625
994
8926
8813
8096
9473
1461
7218
654
5238
6142
1055
2328
5202
7859
5140
9727
7747
4297
174
2830
3693
2597
1563
6226
2408
7092
6532
7162
91
3438
4978
3633
2989
9045
8407
5321
1538
614
7803
9402
5546
502
8774
7686
9390
7408
4179
1525
409
9190
6825
4236
2721
5496
9780
2350
9060
3865
1083
2452
7747
3083
485
2087
1408
8883
570
6924
7542
8190
8769
7529
5333
9106
6866
7680
9526
8664
9797
3713
5509
2207
3239
970
9956
6751
9959
568
95
2155
5940
5925
1496
9458
6909
9292
8346
1505
6826
6255
7637
1987
4863
2419
3561
8744
4271
6693
6095
2208
4891
4001
383
1283
7304
4163
5363
3660
3575
7275
2875
7234
9898
1895
9446
8592
5166
5564
4737
9672
4973
8670
2539
73
2598
7504
3137
3291
2450
9144
610
8696
4041
169
793
8034
1603
1865
8886
6003
1282
9481
2502
2643
1244
7963
4787
4145
2556
1128
7251
4687
1582
3675
9277
6695
3924
824
5668
8040
1051
417
8259
369
7884
3274
5205
5229
4703
146
262
4786
2385
5630
3332
9415
4438
1521
4180
6400
8825
3210
4974
8193
7952
1825
2288
2238
330
2491
5367
4841
1151
6559
5043
5612
4198
5416
2284
1321
3973
9799
6538
4572
2959
572
3548
3152
5144
1060
5956
990
5856
9523
8875
7511
2724
9673
111
9567
2056
6821
680
1961
9830
8459
505
7477
8194
8629
7100
1983
5196
8357
4131
6031
2497
8600
1760
8271
810
943
1776
2815
8267
3766
2743
1673
5637
2296
3084
627
9667
9879
7937
4276
9855
3792
805
2506
3866
5820
5147
7964
9863
3543
8966
6031
9009
632
186
5732
1914
1465
9774
338
9101
3127
9296
4488
8230
4858
8486
5344
8761
9350
1131
378
2460
258
4452
1169
3462
3033
9784
887
4402
3077
9243
7105
1302
6046
9157
8865
8305
6238
8343
850
6481
6387
8536
1361
9352
8175
6238
7609
5167
5878
5593
7962
1717
6768
650
9689
8832
6326
171
8167
2169
4054
1043
6900
4205
3471
5231
9626
9465
71
955
3570
7237
580
838
9574
1013
2039
5255
9898
658
3981
3250
3173
2079
5939
995
7239
2480
5056
3895
7397
1998
2401
84
7371
123
4338
1000
4636
1551
9819
7365
1409
2629
5451
4079
9595
4087
676
6355
975
287
9454
2098
3544
2854
2811
9164
6185
6953
4924
2531
6825
4748
4361
9193
1936
9520
6942
1742
3535
4502
4247
8206
9015
4447
2293
9452
9215
5673
2800
4665
1394
6320
2458
4363
6128
2938
6405
1142
4753
6410
5104
7655
7373
5106
8581
2489
3782
1346
3186
1956
2175
9334
5157
2086
5430
24
7636
8003
7169
8551
1135
2536
1811
6780
8705
5717
5748
1571
5207
6568
6676
2344
702
3135
1663
2520
9824
3935
8816
9079
8928
121
5693
2908
2109
9914
8780
4612
9289
75
1853
4694
566
7405
3959
3443
4146
9722
5158
2616
9750
9511
9937
51
2741
2827
2373
7192
1441
5790
7753
7157
8050
290
3381
1238
3713
7613
8754
2103
6998
8794
8855
7431
7941
5393
2495
5003
8552
8017
5588
7380
5830
6259
2582
6097
1917
4653
1659
9118
5944
3328
5395
8640
9502
9906
2283
6339
7378
3819
3952
1465
5505
4992
7733
9691
2420
505
9587
4026
5219
1398
3519
613
7071
809
8909
621
8884
3008
8178
3949
451
9928
9262
1179
4572
6834
3567
5260
9304
5257
2847
7990
9962
9563
8586
4436
1693
5095
2286
3892
1282
1810
8244
4429
3573
125
9465
5917
9216
5350
244
2056
3517
1118
6832
1482
1330
2089
9893
5995
9204
5326
2886
5823
4728
4340
5067
7371
9369
8743
201
7912
4317
4586
4017
7928
6840
7922
7499
6602
6668
6339
6756
1662
8250
8330
9172
4266
7601
5438
5695
6443
7798
2648
3868
9450
599
4252
8984
996
384
1001
1667
2032
3972
247
5274
56
6032
7785
7363
4080
325
4847
6810
1770
3498
4684
1876
6303
3304
4633
7531
7351
6441
1928
3464
5274
4033
2909
5056
4539
5665
2829
7339
7675
4523
3695
8334
1305
6921
1726
7947
9459
8560
2169
4129
7028
9991
2953
9878
7976
6632
8151
8584
6286
6569
3556
2221
8086
6662
7294
6487
2572
4439
6981
7916
5653
8820
1140
8742
5226
3078
3378
7721
1871
6749
9758
7409
1825
1278
8002
9051
6947
525
6094
6919
1293
5568
2087
163
3018
2302
5268
8121
4337
7689
4239
9546
907
7205
5805
402
9431
2934
2214
3260
9948
6074
2765
1329
7332
2360
975
886
4045
3670
1125
8267
954
4270
6354
62
4719
4356
36
6309
1248
300
8440
4353
7789
3939
1283
5510
3997
2758
8985
5277
8654
3114
6733
1642
7805
35
9230
9620
6329
6674
8973
2732
6419
4869
1902
7991
8729
9169
5654
394
5550
4425
1820
645
6776
5288
8979
5095
8578
4613
8069
4220
3385
9645
9766
7626
9732
7676
6345
3158
834
5005
6745
1421
7758
5930
5134
8622
1114
4406
4151
9857
6854
3934
2668
7804
2669
8412
4106
9841
6257
8669
2692
452
2146
9904
2758
1612
9368
3757
7446
5538
6072
9275
2741
5813
7809
9894
5964
1821
4242
6670
3470
9163
8508
6542
1928
4216
3760
3422
637
5546
1630
5676
2669
7054
8928
7683
2435
4584
2082
9654
7557
4675
6238
6387
7380
5679
5848
6985
2121
3435
8868
853
8923
3880
6396
3522
3541
9992
9607
6270
3530
8158
9791
4936
3945
8186
9832
2245
8737
2491
8787
3371
1209
659
564
274
5116
8277
6844
5381
2762
3438
9638
2178
2892
9987
7530
6140
2295
5440
4763
546
2937
7952
8669
1303
8393
7879
