8598
1286
1208
2339
5420
883
6408
3947
438
1850
8282
1707
5783
9907
318
2769
8772
593
3534
9089
747
5386
9875
5806
5187
2920
7547
9463
9918
1121
8837
6174
95
8490
1186
9019
1915
1726
8347
359
904
5753
8465
4574
7893
630
3959
6771
7817
9158
6853
215
5800
3237
8465
7844
1318
1954
5946
3295
7294
5923
5495
4791
5259
6889
334
8173
9675
2120
4241
391
8066
4379
4399
627
6091
1840
1500
3680
7049
3212
8501
5324
620
1466
8371
1794
8980
8988
8594
1656
811
6046
3100
4037
9212
1536
2467
1593
9576
135
412
1249
3333
5109
1083
3377
2691
1357
447
1843
721
3066
9352
4617
9517
1449
5062
8466
2293
6027
259
9270
4864
6019
9636
4763
4566
4382
1363
3329
5088
9212
8911
9831
1064
612
3485
4251
2940
654
2277
9983
5322
1822
4288
9381
4403
2340
5497
8976
295
5463
5286
7660
4002
4288
8953
6278
9276
2381
9816
4743
4711
4429
2011
7908
4716
8905
3535
9741
8077
9785
7735
6660
9866
3256
1155
7052
2840
7304
3112
1366
1171
8829
6117
6551
1496
9513
2226
2596
8318
182
2440
9570
9993
614
7097
3570
9024
3331
4721
2936
9417
2577
527
5013
5331
4816
9971
2517
4715
5410
939
3618
4306
9186
7474
8619
3509
9397
4590
1522
7046
8164
2005
3384
6786
8437
8133
5131
6036
5061
9883
4075
4567
9113
5972
9854
266
1639
7175
1505
371
2706
9727
4738
4406
1950
4631
5469
2672
1382
5252
2108
5169
1851
6562
1564
2677
8379
9584
655
3421
3244
1569
427
5272
2141
4158
8063
1081
524
428
261
9513
6373
7086
2010
2898
3205
9228
4667
4574
7457
7243
8903
9651
4738
3775
8369
2239
7306
5052
7479
5609
4504
8099
563
5237
6498
4399
9535
2791
5008
5883
6489
8592
2258
6294
2258
1281
4800
9019
2613
2157
750
1224
2784
8025
2999
4388
923
7758
9687
9285
4271
7179
8194
7861
8117
2407
7948
7921
3916
2586
5857
9760
3219
8315
5644
999
7772
8629
4629
7040
7925
3320
8026
2249
9002
7584
9039
1388
3740
229
8128
1031
9348
7847
5278
2534
2594
4971
5156
9778
309
2365
3060
3246
6273
8156
381
9037
636
338
9817
3131
9055
5798
9552
437
7889
8012
4116
9766
9733
35
5201
4300
6948
1672
7032
5288
7469
939
4384
5799
8772
3616
390
597
6335
4466
577
3073
3440
5350
4676
9340
2425
817
6030
9829
7421
8522
1417
1657
6124
4175
9205
0
1252
6225
2665
894
9858
7692
2685
637
4310
1575
3081
5294
7602
9576
5685
6866
4915
7040
2763
8066
8083
3662
6217
8573
7037
4032
3106
8154
7802
9763
3582
8872
4665
8493
759
9765
4842
1923
3252
4967
118
9416
4816
3168
9370
2188
6425
6484
9287
8223
5918
1637
2716
1564
8672
5453
9452
8325
5610
7182
3688
1869
6973
9137
9113
3286
2577
8619
8684
2971
6230
5673
9794
1702
8086
6408
3279
6522
8705
9818
6868
4105
3164
7294
5301
2377
1808
6585
9008
6755
2722
5153
5675
0
3352
8022
4432
6643
7482
8443
7645
8972
3495
9016
3659
8280
1005
5028
2655
2413
9897
6506
6960
9149
2279
1277
8873
5162
9321
7332
2828
4960
3087
1218
9623
7028
7508
5304
4279
7836
2447
2054
1433
2782
1883
7669
5650
688
4062
6710
6713
3084
2142
6229
387
8744
9976
8674
9125
5141
4812
3816
2148
4999
544
3589
111
9890
623
7916
8124
2968
2007
9707
2799
5814
3373
4885
7633
2228
787
2241
4804
9754
3863
6754
5613
4969
7698
6388
9770
5551
742
8183
3612
4513
1224
8929
661
9637
6600
8842
2003
1609
4855
2624
709
1757
3067
8872
7285
214
2755
6493
5568
856
3526
8901
1588
3151
1991
6947
1376
3293
1023
3069
5607
7182
7210
54
8159
1184
5682
5679
5961
7758
1972
6844
2516
7984
870
9266
6586
2448
3657
97
3920
2865
9453
3847
3380
9021
4020
5676
4789
3837
334
7545
4118
1290
654
5558
4164
2737
7125
5745
6411
1525
1418
1322
5633
748
1228
4573
5203
4371
2703
6486
5491
4312
9008
8033
2295
41
7354
7273
5869
476
3124
609
837
2333
7647
2251
6164
408
3358
7073
8498
1404
8567
1175
3149
8830
8478
2576
9589
8793
5893
1782
3846
7447
2811
6531
7057
1662
6743
6333
2432
7370
839
6457
2083
8959
1451
188
3348
47
1446
5220
7865
421
8795
3087
4117
1066
3421
6381
3947
166
7610
5069
3259
9165
39
2553
3147
8334
4551
5944
850
3383
5049
5556
5478
1295
7572
7930
3484
6672
3685
3366
395
594
790
3092
1776
4534
2982
5860
3652
7022
168
8174
2402
5958
6874
8892
4842
2408
5172
2512
6518
971
3037
8255
6717
3636
4036
2653
12
5621
1832
8236
5714
7809
8112
3132
6413
5871
699
2903
7866
4327
4862
8381
5420
6280
5004
8131
8028
3178
7471
5794
9037
1239
3108
1038
6599
392
9662
8563
1190
5032
763
2119
1272
9248
1190
5886
1755
7682
5738
1443
3037
9589
4423
4470
3883
3531
2709
1705
2196
665
4645
5815
5886
9314
8833
6163
4369
7120
9630
8651
8186
6614
5495
4065
4523
519
9934
223
2376
3956
2464
4805
7495
7838
971
7964
6149
7607
3879
3823
4930
7345
4085
9606
388
9554
1897
2679
5525
6080
1336
8811
3282
5078
4221
8908
610
1592
5798
7070
3018
3025
2823
8428
2038
3795
2188
4099
6295
1694
164
9132
4748
895
9574
6887
5324
9658
990
4375
8835
9374
5357
869
6719
3840
2148
2449
9344
4536
5176
8855
1221
9297
863
5677
8519
8525
4876
9238
5534
7792
5593
8202
832
5374
6705
3216
3324
5262
5799
7760
2017
1926
3127
7260
4107
5822
7052
5742
9232
7082
3491
3727
5237
1718
4652
4335
1325
835
9731
5411
3119
2948
8598
1568
7691
9308
5728
8551
5677
3621
2872
6765
6728
6421
3456
5674
9127
7039
150
7720
5413
1349
1784
9091
6205
7691
7721
5599
2359
5220
6378
3180
466
3143
4872
7453
9093
4858
9812
3527
2158
9545
5221
3179
193
660
7886
4792
5621
6555
3815
5450
9012
5233
8570
29
4541
5750
9433
5821
9572
7727
2776
2866
4653
2478
9563
6032
9497
5043
6728
286
1899
8874
1342
7972
2767
8387
1610
9146
2457
6101
4835
4770
8953
4623
911
6538
8075
1420
3274
6300
8890
5494
8296
7191
504
2121
5116
1578
1231
4687
3625
3812
593
6933
77
9743
7399
3483
3292
4553
5275
9049
7959
915
6035
4737
1619
8550
303
8830
8567
5189
6211
8900
446
8895
6945
5294
8616
6260
2018
8903
7406
2753
614
4162
3790
52
7993
919
5421
1938
9676
7552
5894
2869
8196
2295
7752
2406
659
7831
382
9662
712
5825
1629
2260
2229
7702
156
9583
3339
8632
8648
7733
9167
541
4682
3212
6048
7132
1726
2618
4152
8774
4581
1545
6019
6435
4600
7561
8492
7964
5662
3391
1189
4981
8860
2316
9126
2449
1939
6520
8302
833
4811
9812
2827
8209
2129
1664
1137
6570
9322
6278
4128
4328
9675
22
6172
9338
2080
7683
1322
910
9759
4539
8688
9824
1706
2625
3843
9379
6394
5059
562
5230
6279
1559
8887
4761
9098
9358
7069
4742
4404
2712
3973
7743
304
186
9132
9529
764
6670
4394
9588
8979
9879
80
159
9350
9737
4129
1206
7665
2804
1196
9830
4723
9563
9930
3120
2712
8472
7813
5836
8999
3165
9099
6082
2308
4065
3077
4924
1925
7416
7892
3440
8550
6821
4725
1900
9731
7053
3099
8979
8208
4528
3941
1946
2955
1063
4332
7340
8582
5832
2216
2208
1027
3685
807
1020
4243
5321
6881
3322
6761
2846
3255
1599
1456
7683
8424
2182
3525
3045
346
2442
9453
4760
6119
2985
2337
5729
8508
9334
262
1067
1911
9822
5699
1344
6389
491
6989
5597
7455
7392
1252
4176
4817
3095
5642
3086
8602
9831
9447
1541
3965
5522
3960
9970
2134
1196
5558
7105
431
5179
7148
5036
8440
7755
1229
6183
4660
6261
2577
1322
3741
1572
788
7458
5233
7701
2137
3972
372
1523
9091
4998
8561
212
8368
712
1787
7192
8343
591
898
3265
7731
9286
3912
7934
3887
1336
5402
4232
7130
3630
8852
8514
8747
9772
114
6110
5444
450
7804
9578
5543
574
9719
596
9174
5864
2697
9010
8239
1187
7501
8290
8751
5200
3692
1545
116
9384
5344
2239
3549
1769
180
6964
6341
4437
9663
5187
8734
4841
3969
5330
9178
9566
3376
9367
9620
4067
8798
6703
6123
6718
8314
5582
2792
1157
48
2588
7557
9183
1018
6315
6541
8128
1863
8226
7210
6074
1742
529
4407
9005
7177
7292
5826
8808
3940
5514
4152
3839
3219
3541
4111
6400
9107
9626
9141
8175
2484
1634
6556
4141
19
9646
4340
9659
8706
7356
4639
58
83
8912
7469
5154
4362
5567
3615
3489
9440
310
7264
4227
3697
4402
8185
7586
4343
1762
8307
4680
740
2218
8266
2084
3418
2099
8579
5094
9439
4927
4616
1398
1697
9164
2764
9792
9416
9457
4332
9485
7045
1404
376
8010
2399
7221
8071
63
8882
3915
8462
7533
4677
3189
8410
1763
85
602
9860
7989
9686
7818
2873
8937
9299
9584
9076
1567
5088
4686
3911
1024
7127
838
2659
9520
6357
1416
417
4997
6620
1452
7014
6743
9367
1003
4132
989
9912
2813
7623
4729
7992
4828
1512
7766
5649
4701
8596
3265
2365
3970
4395
1766
7063
6026
7743
2169
5948
2522
6872
8352
3114
4238
9359
9708
493
7863
486
1731
2632
740
4011
3522
7
8465
3840
8609
6957
9045
615
5759
3684
4126
2574
5140
1434
4736
5541
572
1780
8917
6876
1142
3719
6907
4658
8730
5185
9462
9403
3839
3971
3430
7063
2933
40
1080
5278
3519
8832
4345
8759
8001
1364
9761
1688
539
7514
4520
4236
6173
5687
620
5361
4918
9000
2979
598
8753
5407
6780
3640
576
5590
9089
6963
2430
1977
3393
6817
3040
7953
1980
4741
5276
2541
1472
2799
3345
5184
5468
2419
7407
8816
9405
6344
6413
5740
5686
5801
196
8598
931
7859
6186
200
3808
2528
2228
8518
3966
898
5400
3616
7279
241
37
1623
1798
8934
3072
6502
6604
5971
9020
5081
4504
898
486
8244
8995
277
9581
9135
624
8694
7420
6820
9900
156
7428
9678
4351
4526
1003
1093
2151
4279
1141
5558
4691
2324
4404
4587
2306
7877
9675
76
9660
2292
8731
6317
5881
5094
3599
1080
8767
6501
5507
7957
7312
2965
1558
661
2682
8079
4466
7297
93
716
5128
5668
6838
1283
7198
2536
4004
9016
1778
513
2393
1178
6206
3608
5959
4072
6311
225
4158
2450
2300
9257
8811
4111
9424
7887
734
4015
2373
2221
2883
2556
6739
9978
2493
462
892
7488
639
6145
7383
4338
4701
9080
4235
4894
8430
1367
7784
3303
4936
6471
6638
5087
5918
5246
747
170
6067
9520
1415
765
3610
7363
8791
2825
9380
5821
5733
9640
4310
5242
5837
4223
3862
2104
9468
8277
7972
5575
6133
9770
4475
7185
6563
3235
5749
3257
9224
7198
2005
1032
8669
659
437
6213
1968
1520
2026
3122
6774
469
8045
8345
1886
5504
9701
7778
366
7001
1541
7195
8438
2688
2626
6478
2829
9855
81
4916
2423
8034
5232
3517
4420
7291
7997
1342
590
5878
2414
9110
5586
9043
611
9118
3271
8081
818
5457
3978
7820
156
6987
3721
4439
1026
2593
7792
2468
2075
902
2700
1802
3915
2820
152
946
8004
8225
7487
6676
5361
6226
4921
8374
6189
939
4931
5180
6613
110
4002
528
9322
6445
2400
7933
4473
2566
5004
939
6582
5100
3422
7628
6652
8605
3566
3481
3680
4726
2922
5168
2567
3975
78
1505
6170
9693
5307
2329
770
1693
5582
5953
7659
376
5295
3257
9444
195
4620
7240
5515
8729
8330
8249
8208
8485
1087
344
1438
8559
6388
2346
3535
1337
2895
6425
9790
4741
7386
6679
6516
7640
4960
9546
623
6490
7015
5970
5992
7138
1707
1710
3042
5734
7401
2565
2283
2999
4369
5130
9418
5744
4776
86
1912
116
805
8681
407
1994
1031
4647
5153
1999
5298
8100
71
3952
155
4215
2590
4815
2826
786
2505
8320
735
1825
5966
9801
1770
9644
5292
3864
6032
2201
8501
6555
8613
8766
4318
8922
8528
1872
7716
2279
6342
780
1783
495
5052
4353
1339
1433
8885
1749
6856
3282
7900
6960
9239
6998
7352
7853
7503
2647
8252
7253
925
6383
9379
346
4427
831
6478
6376
4280
7285
6435
9977
2897
4688
2454
7669
3582
1493
7846
3865
5845
9422
9971
5149
3942
465
3941
7708
6162
5289
7510
1618
496
8509
2719
3066
499
573
6114
1720
6923
2488
1365
9648
4531
8639
4995
1599
9829
2487
9143
7572
8642
8325
69
4175
7858
4587
4080
117
7610
6739
8864
6210
780
6902
3542
6885
3805
1332
5955
6820
8899
4068
9464
3838
7243
8927
3082
6317
8871
7475
962
8198
7728
6402
9849
2227
1205
2592
6851
9244
989
3950
6134
157
3774
1877
324
7637
8332
4437
541
3350
4790
7476
3500
226
4443
3042
4415
7019
6836
7307
1488
4319
5899
4923
1445
2335
6416
6648
7363
1809
3713
7562
3782
6950
7768
2084
9687
3794
6241
7801
1995
9826
3333
6492
322
2515
9828
5378
9342
1358
7322
3632
2840
1709
4510
5666
7290
701
1887
4460
8736
3447
6082
1401
7670
384
8585
9351
616
5200
34
602
7150
9362
7433
3619
2593
6538
2214
2139
6050
281
2066
9271
8349
3780
5706
8391
2036
7928
1030
8488
4500
3400
60
9091
3816
5414
6879
4386
1110
477
6522
3980
3851
7918
6244
7192
9614
5282
7760
2015
9491
3327
2378
7831
2093
1507
6729
3731
1823
4149
1376
2462
3545
958
2872
5049
7128
9504
7329
5370
6600
5978
4230
9429
4703
1079
4716
3871
8235
9206
6048
2599
3679
5323
6030
7105
194
2088
7145
824
256
3026
6193
8929
1303
6207
2169
1040
4692
425
8377
6114
4087
7829
9371
5576
4024
3734
8460
865
7607
1257
3191
8736
5957
7012
1022
8854
1834
4572
9337
6793
1440
7789
4541
7425
6250
779
6341
4293
2083
8090
9450
7002
8679
8325
6895
8624
1579
7359
205
9704
5139
8112
6463
9160
2923
643
8669
9442
5560
3445
9800
684
3359
6619
7895
9260
8518
9028
9426
5688
4844
5645
7862
5049
7897
5237
6659
2787
7382
7252
9704
5884
6704
1311
664
951
3693
9269
9775
9737
7678
1031
6357
1076
3531
7818
9176
2680
3002
6947
5065
1855
8246
30
9795
4690
2509
1589
3844
1825
552
3378
9933
2047
1327
1576
5488
5167
457
1749
1867
6798
8054
4440
612
12
6344
1794
9194
1332
4470
6425
7053
2305
8511
1036
7231
8928
1339
962
5182
4520
5708
8624
7864
6548
4810
9077
5742
5509
3215
8657
2539
3173
1402
6114
2221
9954
5596
3695
3182
9528
6807
6081
2222
8739
1598
6806
3609
2210
3867
6603
5018
7054
6518
704
8581
7503
3244
7132
4941
6201
4458
410
7361
7742
8566
7961
9886
4038
551
3435
7590
5199
6256
4679
1207
2020
2691
3313
5326
9507
7258
6977
9430
2058
6421
4239
1604
425
2607
5278
5327
3416
3505
269
8190
9979
7075
8354
4147
1472
3223
5395
7527
9418
8041
9794
2424
6286
9337
896
2014
47
6740
1345
1193
7311
6803
3329
6054
3405
3068
8687
6153
3561
7721
1153
6578
8359
7055
3446
7592
188
8296
8258
8691
3981
7106
1095
5781
2889
9924
9376
5122
742
2436
3808
9676
5390
5359
6416
6883
9422
4304
9177
4296
1540
9315
9219
6487
9220
8161
7450
9237
4316
7847
5365
7734
6831
3064
3644
8237
19
3787
9023
9206
3614
5885
6878
7112
4734
8264
5475
4784
4951
1541
6174
5217
9800
9098
5262
3228
205
6890
5758
5926
7110
4589
4558
7049
1164
1789
3454
5595
9374
3397
3926
6264
9692
8271
621
6323
8781
8023
3697
5413
4728
9822
1387
8660
1650
5467
261
6498
3489
4582
5960
3061
7290
61
3665
7587
4817
8049
3952
6459
4634
490
6742
334
6135
53
300
5183
8543
9534
9906
425
2447
1211
8678
257
7693
3723
9143
5821
1586
5547
8613
7878
6161
5694
1365
655
3062
8231
9313
6170
4818
3298
4008
7258
7230
2338
2900
6967
3417
2356
3961
1275
7396
6419
6899
8225
2969
9615
4329
7918
5681
2160
3922
4721
9254
3947
8938
6928
4631
1693
8900
8659
4429
5215
3511
1234
4596
9424
9413
6018
9364
5741
7780
369
1926
8871
2332
6904
5356
3748
5809
6885
322
853
5026
2381
8982
7168
9930
4080
9790
2227
8993
7147
3151
8176
2999
4269
6508
1355
9242
9188
7401
7057
8232
3008
6798
4378
4713
5161
1538
460
4766
1455
6188
9265
5461
985
9757
2043
9080
6788
1707
2505
453
832
9455
1067
5077
5758
5495
127
6636
9346
1121
1792
6384
9745
6736
3608
2481
3356
6329
6612
2386
5205
6189
9417
4447
2193
1517
290
4019
6739
9163
8852
7170
5130
7478
9277
5317
2619
4925
2069
7378
2155
9016
8910
5802
1552
2725
5457
7417
7357
5866
6841
4687
3555
2637
2444
7772
5650
3217
345
9458
5500
3290
9448
3654
5932
5412
9822
642
2445
1884
2508
4237
4314
4477
1057
506
7832
5204
6893
9727
8793
5338
3264
434
3148
5278
9074
5609
1131
2746
6538
1836
3805
4741
1137
6204
5802
3872
7898
832
5700
2024
9846
325
6073
2594
466
8589
6160
1094
3913
3440
7694
8300
4513
1642
6221
7722
5508
3608
4129
2967
4961
9774
7757
2861
4098
9327
6465
1094
185
5569
8892
2039
6951
5634
6808
8176
2090
2401
765
2104
1740
940
9705
9167
8309
4593
4311
1753
6763
9950
1401
6782
7566
7084
3436
8000
2997
1386
5439
6710
4750
2314
5811
4211
8562
2926
8916
1774
1517
7038
3632
3306
5391
3243
5460
4941
2249
2811
3470
8623
5385
1056
481
2951
3436
8275
2620
6096
832
3893
7929
9847
3110
7933
1524
8483
6408
6967
4125
3571
9514
8480
691
6025
2744
2883
9759
9823
4167
4847
6781
6991
7572
2733
3978
8715
8781
1147
3316
5252
2405
2030
9755
4981
8883
8440
7134
9987
4336
5355
2208
1879
2524
9996
5084
3147
3718
7267
4961
1055
4688
9662
6640
3325
5405
1811
7481
8168
7588
8395
9173
7345
5571
1137
5753
8552
7737
6087
1486
7079
4825
5063
6073
7594
5893
8985
8812
424
2396
2166
9549
7350
8251
1710
3119
2899
8720
6658
1429
5218
6249
4376
9543
9079
1332
8707
7294
7014
4780
1287
986
6195
1419
394
6939
2320
9067
1104
6608
8060
122
9113
2310
2805
4401
7368
636
7397
9248
3869
56
9260
5014
7410
9297
1997
7862
8207
4470
2575
8036
635
2517
5832
8072
7196
8423
8931
5849
9644
6840
1841
8267
5116
609
5730
4216
3541
9950
2316
8627
3277
8104
9200
3257
5436
6340
7520
2280
8225
2330
2520
6636
7246
4005
2658
6297
2987
3063
1859
1492
1156
6222
5897
7782
7455
9083
1342
4039
3592
965
6745
5874
4643
8704
5815
3915
3170
8309
2336
1064
4397
302
8636
9828
9014
5795
3437
4876
7539
9020
8065
9351
8847
2434
7552
2704
7866
357
1638
7204
7242
2859
7113
2801
1015
7339
895
9010
4321
4354
1726
5741
4168
9213
7507
6026
991
1502
2559
5180
8955
6786
2590
8427
6692
1021
1380
3872
805
5688
5929
8928
3238
3697
129
928
6990
8642
8575
1594
8036
7012
7728
3711
2419
3398
8299
8813
2378
275
7694
9780
6865
6736
7543
6132
6323
1102
888
7852
837
3436
4507
517
514
3757
198
9445
8961
8266
5149
8456
3043
7398
6254
6016
327
345
2038
6478
4043
9064
8936
411
5252
6187
7298
8311
3606
8142
1358
7433
4171
2260
5454
5508
1214
9553
5115
6882
329
4379
3542
5380
5452
9631
985
9596
3881
5234
5499
3904
4335
7264
2039
4643
4961
5385
4406
4488
1963
8651
5071
4577
2128
2287
5183
8812
7229
987
5388
7565
5143
4618
581
6252
4763
5240
8284
9160
6804
8532
6189
8756
2334
9854
8966
5088
6433
5165
8420
9122
6749
5270
8979
2400
5000
1331
8435
4643
3090
7621
6806
1030
2722
7382
7076
281
259
7480
2722
788
748
651
6605
5947
9562
4228
7387
3482
883
1951
2609
6048
7017
876
8695
2108
981
8779
9725
839
6857
8041
2922
6160
2063
8889
492
6719
8996
3329
3391
1086
746
1786
4029
6034
6938
3429
7894
1890
8988
9549
767
790
1289
220
6461
7985
1595
9498
6896
1998
6479
7830
7009
2875
4302
646
9096
3259
5002
7197
9620
3670
1950
3256
9604
3720
8943
7455
212
4247
4652
4570
4178
138
4475
26
2273
2218
3853
2023
9871
8567
5683
4069
9366
5375
4301
987
880
5507
6688
465
6791
7827
5368
2809
3697
7843
6517
7613
1721
1516
9258
9393
9815
815
5999
5167
8140
9788
9
1786
1649
7994
3156
9502
9429
3992
481
2621
6215
593
8401
6698
446
8012
8173
7781
6402
8767
6518
3933
9421
6547
523
388
7180
3857
8727
1958
6393
3065
6393
2409
8728
9146
1080
473
8241
6856
1133
5438
7311
2830
2182
7646
3340
6265
7577
8947
6594
7520
9584
4977
8590
1011
3247
4369
5690
4104
2012
2639
5481
2428
5598
6463
5243
2949
9537
7917
5370
4863
482
3894
4151
4501
6100
129
3139
2083
4956
2348
8400
6157
9204
4181
7108
6005
5875
617
7891
1921
7005
1473
5364
4347
7268
1843
8911
7945
8384
7418
9198
6302
7013
6172
3766
4710
9646
524
3985
9386
2802
2282
535
2221
3695
5244
4756
7195
6106
4791
8111
1808
873
9927
7789
2579
2660
4078
4032
7775
9633
2017
5535
2141
7659
2969
6311
3560
8985
9322
8215
1009
494
1672
4515
7909
6838
721
8028
7344
9848
8721
7028
2168
7855
6278
5396
7098
6478
7318
4912
4658
6286
9411
5867
6658
5381
8780
9855
6214
8885
9712
6354
2060
1362
4067
2172
8372
6196
7547
6442
6343
3881
3051
6779
6680
7397
9902
6788
4287
5073
9911
5191
4824
901
6683
3010
4756
953
1872
728
1972
6267
3387
4039
4671
5330
2926
8205
4961
8884
2506
9528
7337
3496
5641
4817
7160
2793
7671
1587
648
824
988
8936
7474
8352
4445
1844
2253
1176
8727
5034
4299
3273
6195
4744
2894
9958
4095
2772
7213
1201
2050
1237
7903
5491
5992
5981
5591
3651
3914
9015
3988
4394
3043
8529
9335
4283
6359
4430
2680
1158
4105
2902
1108
4040
748
355
1101
9068
2368
8824
7462
7123
7097
5687
1950
1748
1591
7439
6406
7412
2118
3863
1022
7035
6761
8506
2816
7750
7285
6467
4786
3581
7068
7952
8572
441
7246
9077
6010
460
8974
5921
7240
3860
6317
8646
9359
633
914
7346
9892
3540
1802
2544
4022
8358
3463
7811
8177
49
2668
3185
4149
9775
9265
6180
6921
1206
3243
5680
4181
2364
3968
4547
755
7596
1012
5269
6977
9257
109
2588
5967
4102
1446
4
6914
6020
9544
4151
5647
9343
6266
195
8098
9484
8389
7876
8118
1354
5909
6008
1330
917
8816
8074
2809
8738
9909
8481
734
6914
7384
3118
6160
9792
3384
1651
404
6221
3561
8665
3169
3516
4781
8612
1914
9260
4413
5480
265
2260
1706
9379
6379
7900
7078
9425
271
3354
1659
1545
6950
1638
1390
8622
7548
9138
880
2324
4629
2675
489
9730
5249
625
1846
7736
6004
426
2084
333
9028
5689
5171
2953
5392
8576
7346
4095
1019
2671
3052
1254
4632
6287
1381
3780
5900
9542
8339
4144
5258
3889
1868
2446
855
786
7121
3204
5197
1627
2312
3607
9443
8540
5105
3921
8793
4839
4478
2043
5466
3063
4593
9633
4560
3959
3193
511
3213
9814
8523
2958
647
184
9652
4184
5747
3865
1213
205
8223
4315
3780
3075
2191
3338
897
29
6985
107
6802
8851
6628
4829
2378
2285
3750
9813
5712
4572
7562
8824
7483
4050
4903
1052
3151
632
6883
6889
1648
4134
6077
708
2641
5172
8773
2477
4597
5619
9445
668
2947
6583
8790
5906
2285
9558
5057
3559
1925
7625
9648
5999
124
6320
2075
6895
1785
3600
7905
2531
5120
3768
7303
4123
5519
9308
79
9412
1488
1993
7975
5908
6260
3003
5317
6617
3781
5836
5214
5390
7078
7152
6815
1553
947
9181
5461
9550
6616
8100
4497
1475
1043
2423
7810
2762
6222
4906
4516
2543
6193
4072
9447
4108
1764
2819
4345
9031
7319
8134
230
1795
1413
4348
3042
6460
9182
1479
3806
6735
4005
658
1698
1990
9700
7609
9912
7666
1182
8193
7975
9703
9832
1853
5865
767
861
26
9910
4743
8917
1214
5480
9554
6642
6636
6224
8807
5082
4612
4084
9983
636
3352
9371
2041
5796
1920
1138
9909
2120
7465
3368
5569
2888
4033
6422
2735
4702
143
4389
3992
287
335
9028
9426
8793
8145
263
2957
7103
6163
4304
3051
2179
6290
4632
46
4904
5966
2921
1526
3694
9921
4823
787
2074
4362
3623
9642
1144
9571
9161
4506
6640
8049
8109
453
1481
5779
3640
2019
5316
1098
5777
4292
350
5762
8005
3645
5250
6632
3443
7902
3420
8889
8007
9652
7255
4212
130
5475
4652
2533
6451
5025
455
911
8373
8520
5065
1249
7371
9938
742
7877
8829
3057
239
3726
3710
4226
6459
861
2202
5340
5473
1831
3327
382
9427
4638
9545
2713
815
1383
9029
4897
1025
7590
2360
9926
6469
2362
8658
3420
2588
7135
1947
2867
2136
9087
8826
3431
7324
1717
158
796
5755
3611
2696
3173
2483
269
8148
2427
3090
4294
6400
7720
1292
1293
4361
7288
741
7013
1932
2948
723
4911
9434
9796
6089
4473
8194
7208
5322
2923
3447
4841
864
7195
575
1515
2013
5580
5278
1679
7697
4256
5621
7204
7580
9980
5373
9597
8662
258
8583
5380
3769
2321
1830
5268
4886
9244
4605
8706
2364
1630
7456
5306
7682
3707
624
5335
1390
4852
1683
5384
3231
7691
5630
48
6836
2518
6552
123
3848
4576
7564
6671
1323
9765
767
4890
9761
930
2524
8553
2644
6846
1893
8458
8196
5401
6844
8022
2627
7725
2101
600
3749
5682
743
3389
7162
1224
273
8023
9458
683
6125
8888
5485
6283
9618
6807
9339
7715
171
4632
2223
4174
2073
5534
2116
8175
9249
5400
4398
9247
3803
613
1155
4434
8004
3350
2874
2681
1901
0
6618
4938
2924
8105
1474
9214
2809
4896
6816
2406
9070
5247
709
2707
6538
9952
1304
1946
135
5394
8732
6696
5105
5841
7433
4294
2939
4073
2534
2050
9102
600
593
8480
4995
2452
3511
3770
274
7244
1391
7101
3623
5825
9238
9863
2967
8783
285
521
207
5014
5022
7818
8929
2313
9081
7515
1533
8800
5623
3515
8514
7945
1972
7567
3964
9694
5888
3730
7421
1587
9114
1101
9170
272
1504
7700
1459
9848
9502
2426
9347
4755
708
9563
8713
9742
2701
7071
995
9429
4865
5037
1494
8914
5043
711
301
7321
672
2497
5902
9929
8200
5026
8409
3123
2169
2310
3924
1329
7781
1306
4354
4470
2129
723
213
99
2811
8127
8570
7178
6591
9583
8292
6642
8942
5443
7792
1616
948
3411
4268
6778
553
3362
8281
9651
8431
13
9912
8770
9860
6770
7211
8062
3598
8205
9407
567
9598
3288
6809
3434
8469
1826
7922
2819
7190
1371
5674
7342
6112
118
9410
3009
5300
7107
3072
5861
8774
9500
4994
3886
6078
3346
6220
4928
8070
6431
254
9151
5308
5992
7052
3088
2431
1695
4715
4755
71
2532
4665
8411
7733
5681
2980
2063
4861
3443
5816
7281
9365
4043
2268
3471
3019
3635
7242
1769
2657
8203
5835
2388
9152
3296
617
7427
8125
5983
4722
3719
4146
1217
1517
917
9675
7364
4762
7669
228
461
6558
8680
3776
6558
9869
1850
156
5044
3147
8751
4619
2608
5288
4791
9765
1845
5496
5877
293
9271
851
2925
1083
2913
4261
5584
3645
8026
9445
4752
5941
272
1803
3068
4689
7098
7517
3707
4869
6574
8452
9802
8536
4218
2083
969
7229
1689
8823
7955
9913
2240
7326
5425
1895
6699
9954
9527
288
7396
9811
1143
3038
9900
2004
9546
9734
6193
8654
3843
7600
2292
2522
6044
7974
9130
4734
6561
9879
810
6484
8630
9376
8268
1945
9337
1917
2703
1491
9753
8346
5763
8561
9213
7511
5261
9725
845
6079
368
8724
1829
1919
5582
14
3033
7015
6883
4802
1859
498
1070
9838
4522
5091
4405
9115
3573
7648
3664
8977
8885
2937
3361
8123
5664
1314
4908
660
3223
9074
3592
8128
5592
9833
7463
3623
6286
8567
8845
9683
4828
7845
8905
2247
1427
5557
4926
3081
3374
3148
592
3730
8343
2094
257
4457
9820
9404
479
6990
6711
8086
4073
198
4881
7695
3981
2031
4809
8563
6307
8643
605
143
6458
7980
4140
574
5378
9322
826
9741
733
8932
5484
517
8488
4185
5186
884
5155
9346
3168
1126
6314
7334
2008
4165
1024
903
8112
655
2764
7263
7363
207
4575
8429
6224
6191
8625
3546
9669
9689
4458
8246
8405
8207
422
1218
2133
3635
4512
4645
331
5630
4887
2010
5089
7654
120
8591
6478
4897
5283
5640
1905
8519
2562
7182
4013
1881
627
5904
4084
6524
7189
3130
1278
9609
9439
8939
5830
2889
789
2155
9216
9249
7220
6472
40
5843
8809
8137
4120
653
8487
1281
1407
9910
7166
4193
5111
2022
8748
3592
5
6848
2239
9844
4624
1021
5299
5181
7036
7280
2454
9568
6406
5611
3685
7492
5552
8030
2420
120
273
1926
369
6078
9981
138
5454
739
5323
4983
4463
4169
1592
8879
1233
1747
4146
9020
582
2782
3157
2580
8049
3939
5543
2768
8539
7190
8830
2714
6956
7408
9915
135
7015
77
7452
8328
9942
4662
5001
5678
2757
5644
3308
8285
6894
6152
6264
7144
1877
4386
9504
2991
4018
5340
5850
432
8859
2063
256
6363
6983
7840
4045
3844
9498
2455
4983
6032
6897
6897
6126
5682
9102
4208
4211
2735
4066
8486
5345
1336
6146
9424
5251
4610
9989
1552
3842
5179
6498
1439
8439
3510
2567
3091
6136
6459
8779
9623
8572
9695
7890
7984
6256
2895
6483
9479
7817
8624
4005
5194
4274
6312
476
4962
440
6594
8940
1981
3622
3234
3333
6042
7008
895
2700
5038
8149
4803
8367
7582
2825
1349
460
4594
4368
3068
1441
9361
7892
4690
5715
6035
7577
578
5580
9916
1918
6158
9160
4753
6256
147
1137
4058
8060
9375
3145
3508
3514
4746
2537
4443
7386
8116
6860
5043
7106
1251
1816
939
198
4850
7726
6215
8132
8125
6088
2156
6077
5438
4247
199
2237
3358
5221
927
6417
3893
3408
711
446
4175
5604
3953
545
3131
4399
8586
3776
3415
4161
5427
9792
7200
7846
7778
7292
4241
9877
7574
8970
1186
9234
7841
2259
6333
6331
3021
1324
7269
3679
5901
8411
6883
5685
7523
1961
7232
5569
1893
8127
170
3117
304
1025
3488
2711
4209
7931
7490
9359
8914
583
883
3188
3323
7281
2527
7193
8010
679
3838
708
9857
9831
6598
974
4374
9298
8504
9212
3809
5491
1005
1187
9988
6032
4400
3227
2072
9111
7981
5963
9707
5878
3819
367
4159
8066
9049
4828
1327
6422
597
5394
4432
2934
7533
8157
4352
8085
7491
9779
1215
351
2166
7378
4618
750
6093
6938
303
5458
8676
200
8331
8809
4275
3981
9676
2397
7939
1164
8767
6181
1399
4137
1478
2534
1230
5841
2948
2382
1953
5644
1547
9059
1260
6327
274
1176
1491
1764
2015
1099
9056
7020
5418
4957
3774
8186
304
3565
8769
2913
2079
492
5892
1022
1496
895
6510
378
3051
6202
1361
883
3355
5237
4481
5871
9760
6832
2020
3351
5025
1990
1225
940
111
9742
5165
7936
7615
2262
372
4724
4897
1835
9051
8497
1666
1973
95
5281
1428
9021
6373
3750
9243
9749
9785
6656
1399
3601
3534
8293
3935
6489
3717
8651
5637
913
2256
927
416
4106
5945
2435
1622
5105
7111
8416
5113
819
7847
315
4878
3126
189
8653
9933
3801
6897
7272
3211
678
4353
9251
3050
2173
3636
9716
4347
2677
6793
7817
7288
7720
8297
8209
4133
6152
4395
7569
5719
1608
6851
6853
89
3251
4483
1106
9569
5122
5172
6691
3707
4532
8132
7961
1917
7010
1695
4121
9980
4731
6448
6919
5847
496
1544
4824
5701
346
8912
4441
6289
6467
1516
8312
9012
3653
9170
318
9730
3106
274
276
8766
8312
8084
1044
4308
6951
6895
3120
2016
8783
6484
7525
4154
4304
6037
1012
123
2086
6553
3679
5037
8822
2357
6699
4040
8894
9910
6914
378
4175
1048
2925
7846
2296
5004
4623
3292
918
6034
4406
7404
7859
6606
8021
9857
9564
5146
7514
1394
8259
3265
9673
8790
1317
7525
1270
334
3131
5514
7527
7648
8467
2029
1274
6644
3856
246
6148
898
6815
7734
8382
3593
4091
926
2780
8357
9758
9676
1179
7466
4382
2792
7231
3991
8062
2223
9453
979
5601
4277
7538
6627
1300
7519
2081
2789
8686
6067
8197
7115
6044
7108
3326
360
2263
425
8010
3078
9829
8591
3531
8024
4800
2811
1063
8714
5219
9976
6976
9440
6904
613
6414
1053
2135
771
9276
3709
5911
7361
7400
4647
515
8957
5252
1345
647
9224
7330
4923
8241
5317
1138
4312
1789
4394
1392
1378
3229
1398
6575
4594
7885
8823
2234
4935
9266
1968
4654
8042
5405
3300
9064
9742
124
4491
5852
2150
4072
1965
159
7268
890
3666
4089
7138
3503
9594
8840
6375
3345
8883
1246
7679
7213
3541
5118
2945
6439
2043
7271
6871
9076
1279
4084
894
247
1374
3009
3582
2575
7435
7315
5837
1585
1902
5132
4095
8489
1142
1402
5327
825
8886
1282
6037
7859
8512
2944
7356
8588
3438
6760
7372
7079
1579
4895
8366
9353
2751
1615
5001
5295
8356
2070
7632
9105
7463
9519
7251
5735
9493
5269
3840
6833
1486
4863
7954
9631
8487
8893
7976
1394
9807
8108
5252
881
6744
2465
81
7658
4597
7588
4222
7422
5762
9400
7605
1038
8022
8125
1753
6804
6691
7418
2806
2139
5391
6446
9445
4477
6130
2584
9924
689
2716
8464
5081
11
9004
1170
4754
9480
9889
1042
4557
4382
6759
6050
3199
9023
468
1803
6198
7353
4566
9646
4408
3669
8569
8506
6112
6150
6626
3358
3117
5565
4084
9174
5083
9064
2121
6492
6569
7401
437
3664
9555
2339
4797
4592
7313
9325
4652
3089
5900
2615
2516
2610
2943
5062
7410
5201
420
4453
1917
6618
5295
1297
929
466
7919
3858
3550
2520
5334
8682
451
2930
8250
8222
5390
471
8109
2021
6958
3151
5583
2641
1171
3354
3819
5586
9362
3007
5443
9895
6745
6151
1803
9348
5346
6109
7040
1699
5668
1428
511
7333
9450
2476
8606
2492
9379
2769
8303
5431
161
3721
7127
5299
5090
6673
5822
6501
2127
3296
4841
1716
4882
4205
8049
7113
3066
2165
9251
6275
6434
5156
2075
880
9216
2058
9654
9200
6004
3363
6980
9196
3443
702
5984
8028
8704
4462
5963
1836
2311
1614
9149
5283
796
8133
4297
2974
5
4933
755
7141
6467
9406
2209
4668
2956
1935
9932
3971
3013
7173
3446
7517
6613
5118
2298
212
6065
3565
3991
1560
4002
423
5686
4568
8276
4725
4684
4370
6432
3684
6289
8764
2132
3005
7145
7303
2871
8133
1816
1994
9499
5949
4371
8996
8672
5407
6989
272
6673
522
6684
8906
7925
6742
6562
5805
6012
4449
2615
4893
1838
6176
7532
9559
8894
84
1264
7378
6896
922
3451
692
2048
1642
2654
3750
6245
3615
9611
2869
6302
1124
5409
3595
5310
9411
4831
4609
9244
4089
5607
5147
2313
2288
3880
1694
3928
7433
8146
1985
1900
1658
4203
2367
3285
1603
9188
1393
9261
2615
7039
9128
3194
376
8811
6385
1377
3001
7789
6164
5290
8696
1436
2573
2831
5031
785
4993
2794
3307
4712
1979
4349
9215
5296
716
2399
2732
1864
8876
5852
4573
6001
205
8373
7786
9849
8971
8545
7610
59
2022
3808
9387
3200
8300
2887
3265
966
3680
1088
3217
5504
6279
8227
3220
6244
5516
5421
6033
2068
1393
8781
7101
2522
9667
33
3531
7946
4276
1314
3302
3738
3699
8725
9950
6162
7569
3649
7785
6943
6065
3403
4834
4651
2405
5915
7939
1066
9587
9328
8794
314
4472
5688
1664
1515
7617
9496
3361
2950
1880
8314
7611
8100
7330
1419
8322
4842
7086
7090
2132
3755
8732
3279
4697
920
5451
3747
8309
3419
8059
5763
6102
9886
9927
7898
3324
4885
6957
8614
1262
9262
5706
5994
1123
6679
743
3936
7527
9574
608
8383
4321
6630
9686
5307
8012
4532
4022
123
3864
7278
6879
6094
8125
3594
4003
8119
3924
9676
4213
7645
8643
8161
6839
3906
3314
7983
9847
1369
2029
9595
845
6013
3827
3228
2190
805
8948
1902
498
6453
2612
8712
8156
8274
3562
3172
729
2924
1276
631
4051
6615
4764
465
3899
5433
606
2073
8479
1066
9979
4309
8835
9757
4600
3913
2206
4695
3289
1441
545
4265
7393
6844
5914
3851
1459
2458
4209
2353
4276
6270
8043
3211
6714
2120
7926
1972
273
675
1240
4045
6338
4815
4920
2700
1423
9787
7346
5519
696
6465
2428
5246
2981
6906
3154
190
4204
3342
7542
3651
3624
9404
5235
2976
9679
7162
4564
6350
9389
7920
2186
3762
4825
3272
9072
5041
5052
68
6209
9199
4912
4621
7123
92
4221
8716
5755
6702
2514
4295
2764
522
9430
519
4243
4603
1170
813
2947
4535
2101
8598
9860
2973
3629
9704
4127
5838
9913
8540
5518
4830
8435
3577
7668
9979
3393
8386
7596
1836
4668
876
2527
6438
9490
5231
7485
9830
5278
4304
9163
138
3740
413
5040
2354
9079
8697
5895
4124
6170
8182
678
9742
252
1901
9471
2309
1963
217
5760
1252
348
4428
5293
6101
1109
5761
9078
8590
17
1777
2720
1978
7322
531
8625
7483
8625
7408
3381
6015
6256
2092
579
6357
22
8527
5982
2779
141
2843
1079
954
3033
8856
9516
9213
9456
1185
5520
6045
1941
2485
2806
911
3806
4983
6077
5729
1012
6563
4221
9908
2868
9122
2913
2617
9071
9817
9974
9669
5332
4516
816
9011
7967
7364
817
7797
3224
5348
8633
7958
7182
3996
6627
7328
7697
4350
7789
186
4172
5940
9547
8546
7263
6981
6886
7199
7845
2101
5395
7594
6671
9720
6884
2621
7545
3515
2223
9407
2672
7306
814
5248
7596
919
2843
1241
9568
9377
7028
6683
8334
9490
1774
5590
5002
9566
938
5782
7540
3550
8016
1149
796
5847
361
1152
7539
7885
7776
2572
2780
8292
5799
9652
429
5351
1020
570
8053
6733
9733
6124
1506
4912
7471
8982
9397
1734
2173
7358
9516
7761
2823
9938
6184
3066
8827
1503
946
3995
1180
5669
5125
2202
5056
570
2858
9640
9245
8831
2233
5585
320
7812
5346
4363
2160
7583
8385
7304
3606
3013
8745
1738
7652
2075
6377
6075
8631
9070
7148
2666
8879
6376
2745
1851
4353
4336
3066
8257
1019
3469
4155
7467
8165
7927
7422
1743
9143
1006
6182
5160
2793
4404
1153
7130
9397
4822
7361
5739
2910
6722
5508
9661
9119
3075
297
1153
1873
7540
8826
7256
8215
6039
8387
7288
2003
2902
562
6169
4048
3205
486
5248
4730
9625
3304
9893
356
343
7341
1069
5999
5534
5189
379
6005
7491
762
103
8055
9497
6897
9583
5875
3398
7160
2741
7259
8806
5773
4046
7360
7776
1792
5166
1917
2610
3419
8497
8195
7367
1277
639
493
9842
672
962
6958
151
3536
3828
6459
4721
6501
5635
5951
2506
7982
5920
9583
6549
4471
7229
5220
9033
587
4392
872
3082
6242
2076
8180
7388
1183
5295
4527
9452
7939
5077
2088
3763
9077
8814
4851
4892
3964
1267
570
2261
3731
1276
5256
5066
2978
6702
1362
191
4867
8340
7435
209
6421
9468
6100
8696
3286
5566
5405
129
8981
4954
6165
2447
5862
6501
3870
234
3485
2542
8549
3621
8955
9860
6347
1671
162
4
5080
1167
4816
781
1772
2506
9086
9567
24
5019
2980
832
178
6885
591
2007
7670
212
8096
6512
2799
4242
8650
3133
6892
5285
8594
7553
8947
2329
9142
3483
7916
4492
2856
3141
8595
7582
5731
6455
2871
6962
3935
184
5463
4600
8871
402
7008
8211
366
1052
28
3206
7416
9068
8390
4249
3626
5286
5164
5250
145
7983
3358
9955
6510
8061
9146
2913
3299
3065
7125
2955
1084
8908
1231
2034
5845
188
9846
5244
7690
1587
9026
3315
1167
5595
3157
6331
7938
6192
2649
7944
9080
5129
4110
8255
7496
9252
4687
8674
2469
9289
5235
9027
1590
9466
8368
2427
4114
6643
5072
637
4871
1653
7365
6566
1313
4135
7490
834
2222
9753
1127
3592
2502
6410
9601
3736
81
6537
9751
3627
2375
8201
5084
1778
8848
220
280
7193
973
2932
1705
4825
9609
7952
2790
1065
2897
4391
7474
443
2471
9388
2375
5501
642
1866
9414
7425
2486
6302
1295
7959
622
9360
649
7692
1367
1361
313
1456
8462
4124
1490
3177
9082
785
4666
3269
1638
5205
8832
4643
3595
1679
5644
3696
129
5718
3133
7474
9507
2824
8613
931
4048
6791
911
8089
8484
7946
9955
524
5065
6519
9860
1503
445
2549
7993
5936
6530
5098
7893
2364
8111
4911
7434
5339
7394
6339
7585
4181
5193
4662
7093
2862
351
2712
4853
4996
4235
1924
2073
9722
7630
5010
6049
5041
4449
8417
3058
2472
1413
9612
8558
6181
3842
8356
6925
7657
8981
2076
535
1768
2050
2299
8844
3797
2027
5375
7693
8944
4059
1313
3434
9613
9422
1564
3450
7296
6901
452
7304
1932
6484
1627
1019
9276
3888
8179
7578
3053
768
2881
9409
8312
5430
2277
8248
9604
1247
1005
8350
8731
7566
2823
4936
1755
5923
2586
5386
8758
5377
2553
5970
1407
6044
9487
9501
6603
335
9235
7182
582
6427
2351
4454
838
7006
2438
8434
3721
8579
3111
3305
398
3172
8621
1852
781
6907
3264
8694
2924
3422
4291
1114
7567
1545
4599
4487
9151
1215
6491
3506
1020
7414
7395
6810
2214
8970
8170
7969
5331
9541
2006
5560
3084
2956
4810
4919
5719
3566
8049
6856
7191
9621
5669
5300
7834
6888
7655
9094
179
5355
9850
7817
3811
8268
2531
323
4557
9198
2835
8243
7327
1479
5560
5533
3824
3042
1044
8735
3868
6309
8238
1444
1405
3761
5522
792
4727
5274
2028
6844
2533
4968
950
1404
9945
5516
1001
7554
6528
1130
3904
7200
3458
8330
8333
5915
7532
2221
478
9007
1773
8651
9195
5520
4564
5492
3110
7668
1490
8989
7298
5062
5735
9102
6512
1581
694
6476
5793
5869
5021
4328
4766
5765
8585
4317
464
4956
4770
7336
649
3413
9442
2521
331
2343
5049
5023
9293
5476
7738
8395
1485
1250
7084
5370
7368
7691
4570
5918
2346
8448
3913
2949
3223
7497
8001
8630
291
952
5158
1135
6377
3603
1656
8229
1001
2818
9719
3539
1567
7656
6350
3508
3753
974
368
9080
9825
2006
6604
1132
4878
6722
2430
1885
3953
9333
1710
3048
9942
3581
5533
8732
8607
2547
2238
3980
2505
533
6374
4536
9269
1542
6526
1317
9328
6365
2352
4300
8585
3653
7093
866
3850
1433
8543
2122
9885
6886
3010
1338
9760
3739
6024
8190
4630
4931
7909
9052
6690
932
8615
6300
6666
373
1130
627
8333
185
1430
8245
8334
4791
614
939
2179
5649
7370
4214
4428
7662
880
3485
8031
2595
7738
9867
8047
2495
6763
117
346
9033
5183
8467
141
8498
4387
5778
5116
2278
5941
8592
7100
781
1214
5714
3729
6002
3642
9105
4175
8521
4363
879
4773
1006
2381
8718
3561
9440
7296
7130
7061
8736
8726
8811
9292
1101
9696
2774
604
4646
7624
1249
1031
6098
6729
5051
9051
3523
8406
2356
7977
9382
8745
9485
9263
6578
3845
3018
7280
3754
3741
7844
676
9165
221
6279
9590
2574
6525
1806
6434
7991
2401
2473
4685
4403
7797
561
8414
7753
8885
1434
4620
8376
1690
7301
7866
755
7918
504
8217
6387
5689
5257
326
2253
8568
4396
7817
8608
1849
497
6647
7854
4445
4435
1336
2219
7394
2943
2304
2170
4531
2657
6412
1880
4074
8555
5505
5369
6813
2738
2308
3884
553
9834
3027
5670
2524
6355
4982
6440
6992
2665
1504
4325
6389
6147
2501
8248
7335
9034
1880
211
5273
3466
9449
2170
6898
8500
4168
1885
7980
8841
3655
7858
3422
6178
286
8196
8820
6979
6358
2556
2158
3806
5383
3214
9695
134
6693
435
8872
7693
8738
4938
9343
8975
2228
4866
5842
8974
3370
7817
9443
4296
7105
4125
3628
9725
5071
2257
9111
123
6604
5334
3311
5347
6348
8672
7242
9776
685
4968
7207
2565
4201
7450
5575
2150
5910
7482
5582
6245
6424
3093
4680
4886
9778
5247
8470
4654
2681
670
2557
8589
4715
5618
8724
8154
623
8166
8273
2892
3840
6072
228
1295
5154
6014
5408
7529
7589
2314
7440
1830
6264
1235
6034
1087
458
7374
6370
3741
897
3352
2310
2363
557
8088
9670
4157
63
428
8031
7448
8293
6938
4089
5146
6933
8430
5836
4035
1540
7819
5364
3660
5449
920
4309
7125
5062
8729
8805
3136
5662
792
130
3855
311
7868
6383
2190
8095
8171
4559
9917
2633
6911
975
3217
1897
6016
8471
8259
520
9783
7220
9196
9282
6636
4793
4868
1928
9976
7166
3115
275
4931
2103
9720
503
1703
8404
7672
4718
6403
1840
9019
8922
5667
2192
946
742
3577
935
1496
6446
8857
3689
4355
6286
3639
4563
3934
4910
4790
6964
7810
4902
8093
5648
9550
185
1847
9841
4639
1744
8131
189
2207
9129
2795
6573
3593
7673
7035
1600
9747
8369
8546
465
1222
1537
9247
9487
3906
4919
8766
611
6288
5595
7527
2740
1380
233
7549
1989
7799
3403
4873
5372
908
7935
4422
7364
3615
6945
2675
2876
404
5373
389
9931
1513
6113
5294
7700
2524
4052
7505
2236
9763
5827
4659
5174
5451
4327
230
7547
2827
3238
6942
6088
4358
9039
8108
6737
2397
9875
2070
5784
6392
5863
9736
3691
8762
8579
6400
9523
6584
3915
6071
6658
7607
7417
3820
5567
88
871
8174
7673
7567
3491
1709
447
5494
9442
3662
9983
3582
322
9685
2893
1746
1010
2401
1625
7106
8304
2627
