3169
4802
763
2026
2860
22
6854
6399
113
9502
5175
6283
3646
5377
6020
3933
5142
5241
5039
466
7814
1571
4257
9504
1016
2243
7152
5959
8454
1372
3916
3164
4400
5960
9085
2307
4632
9973
8021
7548
538
940
360
7890
6751
9509
4554
9691
5841
4973
9581
2276
7561
4238
4207
3055
1339
9830
5995
9093
6926
1900
9197
4302
9753
8516
8941
9734
5332
2032
6958
4668
6672
4765
8821
6575
7387
7524
1122
3120
887
6672
2498
2475
1179
2279
2750
9600
7084
6686
6851
2888
9956
3955
322
4614
4639
5952
470
3615
8807
3094
4666
7654
9665
1779
3439
2673
936
4093
4260
6390
382
2752
6463
9875
7787
4998
314
4583
7427
9880
2621
2172
9850
2500
1615
8405
4468
4705
3758
9503
2358
7244
70
6028
3705
4717
2827
6552
9247
776
4923
6600
3414
9935
3090
5315
8020
1599
3654
375
7149
1013
805
9964
2131
656
4406
311
5260
420
4297
1608
7069
468
8652
7651
7951
4890
1768
8318
4550
3395
1121
4211
7260
3201
6032
4351
1346
41
3651
5504
3205
9229
3721
8470
2425
8706
6374
259
794
736
8327
625
5635
4930
6929
4169
5518
8311
3592
6660
898
2762
330
2609
432
2554
9392
3189
3714
5827
3673
1499
3466
4068
8239
6260
4530
7346
7323
5206
5303
5236
2320
7071
6500
3012
3341
2525
4109
8747
1433
9933
4957
6019
9594
4390
288
7928
9188
7155
7035
5233
9411
9763
9796
1366
6616
4469
2061
8969
721
3097
7598
6202
1715
5729
6828
7122
2811
3295
7959
2761
8111
21
7854
1001
5521
3092
720
6747
7386
5647
6520
7119
1140
8817
6707
5816
6852
9827
3653
2054
1292
194
2971
2966
190
6112
684
3631
3633
2954
2300
1362
9246
4809
7552
210
2245
2569
3066
2984
3207
1190
4332
740
6897
5318
4387
2532
4815
1599
7274
2288
1121
215
7905
4037
8797
3441
6170
4521
7804
7295
4742
624
7981
7210
3159
4738
5357
6004
7574
9544
2694
4935
7682
4809
4320
4790
5940
8480
3618
9716
3760
2430
4662
6630
337
7164
6598
9994
1446
5182
3106
9728
2569
9997
3891
3319
9967
5374
6841
5086
473
83
9832
4430
4760
6808
7128
7578
3474
4018
3872
8000
3770
1995
363
6434
6407
2943
7485
3305
2145
3977
620
7794
735
4205
7860
7149
9039
5776
6694
9804
7634
9244
9078
9301
7020
7650
6121
4432
2764
5502
2422
4582
5259
121
9130
8702
4258
4368
3665
8909
6928
3355
1677
2606
7273
4224
2672
9360
2931
1267
2081
675
7974
8020
2369
3401
122
9971
749
6791
6663
9496
6199
1191
2234
346
5750
5161
5961
5729
5815
1553
3366
1233
7703
8006
5814
4061
5356
921
5876
9559
2423
689
4947
981
5673
256
6837
1242
3543
5287
8289
6985
4910
27
3072
1472
4780
5188
9780
1161
8982
8883
1098
9300
2624
6080
7096
1072
2621
5320
4428
3942
1051
3329
6503
9351
8863
812
9326
1322
9600
4600
3412
6774
4185
6281
3684
8145
7026
6839
9256
9038
5692
6361
3960
292
9195
2774
7325
948
2033
5443
6779
1004
6750
805
3222
7939
2456
6312
5268
9842
614
5050
7
7489
4554
3564
1172
6026
8531
2066
6106
4089
9446
7838
7946
9749
545
9051
9195
5957
2054
7968
4318
4251
6366
3342
4862
2362
9815
2021
7074
4809
1454
9702
4446
973
8530
6876
8445
9306
2626
1142
5887
5549
7448
2750
462
4560
3126
8221
6167
7296
4545
2076
9722
637
2664
3876
2503
6462
3324
9101
5823
8323
5215
996
5880
7203
4088
7222
9515
4406
1278
4471
2851
8798
5461
837
8694
9799
8436
9212
8343
1502
5566
1565
3796
2947
1768
1008
6847
4553
8924
4235
4540
114
5404
9163
4346
2525
2180
3421
1505
359
450
8190
5004
2306
8473
3105
5074
6776
9298
8483
1311
2978
9682
395
6541
2960
7317
2015
416
6630
6256
5508
3887
8163
9796
6403
8857
6215
767
9642
7934
10000
8529
2003
8269
1708
8812
4345
3468
4336
4463
7707
393
4060
7343
6490
3807
7640
4549
1948
3710
5465
9188
8043
745
7049
2695
6284
6713
3804
185
5110
2696
1394
8480
7998
6958
3807
5340
5862
4046
118
1149
2526
8707
1193
2870
3897
3044
3886
4461
2245
559
7247
2584
1606
2823
6953
2713
3169
3115
5777
6712
9640
3850
5846
4806
6627
3531
9640
1674
6300
9017
6396
7257
7824
5776
9951
2928
429
219
7456
9731
7609
789
1651
8768
5588
1289
6112
5268
3936
6972
2340
3725
3538
1363
1842
6612
2646
2401
439
9541
4771
6664
3984
4088
5597
7886
7245
4559
1574
1701
825
5546
2682
8000
6502
1103
8365
9799
4804
806
3013
3383
8719
2806
6216
3037
3785
2302
6278
7840
7325
1753
9011
3813
6875
8958
8813
4097
1554
6136
9116
4199
7391
5261
5007
5420
2385
6239
965
2172
2988
8175
9469
6024
4291
4967
3367
4256
6097
7933
5657
8045
3256
2985
3582
7776
9669
4410
7238
688
355
9004
5523
506
5210
672
1936
7045
6922
9213
4480
6397
3448
2409
4384
3028
2423
51
8998
9470
8242
9845
4862
3470
8412
7220
9445
2965
6864
2644
3942
9747
6519
1262
9512
9331
7418
460
768
2578
7127
4255
1854
7171
2947
8783
9128
2527
1731
3611
2840
9398
1736
3842
5203
4504
5163
2396
6418
8580
6551
2062
2613
3305
2301
8836
3751
5093
8492
3749
931
3835
7237
2814
874
9135
2897
3551
7645
9887
7297
2462
4727
1392
1836
9513
7749
103
7057
6786
6838
9778
1302
2660
5461
5068
5317
2547
3493
5339
6732
2039
8217
1760
6686
974
1289
6647
3453
3545
3199
3323
7361
5772
3666
5385
5512
553
8900
4162
8650
5962
7873
5071
6317
306
9297
7837
5497
1534
8160
3006
6935
5646
5368
4086
6320
9779
9516
6272
599
399
544
2768
2524
5915
2085
2404
8225
6297
4269
8716
3797
4686
9478
4087
3145
9122
8390
2123
7523
5420
4463
1872
414
5661
7731
4174
9452
8488
604
8515
4497
8923
2050
3160
291
3636
4035
9408
2243
7797
4982
9449
5305
3029
199
4753
5306
1368
7821
7879
5124
257
4665
3948
660
2529
4475
1602
4994
1898
8551
5929
8123
1619
2422
8912
5705
6251
8863
2032
1788
6596
2535
9292
6354
7149
7381
7176
792
6416
7174
5578
1622
2254
234
3414
5179
1977
211
3054
7169
3854
8943
2225
521
51
7184
6898
4237
7491
1277
4208
3249
3134
887
8879
3927
2327
8814
9147
5864
8608
5707
7680
2697
5405
4508
2348
3744
2164
4646
8058
1272
3010
3113
2391
534
169
2333
452
138
8416
5703
7650
8352
173
8688
5722
1283
8682
9923
3580
3404
147
515
9298
9762
6149
2722
7386
7112
560
3589
4381
436
3651
7925
8668
8492
5846
5493
5074
6247
165
7225
2475
4443
7640
4895
7305
2299
9906
3261
4509
6044
3081
8028
8319
7170
2947
3491
2332
7932
4644
7544
341
3033
7926
7671
3978
8152
2951
5673
1180
2531
6807
8414
2480
749
536
6834
7379
3501
391
6644
8263
8999
2244
4675
4232
6440
4605
4994
5715
150
2630
4178
8059
8841
7126
914
9046
7865
3519
7538
5221
1860
6913
5476
4390
2277
9523
5367
5433
1236
6946
5471
41
4505
9708
8741
7587
4586
2981
6892
1412
860
1821
7776
8059
8696
2115
9482
7095
9769
364
2544
5443
6839
3166
376
5740
3460
1428
6967
2880
5321
103
9241
8537
2815
4916
2819
9931
7140
764
5435
6921
3606
4701
9568
9574
1472
8403
7284
5054
4678
8909
3788
6721
9490
425
3510
5400
1577
4017
9705
464
9970
6795
9627
657
4714
7202
9580
5815
3997
9802
4405
115
3274
8808
1977
3276
9072
9886
3199
7276
8194
5900
3025
9516
1499
347
78
5000
2189
5029
4800
4380
2473
2053
7068
3646
4307
6252
1841
4199
5831
457
3549
815
6853
4239
9585
9877
8262
8498
3379
8068
2809
6986
8589
3013
555
5748
3991
5953
6586
3495
7708
2398
8666
787
6499
4084
7467
3608
3523
4035
4096
8526
3720
4003
8079
8958
4989
5384
5159
4986
6105
858
7715
5262
5053
3032
5377
9060
6312
1394
9622
9854
4784
5216
8577
2915
2063
50
9775
4921
1471
6479
697
9279
9182
4232
9244
1977
3216
4313
9982
9913
1885
7283
8664
515
4428
5397
2829
7712
8078
5475
8718
4582
9343
4044
9547
2617
4103
8939
5314
9413
2156
8610
4647
9248
5590
40
6854
564
5235
3089
2588
4927
1628
4608
2057
1117
1350
5745
7171
8798
8711
1493
534
6015
3451
2033
2798
2855
5241
8259
8468
271
7234
4188
7318
1233
4428
6278
6477
8072
2172
2491
9511
2778
1560
2223
5878
2601
6228
6939
8829
8804
7599
7382
1407
970
8928
593
3317
338
7372
7225
4882
178
5212
1462
76
2863
1845
3793
4494
8052
9403
2471
1421
9382
1854
4929
6084
2436
8600
8764
6988
7847
6082
2308
6333
1264
3337
5947
7881
784
6813
9491
2989
4762
6357
7027
906
3845
9759
4343
5916
3387
9569
3518
8094
5612
3027
9428
8518
2671
4152
8315
8525
6550
4018
9146
6467
5813
7759
7265
272
8678
7287
7180
5847
8988
2960
9346
1408
1083
4292
5904
9465
6432
9821
5981
4665
4120
7237
1021
8440
395
7120
5772
8500
2653
5534
895
2896
6619
6514
7129
700
4233
8063
8655
3793
6525
4411
2785
2906
16
9896
3408
8713
5258
7994
2255
4804
5821
1604
6237
8716
8175
9451
1825
3514
3109
1803
6682
246
5043
5307
9837
1191
7101
8055
3312
1222
8193
1428
9708
6102
5192
241
2976
3098
549
9741
1939
8488
455
1201
1085
7272
1333
9774
9677
5828
871
341
6029
8393
6409
3410
2572
8781
3894
3282
9719
7565
5985
2367
6836
3282
3263
4920
8067
7100
4963
971
578
2870
7901
6865
8142
6007
883
2818
1447
2739
623
312
4249
2855
6119
8683
4924
8400
9254
8769
4547
253
788
9547
8879
3555
2017
4594
4955
6810
2399
179
279
5399
708
3951
2031
3474
3670
4391
9289
5407
7047
9339
2380
7923
3541
7230
3200
517
1247
3521
1782
5889
9446
7499
799
1943
8029
4183
6870
8480
8034
8504
828
6830
5604
6751
425
8991
1089
4264
8339
99
2380
1867
7319
4700
7789
6915
7258
1238
1607
9818
7623
7899
4969
8690
5184
2145
3526
2823
5381
3021
9839
4683
652
2130
6561
5526
5869
5054
4725
9245
9150
2741
4626
4632
6941
5972
4
4382
8280
4598
2947
3589
8156
2079
3532
1606
5922
8512
1248
8069
7315
4862
262
2679
4212
3266
5253
2250
5531
3807
2169
2464
2490
9688
9927
8197
8927
9863
3217
4850
9460
5450
1450
4893
2372
334
5916
45
9693
8054
1659
765
7163
417
5864
5074
5751
6856
2869
6368
2180
3280
5558
701
6912
476
608
6701
7124
9439
9739
6466
9828
1063
7333
1638
2121
2947
6057
5013
5558
8602
1536
3740
2055
6464
2702
8731
4459
1236
5291
2902
8302
1935
8359
1697
2152
7731
4976
6844
111
6686
8609
7212
5884
6932
4264
7367
9817
2514
4395
3565
3782
2925
9616
8618
4525
1562
2138
7330
8785
4457
9142
7766
5921
4429
5381
6580
2556
3060
4478
9596
1038
3153
3046
5559
5406
98
7032
9353
1619
1073
216
136
1295
7773
9628
1120
2987
8788
4815
9529
4349
6838
9451
429
9954
8728
7173
4396
3055
6281
4692
8705
7664
1038
2598
1107
4549
8403
9017
4578
885
4602
3985
5457
8245
658
8432
2255
441
2006
1477
5118
4916
2423
1537
2693
4940
3051
2449
7314
4243
2169
2692
2695
9281
7217
7096
7185
9721
8842
996
4477
6651
5779
8983
3706
1146
149
8066
2472
1287
1913
790
2074
3108
8049
7826
9704
6972
3266
586
8617
3769
1324
4013
2738
4422
3402
3372
6384
7140
5091
5797
5703
8208
1396
7366
3890
90
7097
5115
5478
3720
8616
9983
3576
3515
7855
300
4213
9434
872
8539
6879
9329
3318
8201
598
4663
5847
5327
1014
5452
1345
9032
7991
4194
2180
8317
9202
2688
6041
4935
7496
3817
6617
2242
754
6174
8813
3165
1468
9329
411
774
1901
4934
8991
153
1966
2010
1237
3891
7853
3720
7402
4463
982
2481
1449
3825
4501
3079
4829
9229
4513
5411
5124
1398
9704
498
7976
9977
7144
4284
974
9561
874
4999
3717
7738
3305
4516
4305
5367
8854
9755
5001
3318
3997
8476
1575
111
2913
122
5515
595
6737
2699
9382
6607
5678
6457
6544
7432
4269
9414
2551
6314
1275
7062
1080
9800
7054
9884
1826
6853
2844
6430
8763
2887
2000
9321
7075
2380
6291
4741
3202
7499
5327
1959
1553
1693
7874
9462
1273
6668
7330
4111
6664
807
2785
8691
8691
4572
1034
2404
6484
7309
2568
6401
1036
514
5452
398
6728
9953
2711
4850
2874
839
2989
8862
2858
9899
7075
6605
4197
7461
5185
8161
5760
6955
6322
984
7113
6903
3902
7378
5065
6899
3829
312
6534
3626
2615
761
4661
6756
5484
6264
436
9126
9359
6094
3186
6608
7943
2367
1136
6418
6011
101
7304
356
5923
8662
4309
9851
6529
935
8356
6508
1603
473
9498
9998
8350
2654
1943
8266
6614
2056
5086
1417
3693
2871
9985
3595
6088
5354
5768
5348
6115
1650
2947
7821
9411
673
8758
5093
6735
1912
1232
6142
5662
2821
2797
4504
8186
4658
5011
7685
5543
6296
6911
6439
7599
4185
3520
5152
1871
3382
271
6682
4476
8870
3480
2390
4332
5751
8713
1684
4550
9158
5882
7191
7981
7764
7263
7894
1504
57
4213
4467
2214
5739
8750
4140
7258
1248
7301
2239
6150
873
4176
887
7316
8468
6917
2957
9287
3301
2466
4779
8527
4492
6023
42
5739
8081
4132
5863
357
8448
3482
805
9485
2374
6932
8965
9428
8060
2048
3002
535
6732
6843
976
7265
3841
6957
6683
1092
6856
3243
4848
5272
9113
3675
3864
1765
9474
5279
8473
4101
2291
7255
462
5382
6113
2228
8927
8866
3942
9779
3669
1051
2105
4535
23
8785
6054
2122
5509
966
8547
7526
1703
9160
5400
5899
1472
8245
4154
7121
3326
9436
3927
4275
5551
7600
3774
5256
3214
8770
6311
8916
5769
8354
6873
8120
4986
2980
9906
6907
8130
9776
9584
186
8238
1946
6274
1938
9928
5278
8037
2611
4333
8504
6474
8187
6548
8118
1388
7516
4395
6605
7608
3129
2254
2660
6118
6901
8094
8450
2164
3015
4830
7875
6750
5311
3155
9073
6546
9611
9417
7458
659
915
762
2194
3398
7678
3122
893
3619
7163
7399
6357
6726
781
6839
7564
1444
7543
4552
6812
8466
8050
4455
8321
9703
3893
988
7660
9621
9598
1750
3668
1955
5076
9848
8045
7925
3405
9995
5983
4778
2987
9405
7929
4650
2726
3244
6132
8102
8084
2949
3437
4038
4586
5854
6267
7085
2727
8754
6578
8876
8851
8008
8522
9005
2579
139
7992
3098
3252
8542
229
7494
6392
8746
7337
6378
9507
3865
1978
2308
7417
1323
2684
5312
8683
2917
9135
1246
9701
3580
1427
7965
6282
7009
9474
7853
1739
6212
299
9061
4114
9732
9739
2042
6816
3925
3581
6796
7735
3133
6731
9386
1667
1776
7716
2575
4976
3032
4537
5021
7560
4514
9744
9660
9882
3354
3271
6089
6460
1437
8580
4099
9408
1051
6773
4011
5943
48
4577
2294
7265
5746
1557
4991
3781
5457
8932
8947
9668
4141
945
1768
457
8803
9736
2789
352
7658
5715
8782
4410
6875
9043
717
1299
2195
8891
1982
2070
3797
9069
9012
3773
6204
5760
8678
3824
1281
8484
4708
7794
5313
8219
7403
6754
8037
3822
681
2098
167
9126
2295
2168
6888
721
835
7484
5055
9189
6804
4551
8214
2218
9447
6157
90
3699
7317
6373
6244
2246
504
9050
959
2129
7782
5762
1992
8299
5057
634
3820
7347
5603
4447
7524
5966
714
8297
4314
7026
2792
8937
3857
503
221
1874
4673
8278
2602
3896
8047
2747
4491
153
1517
9201
3650
9969
7707
8895
179
765
4241
4495
7502
7916
6471
2423
6728
8738
4955
5893
8918
2431
6721
5418
9816
9195
7551
1352
4221
8050
6833
3524
4090
5040
1409
5849
8054
6121
9359
8655
9132
9329
4319
7357
3820
7965
6688
2741
9390
9724
4631
9229
1135
7319
8952
3004
8290
282
2147
6362
6295
1441
5793
1475
2770
5544
7913
8247
5561
6240
2047
3768
7034
3462
8415
4828
3117
9845
2954
99
1814
7746
4297
2111
3645
6209
3036
5683
9363
4917
3836
7191
6093
5780
4548
7347
5440
8087
3956
6464
6460
8962
2120
2074
3259
3641
77
3578
5193
21
82
5953
1866
9358
7733
7693
1660
637
4641
3154
263
6427
2604
3356
4811
7318
3655
6412
3864
549
2363
485
5585
9267
87
2625
2916
3355
5923
9287
6797
4902
7451
5604
9282
9596
3706
3515
3132
8926
5542
8649
8654
8389
1459
7945
1956
7953
3198
3502
8252
4066
5415
3411
3063
1872
1452
6209
5541
657
4423
3523
9844
9365
4767
8317
2695
2498
2036
3926
9194
1771
7880
5527
1665
3996
7254
6174
4469
9313
4272
864
5760
520
1113
85
4689
5168
3044
1633
5568
6817
8325
6562
9131
6647
9092
2720
6842
7690
61
4562
719
4855
5769
765
3452
258
8712
1666
1900
8745
6349
6821
7324
8379
3567
1590
1586
4830
8909
506
3167
5126
3544
2835
3968
5523
5897
1388
9381
7212
7922
2591
4923
5892
4809
6967
2217
8058
6308
2787
2418
5115
2123
2781
5935
1524
943
2669
452
1440
4706
3372
3735
6261
5051
3147
5980
7847
9518
8962
7935
2564
9979
6497
7561
8964
8934
5687
1641
1974
8958
8343
7797
765
1160
5303
6580
7332
7809
1721
84
9108
8955
2390
3583
8492
9536
7934
9499
2025
488
8377
7138
1151
6018
7851
1107
6411
5796
8491
2194
5974
5069
6565
5990
1377
5260
4317
7911
6461
9350
2075
9467
30
1488
2788
5135
800
5728
2202
3096
1647
7955
1544
3871
9287
8453
27
5839
6970
1324
3981
5319
4258
3406
6186
7646
3954
5676
6055
8211
7877
1377
4442
8156
2406
5410
9015
3486
4170
1690
7721
1284
9899
455
4779
3951
8208
2401
6417
2561
873
8145
4196
1111
7961
5574
6102
2110
1442
4598
7722
3958
9584
8544
8695
383
9480
588
8369
4793
8760
6282
4294
2133
5642
3798
4064
5187
4004
5555
3639
2811
1798
5072
7877
4575
9135
4630
4682
3072
3674
5321
7919
5672
9413
1679
3055
8880
5720
5700
3120
7918
6861
8732
668
3577
7749
960
3955
368
226
542
9082
8913
2931
2022
1349
2846
9158
8709
1559
323
7363
1938
1021
6119
4914
9081
8079
3237
1032
4127
7243
2447
3434
7072
7005
7114
9910
1973
9609
9245
9236
827
7801
4451
9466
9631
3986
9916
467
1891
6165
5939
5517
2368
9946
3318
9826
5305
5050
430
110
1892
2512
5895
7145
7699
4978
9242
9790
1479
5335
4732
8013
4214
3396
2822
8792
1916
8828
5790
7855
8525
6169
286
3877
6936
508
7610
6175
6558
7172
7016
2066
3911
6158
2045
1589
2713
2387
2801
9091
9911
9904
5441
3620
3548
6780
1341
1169
9221
4958
2849
9533
4941
2417
1467
1314
2574
5680
8222
5874
8092
3176
413
6299
9464
9630
4481
998
2218
955
9990
4686
9269
4662
2364
5841
9132
1259
2076
8731
4467
5484
8996
2704
4198
6585
9582
1114
3930
6326
505
1176
8807
899
5293
6122
5082
8021
7348
4616
1165
3112
3362
5208
1202
7935
2253
3936
9483
2844
120
3689
2204
5354
7248
1492
1485
4113
5092
4404
9610
2720
3132
3791
7141
2311
6387
3347
1541
621
1676
4846
4947
8002
5088
4298
9370
605
2594
7561
1347
6824
514
9447
324
1668
1819
1966
8914
6239
700
9393
8241
3896
3181
701
3304
3431
60
6989
3315
9161
5500
8955
554
610
7296
5543
2946
3052
4517
1359
3969
1872
9423
2747
8533
6221
1666
1346
7896
4440
5071
1746
4849
9253
3734
2362
6080
2136
3518
8129
8739
529
6807
4859
6884
7895
1511
2669
3568
2350
808
3216
8702
649
5882
369
4328
2288
3379
776
4619
9217
4677
6060
1000
9931
952
6300
333
2498
6349
86
6749
61
6426
9343
8011
5028
4738
696
6391
4380
6318
2857
8270
6589
4716
6987
1199
4792
8014
3757
4945
7809
1391
8629
4054
6392
2453
2392
7925
8206
6591
7066
5812
4734
148
2215
3596
9938
2722
9865
2219
531
4552
2596
9126
8437
3887
6594
2061
6028
3474
6307
7905
7566
6732
1909
8616
9667
197
1825
6943
9963
2220
9174
801
7345
4916
183
7053
4087
8716
5729
2925
2565
3055
4678
7297
5467
727
8932
399
87
651
5829
1158
6465
7831
1278
9570
9065
4123
903
9748
4890
5762
2190
4873
2956
2409
4914
4256
8901
724
3368
9231
8206
8716
4038
7391
538
6290
6758
5916
8855
1075
9442
4552
5910
7528
8704
787
7398
4892
3639
2491
8234
9219
3008
2525
4859
5161
858
2592
5226
1559
5530
7487
8633
4462
9498
111
1419
5009
877
5884
322
3493
9878
2710
9876
9988
2179
9323
1714
4614
8656
5920
1312
1419
6747
5231
7846
7380
3224
5163
4783
7774
3926
7939
5245
2501
2165
8382
769
5061
7070
2527
1059
6709
1022
3626
2824
4769
6581
3158
2373
7899
2490
335
8940
1807
3675
3143
4519
1707
2503
1503
1851
3143
4387
5062
9100
3613
5583
2827
6376
1959
1809
5285
4361
3526
7212
5400
8575
9754
8674
9951
8306
1360
8463
3409
8719
6291
5092
7584
7178
448
6834
3350
3968
410
6188
914
1168
3268
9558
1987
2964
2020
3062
2535
8043
5740
9258
3167
1825
3651
83
6924
5796
3355
4564
996
886
801
4814
9067
9354
7252
2118
3768
6298
5
7701
8481
4574
9411
6983
1406
1673
7435
6481
7249
1618
9736
3447
7729
6046
5149
533
8647
5209
2961
2932
7567
9517
1161
4787
6888
7651
8531
1084
5370
8893
6305
6681
2228
8826
3320
3493
4886
3479
3919
6850
9378
8425
8508
4211
9932
8581
5416
3389
6826
3815
3478
2796
7711
782
5988
7374
655
1573
2201
6951
2425
8916
3010
5434
7748
4535
4194
6115
2765
3602
942
9434
4519
1241
1420
7456
8416
3460
5619
1845
4023
4854
8893
285
1403
2394
3295
468
7473
2708
5283
1246
2879
8238
7991
8181
8181
8647
8362
3682
9450
1329
4481
7632
2253
4848
2430
162
6187
1646
28
8459
9340
4201
3490
1625
7232
854
5505
2502
3673
4999
2671
1726
7873
8661
8419
1694
866
844
3549
8513
1517
9985
1788
569
1225
2065
6845
4871
166
5648
2382
8086
3495
3464
618
4046
4911
2094
2847
586
2749
2738
4530
7145
9822
7356
1225
9269
8877
6232
3904
546
4684
7469
4146
5443
5115
4242
1604
1059
1535
7676
9906
6157
8626
4602
2199
2947
6859
5525
7393
7173
1339
7604
1695
9801
9822
2144
6882
5699
71
2672
3312
95
1572
9053
3694
5779
848
2828
5088
391
953
8058
3319
8592
8673
4727
4368
7937
2477
5376
1826
65
3218
3496
7219
3063
1412
9693
3191
6657
5970
8803
8230
8455
196
5330
8362
3893
8743
1645
5035
1352
9115
316
2238
1149
5264
2824
8631
8952
8744
9923
2345
8762
1355
4399
7613
9471
6130
9913
4932
568
3697
3610
9706
853
9225
3062
5723
2779
1442
5744
4726
3301
906
2108
2159
9872
674
4968
1382
5132
4668
8473
7279
6637
2299
7401
9302
9655
9388
6502
2127
2893
9746
4194
7358
4172
8352
2681
8728
1007
1620
4103
647
98
5876
7223
846
7495
1363
2758
3664
1872
6302
5421
3040
3628
5899
6578
7657
6959
5678
986
8457
8197
4150
927
5955
3811
405
159
4868
470
3822
2616
7372
1922
7346
3718
9956
5652
4128
7005
607
9713
2185
6371
7753
2972
3515
4138
5945
811
8808
5685
8577
3219
6094
5484
8107
1980
4707
2066
7232
9889
4676
1148
300
5690
7651
3707
2125
282
5946
6798
1397
1879
421
8727
9756
291
7486
525
1268
4747
4497
2964
8762
2457
5476
6193
7318
1954
575
9647
5625
9687
8213
6785
5159
9802
4944
8299
9576
6420
5712
8483
6465
1213
894
9807
7615
4621
1113
4787
3995
3035
7220
4318
9854
482
852
2901
4207
240
3046
9573
8969
1491
7863
3828
7539
6167
5674
7226
8592
5267
7877
9409
5152
9903
1135
7376
9419
4558
6520
6642
3612
8298
3357
5841
732
4695
622
1835
9551
2918
6752
5642
3777
9635
2287
5216
4884
2182
7501
774
6281
4106
159
5027
26
8400
8852
9476
4067
5047
2602
5356
6716
4033
3460
9142
2005
483
4173
414
4174
7898
2530
1214
5876
2193
2641
8020
5957
7941
3517
177
9347
6011
2718
268
4595
6104
6240
1064
7812
8032
5845
5163
1362
6407
4493
1511
9339
825
9124
4150
191
3311
9250
235
8326
3973
6540
9087
4563
9777
8684
5217
6234
2741
7596
7556
8330
5550
7997
410
9717
6905
3706
2759
9657
3338
1910
1098
5566
2480
3607
7750
1751
1861
1215
826
3787
3606
5877
9154
5212
2410
3675
3922
4952
2756
8940
3237
1617
7435
6454
4348
5317
7894
6583
6850
7199
1243
474
4831
9009
4587
3233
8354
9102
3934
4472
4791
1367
6805
2657
5069
3647
2348
2669
7332
3461
2615
835
6474
3003
5493
6483
9970
5656
8089
9803
4539
6395
5775
3351
3589
5383
5523
9861
5157
6392
1745
5072
4367
1317
7287
5886
2492
5731
5939
6328
7208
7615
8594
4016
9010
663
6658
9603
3760
4639
7975
9445
4503
6971
5594
9894
5289
552
9395
665
5648
7461
7905
3322
2554
5602
5751
382
2625
