1000 109.60888862609863
1100 100.62408447265625
1200 124.55916404724121
1300 142.64798164367676
1400 170.73583602905273
1500 188.86685371398926
1600 215.55304527282715
1700 259.1831684112549
1800 293.57218742370605
1900 389.0681266784668
2000 377.6068687438965
2100 360.5542182922363
2200 408.57505798339844
2300 462.64195442199707
2400 513.3078098297119
2500 532.2918891906738
2600 616.1439418792725
2700 687.0050430297852
2800 674.0102767944336
2900 713.7799263000488
3000 778.3119678497314
3100 824.7990608215332
3200 895.2140808105469
3300 994.5321083068848
3400 1042.4540042877197
3500 1132.7250003814697
3600 1172.4910736083984
3700 1285.742998123169
3800 1288.8598442077637
3900 1517.8959369659424
4000 1476.6459465026855
4100 1527.703046798706
4200 1772.3777294158936
4300 1775.7408618927002
4400 1843.869924545288
4500 1878.6132335662842
4600 2012.6099586486816
4700 2022.2389698028564
4800 2145.374298095703
4900 2186.338186264038
5000 2293.1318283081055
5100 2427.7350902557373
5200 2482.4869632720947
5300 2587.4898433685303
5400 2647.075891494751
5500 2748.5949993133545
5600 2857.7961921691895
5700 3004.885196685791
5800 3124.185085296631
5900 3398.564100265503
6000 3446.139097213745
6100 3604.8567295074463
6200 3842.808961868286
6300 3613.409996032715
6400 3902.3940563201904
6500 3977.000951766968
6600 4040.5328273773193
6700 4085.3891372680664
6800 4176.2330532073975
6900 4390.047788619995
7000 4478.424787521362
7100 4563.088178634644
7200 4637.530088424683
7300 4703.541040420532
7400 4901.571989059448
7500 5056.731939315796
7600 5106.830835342407
7700 5323.799848556519
7800 5509.264707565308
7900 5483.6790561676025
8000 5766.755104064941
8100 5781.211853027344
8200 5926.277875900269
8300 6592.668294906616
8400 6432.6488971710205
8500 6453.194856643677
8600 7809.290170669556
8700 7086.083173751831
8800 6943.943738937378
8900 7077.733993530273
9000 7240.217208862305
9100 7376.443862915039
9200 8556.241989135742
9300 10319.057941436768
9400 10606.950759887695
9500 10311.645984649658
9600 9894.431829452515
9700 10955.044746398926
9800 9642.491102218628
9900 12559.306859970093
10000 13525.624990463257
