7666
6899
6309
3272
1342
5990
7187
1682
1670
8116
3622
1628
6180
9386
9003
7592
2400
6576
9427
4139
9084
6688
1236
1208
4812
9951
7519
37
2447
8818
314
688
6650
5688
4701
4651
6842
6359
4548
3124
5983
9590
6945
9832
5539
870
8
8241
7159
7214
2129
9730
6216
9373
5416
2855
3260
257
5011
7886
3856
5546
4354
3608
5786
9093
7232
3934
5067
6445
6916
4388
9006
833
3647
6177
2386
7630
6269
6017
6815
1945
9763
6929
0
5555
9627
9944
3092
526
2388
7326
8596
7307
1024
7551
8514
4213
105
7291
1430
6663
2962
133
9005
7853
9612
9725
8722
7219
2010
79
226
1886
8453
291
9018
1375
9228
352
6315
3382
8256
3980
3707
3361
3605
115
3073
3840
7947
8689
2769
4846
7846
3024
2542
6108
9487
1448
1915
8125
5764
9138
2526
8836
4455
2747
9434
8189
5027
5257
5406
8470
8852
8422
3826
1092
9220
4384
3059
6198
8819
9778
7126
9569
9727
1726
8715
9880
2244
1078
7813
5476
5746
3527
5438
7827
3974
8691
6051
4901
6344
8490
7606
274
2310
5475
1367
8520
4684
230
273
2466
812
9644
1142
136
3985
6721
221
2316
4424
3985
8023
5342
3227
200
3340
6642
8952
4432
9500
7386
6344
8425
7655
6793
2922
128
7158
312
7979
2607
7491
4447
1949
9392
5312
4871
767
6287
970
5260
2173
2696
9175
853
8935
1942
6868
3055
5818
1707
6613
9590
7183
4870
7928
4636
7715
5713
3992
5713
6715
3865
8916
1111
6602
4571
7579
6974
4727
1810
1615
707
8169
3657
5516
9371
6168
417
4858
2078
4871
5693
5201
8455
4179
6002
2208
9229
9162
7237
574
6492
5770
6087
1457
3490
8353
8047
8866
5513
5041
7694
4955
8568
7324
6672
7797
1447
9389
3560
6825
9818
4901
4357
2200
612
8341
4758
1843
1977
3134
8879
4972
8880
4397
2281
8525
8752
1282
1011
7655
9889
740
2844
6656
7410
4558
1683
2318
9913
6753
64
4142
9241
3015
5760
4298
9767
5073
8977
6536
4319
3934
934
7522
6330
4126
5964
7607
8545
1046
2666
6269
7325
8615
8953
7262
7777
1474
28
3854
2721
6934
5191
5535
9350
8397
666
8274
1772
4993
2214
4169
7650
9700
9146
3136
81
2976
3713
8965
3345
67
9886
3784
7856
9262
4364
5408
4989
8751
4935
5129
4531
2230
2489
335
8957
3395
9296
1057
6598
1552
8011
7263
6654
8064
1931
7471
4350
8490
9313
6833
7577
8836
2068
1831
54
9474
1937
8898
6086
1937
7955
3246
9972
6511
8378
9784
1940
663
7986
1998
238
3220
1849
8758
1524
242
4952
3705
5547
1936
6976
1642
1987
2033
4402
7150
5033
5489
133
5070
1723
4245
8987
5731
783
5548
2116
9564
6217
8891
5462
411
2547
9342
9634
9629
4204
4134
6076
8822
3569
9456
6421
8035
9985
1445
9348
7815
4561
8756
6287
9032
224
2957
2857
2618
3344
6000
2386
2695
8561
9316
4433
2277
8722
4715
2377
5568
9735
8431
2023
5720
4612
8187
7628
8679
5394
6660
416
2006
3623
7198
3558
1881
6164
1757
2147
2022
5680
2966
2315
8611
3231
2612
3401
4099
7424
3504
2780
9483
6655
167
8704
5146
7172
4721
6889
6974
194
3697
7269
73
1490
5320
5920
2885
1620
8509
1872
2404
3519
9239
8126
8381
58
4048
1609
2562
3346
972
1849
9355
8047
2679
3160
9129
7585
2231
3332
5025
1111
6176
8844
9059
2300
4000
1119
7073
9122
8383
1100
3491
4476
6120
2014
7927
1335
3025
1874
357
7154
2181
8949
2075
7517
94
1724
2592
2688
7947
6332
4126
2124
3106
8243
6107
4698
3957
3391
5672
5610
4784
3988
717
7887
6303
8711
1250
5935
9261
9881
4970
9324
2568
9961
4898
3736
7719
8009
8325
5909
8329
7657
8102
5154
2040
7488
6082
3459
2927
2951
2758
112
9977
1297
5091
379
3790
4981
7742
6458
6598
137
6024
5170
3511
2784
5340
2028
5431
9638
379
6454
8755
9359
6583
6615
3625
9343
4680
582
5814
6265
7828
5592
8246
5839
4067
7734
7389
516
4355
4208
9481
7874
2076
1556
6088
1970
8322
3213
480
4795
9540
2699
9296
7781
3672
3471
5824
2485
3728
4800
8549
2583
143
7060
2767
1351
9470
8023
1144
7492
4024
1968
1689
5691
891
8758
7595
8081
5157
7787
5943
6824
6116
12
7073
9676
2561
6752
7903
5098
1921
434
7806
353
7898
5931
349
7486
5593
3923
6293
1363
6496
1959
7849
3176
5834
2651
5474
5903
5188
6194
9504
6474
4490
2847
9557
4945
5338
2840
9326
4059
3218
9269
2463
6087
6700
909
476
1359
644
3826
5199
3268
5891
3735
3376
1999
2962
6108
7193
4874
4088
613
6348
958
6948
5733
5218
9300
6232
7537
948
2672
6152
2377
7590
4469
2470
9882
4921
5190
4823
6998
4199
9643
3136
1911
3125
1495
1845
3055
7496
5952
5404
8052
9749
6624
28
2345
4400
4621
8978
4378
106
897
6175
9769
6797
5434
878
3692
4787
3922
8880
289
104
6151
1101
8709
2248
2738
5984
2665
6114
2976
450
7056
1469
1565
5673
116
3271
9954
1129
4412
5234
8305
5829
4456
8398
1921
7612
5166
3903
4600
2489
8801
1418
2518
2119
1727
2592
8680
7825
8371
61
4628
5886
2771
1619
7283
3026
6061
2925
3844
8256
7017
3777
5241
3170
7882
1736
4829
5295
3109
8582
1594
3047
5173
4065
4922
2093
133
7803
7931
1330
8505
3788
955
4391
9417
4175
8093
6228
6333
3176
1023
7001
4474
8882
9180
1842
2882
310
9933
2742
6517
311
3893
8667
2078
454
6241
3958
5690
3446
7590
4262
1567
3788
1708
7207
6578
9384
9456
2659
7732
2326
1526
5028
6843
7416
3922
8656
6544
5528
7857
3869
7772
1672
1847
1420
8483
7908
938
7532
6720
6134
8932
2338
4199
3718
8377
4843
4594
7334
3728
7773
2061
4707
847
3611
1335
9274
2601
3752
4612
4539
802
306
5810
5456
2237
9553
1440
2150
3153
8569
2531
7940
1907
1116
5533
8599
3786
2103
1436
4097
129
801
9452
9226
4026
7060
4864
3523
3897
3831
9868
8894
8746
3363
9817
8810
4828
4646
4659
7800
6992
7876
2308
6846
3473
1183
3626
689
9042
5110
1511
2030
635
4004
3974
8969
5632
965
5075
2358
4682
6317
9382
4135
474
9094
294
5318
3549
8141
5416
2873
7384
4595
6776
1598
7407
7753
9907
793
6885
9426
5941
480
7939
6026
2527
2082
7111
765
3877
4916
9998
1056
616
5846
4252
8949
5989
8117
1081
3404
9192
463
2626
9266
3671
1120
9260
169
6133
1845
5460
5761
6148
7427
3038
1370
6974
7733
7090
4817
9531
2159
4130
4767
7795
8062
5697
6021
7025
3762
2902
8617
1718
5436
3132
5340
9794
5002
2050
8948
5397
4334
7582
3245
4416
1165
2607
4708
4388
7877
2362
3627
6191
6899
4806
1009
2761
4905
8001
505
3675
6951
895
8750
5775
5636
7266
6957
6960
6293
6114
1691
485
3142
1873
532
1552
1343
7852
5668
7234
8832
3119
8516
4183
5373
6359
2228
4068
7275
2088
6385
3178
2562
2440
5858
3584
9754
33
8399
2419
3630
5163
5554
3398
8411
1741
6452
6729
757
6599
3307
83
7280
8942
9867
268
7877
7124
6530
3739
9503
8344
3710
4047
1469
3062
1826
8732
1139
7834
2033
6754
6330
9516
1122
8973
3665
423
4641
9475
1921
414
6251
7829
8622
9065
9816
7780
6760
9658
5034
9005
2835
6840
9084
4048
6951
4359
3074
5637
8840
5915
7355
216
2611
1169
4496
344
4460
6322
7907
5309
2524
7455
3242
5904
5423
2429
863
5770
3453
679
4280
4286
6307
8473
8933
6879
509
619
370
8895
3628
3448
5095
3602
5648
3535
9115
6005
5447
2959
7167
8418
2442
8164
8686
8064
4956
1058
2728
2058
265
8972
1344
431
7670
2668
3643
5561
5544
3349
7336
1914
9795
2996
9580
9828
151
4633
2956
4904
796
3253
7378
162
3258
240
7442
660
8913
446
6318
3953
4302
6000
3152
9665
3510
5190
9627
6112
2614
6532
6398
1922
9699
3755
9485
4504
9229
1933
940
9555
3018
3201
7383
4952
6543
7448
4758
8654
6081
6654
5938
9
3404
6973
3130
743
3256
3404
9699
9741
2411
7023
6984
1320
4075
2691
7384
8873
5469
6016
4838
7667
8824
301
704
6398
5021
9949
2050
8110
7664
8588
14
9790
2084
1919
1139
5825
6724
5069
3225
1086
5264
2285
973
8352
4905
8302
148
1413
9446
2437
1649
592
3341
383
2391
7327
4625
1297
8983
354
1281
6017
1892
2072
8664
2460
8948
4052
2879
5933
8247
5444
4418
3924
7168
3369
7548
7764
4395
4393
2702
6443
8994
387
4226
979
2302
5853
9542
582
883
1730
3545
2298
2172
6294
994
966
7126
1403
7021
6084
1543
3776
6560
3539
1260
3787
6478
5482
7841
1269
5257
6339
6144
6844
9813
2551
1815
1711
8614
6587
8237
1234
9511
9281
4230
1117
388
9823
704
3854
1121
1738
9924
614
5416
8121
8470
1569
1535
9935
8756
4368
352
8856
3784
806
8607
364
4292
6655
1623
7898
2262
8866
7320
8036
1115
4124
2112
8232
5740
1560
5031
6430
5498
2584
9814
957
7354
6813
1238
3943
4445
4048
6151
4864
6417
2735
8261
5255
3408
798
5138
1358
5001
3954
2237
7487
1195
1469
217
1125
4923
2833
9358
1561
3649
7074
4962
4064
395
4500
4527
2519
1099
7703
383
1528
3097
3480
5199
9999
3285
2706
7448
7489
2342
7553
1360
6124
5013
9251
7264
5105
1894
6338
2022
2686
685
9926
3699
9653
178
6010
1663
4117
1172
3885
2715
563
5509
3483
559
3407
620
4883
5206
4726
1301
2683
9194
1301
6088
8011
6365
5217
2888
4834
3529
1879
8661
5871
3021
2037
979
6900
6473
4454
1867
3543
3957
1613
8268
9172
1382
8708
2423
5215
5036
5082
8685
1590
834
2984
8575
5468
1986
5919
8814
2381
1735
1443
2584
1742
7324
2586
6113
3686
8832
4854
353
5941
3769
8053
5258
2785
696
4071
680
4634
8861
5062
7271
8084
7373
4966
3289
792
160
2569
258
4630
5220
5684
447
373
5210
4439
5396
1727
6972
4562
781
6244
4559
3246
8058
4233
4250
949
998
3615
2767
1017
3725
174
2240
6556
5033
6101
5171
5877
6964
62
3270
3162
9713
4718
1418
509
8570
7585
3394
8286
9626
2290
2356
8612
2320
7365
2209
2265
890
5880
5216
9193
5106
163
6542
8535
3513
9415
6016
1110
5945
9388
8773
4059
9137
7857
671
7785
9504
3856
7939
3814
3629
1101
3753
7162
3549
114
8483
772
5898
9642
9740
6692
5858
8442
6648
9208
6239
9876
1495
1275
3274
2965
3117
8893
7924
8671
4446
4123
448
4757
6637
2979
1838
9578
6284
7
1300
7417
3681
143
742
5616
9470
4613
980
876
3873
9209
5521
7502
9894
1410
4326
6452
8866
7465
2220
1558
339
1701
6269
5108
5434
7470
6869
9661
4089
4532
8813
8871
4990
2061
6729
3002
1494
8030
3966
5226
3715
5947
2889
7798
6805
5649
1129
8566
81
8369
9841
4631
9291
1544
788
2338
7969
760
7306
9675
8175
7172
3686
1062
2338
6447
9960
8614
6779
52
4945
7191
9573
3194
8652
2224
7913
5022
6469
977
4540
1970
129
5760
1619
7884
2806
9306
7962
1518
2884
5197
2745
5104
2442
1321
8093
4274
2529
5180
2086
1191
4583
7227
9025
7765
6879
2384
3201
7630
4685
751
2333
2372
9307
8963
4852
9981
3925
6223
9503
4946
7163
8881
7225
6919
3178
7520
1880
9083
285
4134
7141
7670
2292
8254
3023
2758
9939
4713
733
7858
9710
7806
831
4628
4743
5919
945
6527
5466
7855
6658
9876
2552
2698
7201
864
3084
6097
5810
8510
6894
1655
2589
4468
9798
452
7046
8293
2315
9502
6554
820
75
4655
9419
6037
7951
9005
8579
7860
9998
3498
5222
1062
9386
688
9672
3972
6910
8663
7810
1269
4009
6732
781
2630
4522
1075
4593
3610
7336
2137
5677
3850
5302
5629
8275
5948
8401
9564
9620
2518
5833
2516
5039
7352
236
2494
7164
6011
9239
2343
5031
3719
4665
8398
5912
1419
3468
5498
4019
4817
8397
6801
6723
4432
6811
3414
4350
2712
2358
4017
3387
8204
6884
2791
1347
4006
4368
8293
4433
437
5722
6438
7949
4118
7903
2744
3659
3188
3981
8082
3525
3013
6920
583
1394
8571
2347
8530
1170
4219
3197
8608
2656
8053
3544
7364
800
1885
8297
6284
4369
3446
1487
8252
546
6322
8297
3574
6259
7055
7703
7854
8265
7336
7601
7336
9475
1502
9515
9121
2655
1338
7046
6173
1072
3089
4826
7679
1615
8991
9984
3017
2771
6888
3858
9835
1121
4179
4982
1731
2876
8618
5965
3914
7363
1303
9500
7736
6332
3877
2217
8443
5469
8291
5600
3532
4215
6929
2515
5840
5127
6321
9080
4066
8903
886
363
4981
2333
5408
6028
7667
7061
7915
1419
3352
6051
3422
4684
9554
7263
2812
3843
1456
1817
7956
429
2236
2666
7876
5695
9183
5398
4564
7052
3625
5408
8444
8180
2680
342
8134
1449
2061
1914
1407
8336
344
883
5752
6809
6737
3855
9822
3001
3428
6476
1895
2444
8775
8080
3456
5813
1281
8776
2532
9600
5280
1526
9034
72
1471
1536
2262
6168
7213
5402
3072
1475
5745
3953
5285
1615
7438
2842
4772
1082
4995
9495
6055
660
4294
4098
7154
1210
6385
8897
4218
4086
473
9433
2603
783
3587
6322
9573
69
6078
3902
831
9418
9274
4810
1232
6709
661
9908
5807
9835
5757
1598
2536
6330
2720
9201
3500
4039
8560
5886
6201
5184
7510
6862
5086
4935
7607
8396
7520
9095
1728
3414
9012
4437
7282
5445
9856
37
2303
3153
4010
5476
918
1136
8905
6560
3446
1458
2877
1781
3822
1815
2220
7490
7901
3618
4914
441
7196
6100
6643
9577
4722
7405
3307
5422
9221
3144
9343
7183
1790
5127
520
6323
5592
8996
1043
9188
6819
1791
9171
5581
701
9547
846
1030
9480
6435
2068
5931
2653
5261
6688
137
9456
8684
3071
7496
4320
8896
8006
1430
2923
1567
4439
5505
7363
9161
6574
9204
3260
7000
2316
4593
3885
9303
9829
9858
4573
896
252
8276
1293
4714
4773
1182
3022
1845
9091
5196
2190
3230
801
5073
9157
1084
2941
9585
7872
7906
6552
3508
7900
9073
3818
2935
2959
6732
5047
4996
9120
7412
4512
1357
8224
3446
1527
7406
2518
1468
4485
8847
6647
4054
7640
3670
9950
7527
7431
809
5092
8945
579
5548
9844
465
3855
9215
3963
3532
7412
2830
9532
5296
4506
6781
492
8963
8440
8927
1471
4359
9747
3222
5922
2015
1197
6225
9949
2867
6809
6693
4396
4833
207
2359
5631
1957
9605
6227
7442
6666
1498
8584
235
314
8425
4135
7095
173
5088
3386
4379
9388
9036
6591
2749
2898
3476
3581
8178
9932
7637
78
266
4214
2554
2351
3148
2806
9434
5378
3145
9941
9923
6611
1501
6582
5078
607
8056
8794
9719
5537
1216
1485
4016
1918
2108
3734
2126
8066
1179
4439
6905
2276
2258
8891
8530
1840
7437
3751
9546
9113
2329
3222
6200
707
6544
6692
72
9115
804
310
4963
2062
9850
6922
128
717
1330
5416
102
3592
3069
4972
2308
4645
7614
2690
7722
2798
8443
9601
5666
5652
7963
8812
7444
9583
4900
8532
9550
2793
1931
7137
5333
830
1490
9089
1025
7220
9573
2231
7620
9452
5700
6504
682
7519
5848
5500
5084
7520
9293
9004
1858
7369
553
2448
3140
5069
4984
1757
2877
557
8426
4041
7967
1764
38
4052
3007
512
7293
586
1802
5563
1525
7610
5855
3217
7153
4314
2598
7973
1903
6822
13
2728
4229
8390
825
7174
7346
1965
7160
2929
2811
3970
7260
5698
902
9491
5284
3271
3576
291
3116
155
4732
6077
6012
4692
3341
460
8372
3734
7584
9499
8403
9282
4244
5278
5775
9902
6478
3376
3605
1690
8727
6260
6397
339
1905
1242
6126
9989
4128
4893
1328
4283
1286
2766
8854
8782
640
417
4310
5638
7011
6600
5055
5229
7811
4574
1245
2036
4066
9854
1285
5132
8948
4025
4766
7743
6609
9311
3857
2227
7232
7098
3230
6416
1557
2131
3935
3604
9135
7666
5786
346
7936
7971
7500
2605
6463
6914
9303
3747
4626
9258
180
9123
7622
7600
4973
3599
5245
9739
7646
9664
6668
3079
1382
9948
4193
5586
946
1622
3263
895
6338
1324
2856
145
5003
7865
8353
9017
5660
993
7710
8187
9699
253
9086
5171
2091
5365
2543
3318
8884
3722
3038
3292
1229
301
1064
543
4567
9181
2240
9277
1227
1330
5513
9985
1560
370
9468
3982
9015
8307
4078
6264
5286
6374
4949
4967
4355
9599
5616
4477
9795
2230
2361
5288
5940
3695
3010
6018
9840
9463
7942
2279
4031
8511
9280
6826
701
8948
5425
5418
8658
2445
4591
8178
8391
5721
7868
8519
9069
1343
8511
294
4749
768
5084
8146
9567
2306
1715
6193
8498
9839
9071
4437
4555
9072
1360
5140
2564
2713
699
4339
9065
4494
794
8823
9807
5296
4839
5816
9609
4544
8658
4134
5469
5189
1894
5710
2295
7457
3130
7286
7715
6950
801
1262
5546
2409
2524
7405
2344
9663
8646
6422
4194
4377
3751
1421
7055
9192
3215
2756
9806
302
7402
9716
9989
6386
3664
6461
7474
4298
5214
7777
5936
2097
5103
4526
2610
6753
7842
4776
6571
4968
7591
2967
7342
4771
2836
8143
8761
4915
5549
9022
2222
2779
503
1767
6643
7163
6303
482
3085
9775
6990
5608
4058
1971
2779
4675
1881
8462
805
4152
7931
2370
1111
4967
859
4184
2650
1096
2713
4131
6199
9143
1840
7350
3061
2832
4337
2898
2053
1787
7050
5018
6498
1438
3833
548
2270
6342
2259
3754
5980
9722
5359
8734
5316
3342
2499
467
2042
8187
2351
9548
6066
125
819
8969
9993
3023
9250
9559
4814
2440
3373
9928
2621
3717
1780
1831
309
818
2493
141
1393
9580
3565
5351
2347
2904
5216
4023
7322
6506
37
4760
7533
9686
8412
7654
1509
4768
4202
7017
8447
2285
6867
2771
8954
7118
2366
7039
2592
8582
1418
214
4882
5843
3472
3316
7657
3506
2924
2413
1222
3722
4656
1107
649
4063
1742
6053
693
6980
2581
900
6204
8263
276
1501
6991
826
3488
3248
8423
2682
1257
8187
5258
43
2231
3136
20
9084
1210
3166
4771
8452
4993
4602
2466
3131
5521
773
9357
265
8336
7485
6406
6233
2684
7783
1535
7234
2360
6660
2486
2940
9212
2695
2666
9849
9136
301
1176
8803
6480
6394
830
6598
784
6741
6083
4537
7551
8716
3563
9740
3192
3098
837
7122
8443
2343
81
2031
6135
5504
6411
5710
6973
578
4901
8079
7958
3636
1425
2046
8476
6425
5795
1700
6977
6306
8397
6657
5150
3130
5306
4888
1367
5239
294
1325
4635
3244
1950
4425
9817
3836
9084
1951
6645
7932
5401
7115
6424
312
2223
6374
2683
1441
8387
5082
1876
4132
8296
5644
629
8543
1662
2436
6670
4993
3855
5805
3293
3792
5181
9852
7068
9420
8069
3347
384
161
4379
4180
52
8574
8908
3161
5226
7594
6909
6460
1755
2662
3904
4904
6078
1301
7516
5530
3392
9371
9365
1546
4433
3436
1951
818
3279
5086
9065
3449
8783
4335
5001
9008
8108
962
795
2418
8214
4376
7315
492
6755
1009
9342
8448
1011
6395
6267
8407
7005
4346
5456
8341
3682
8588
7823
7324
8910
9318
8242
654
9854
357
4348
6939
8873
4735
5857
9100
5504
6365
2160
5537
9250
9948
825
2805
546
1973
6834
5036
7065
7367
1567
3015
4370
9700
3849
2770
6715
6461
4015
1658
1395
2781
9144
8586
4589
7106
7705
3063
8353
1366
9005
7821
5812
3032
4952
7141
2989
548
7362
5402
4179
4384
6789
2560
8631
3075
6565
8044
4270
1520
1293
8964
3419
7088
1257
7818
3114
5617
2292
7793
3447
3984
8126
9763
9608
3913
338
9328
7385
6802
5986
5003
9862
1713
1420
3226
6463
8316
3812
6497
4259
8019
8533
7612
5565
3994
4265
2134
6519
1733
1036
5620
7365
5615
3837
9815
1900
3660
1436
9005
9654
784
4649
5263
3127
5038
64
2216
4779
6317
6480
6257
9891
9783
1240
6012
9799
4779
8012
3225
2262
8374
7446
7113
4951
3782
8226
5131
7673
4114
7235
8870
9602
7799
2974
9775
5561
4258
4017
7215
5101
1416
9720
3931
1104
238
5556
3538
8452
5552
6447
1443
7765
1455
3151
6726
6804
9555
7073
9190
1549
7328
2725
6164
3319
2719
5409
3885
8363
2272
7168
9493
9764
55
8724
8124
1470
971
6909
4465
4521
485
6603
1613
7868
1994
2228
2593
5667
3772
2666
3716
4915
3126
9308
1802
5387
9211
7848
5379
6194
5438
1052
9691
3303
77
871
4236
1332
5598
9576
5529
7864
4572
1657
7860
6783
7309
9932
7770
2899
2043
5149
2847
2340
2704
1776
626
3462
984
5768
7133
322
9593
7834
2355
382
7929
9524
7018
3558
8796
5066
2738
4527
5360
8984
4089
7323
8966
8027
2996
3848
9573
1514
7857
58
5863
3589
737
7474
3647
5780
8518
6046
1335
5348
4405
3251
7154
837
4360
7174
3973
6708
6935
9971
7723
9707
4988
1465
3696
3515
2536
2225
4270
4394
6661
37
9441
9607
3300
9236
3840
9295
1088
2235
4981
1534
533
1093
4597
9700
9033
8343
9629
919
2684
9216
7647
8264
7108
1738
629
2252
612
9764
9920
2986
6214
9102
454
6501
6691
1985
3443
1896
3793
4209
1612
1268
3850
307
3226
2534
4891
4556
1131
7843
5793
4155
260
4869
6417
5001
5577
6188
9527
3872
5094
453
7235
925
225
1955
1534
9405
572
6173
1683
6147
502
7430
1143
4911
3227
4210
2537
729
2926
5398
2965
456
6075
2535
7915
9604
2893
5250
6399
9292
3708
4440
1262
5125
9183
4926
5675
7207
860
1409
6947
3753
3808
1982
7158
1779
7884
8971
7572
8323
7416
7349
9186
428
7813
9744
1112
9427
4764
8424
8350
9698
3383
3559
3114
9052
7623
9395
8452
4085
8580
2106
2965
1145
5223
35
7624
7596
9040
5320
1890
4213
7249
6080
253
4132
776
1124
7087
6102
6598
31
4679
9994
8376
845
6257
3234
3618
8230
575
2613
8320
2703
4501
8617
2437
9463
4408
5477
9491
9336
1382
3621
4684
7634
1792
7088
8220
3564
1683
1762
7222
5082
1075
3659
7313
7403
7701
3173
1821
3916
292
4233
9127
2464
474
5436
3426
6686
5820
6222
9928
2197
833
3508
63
4602
9878
6133
5854
496
431
4486
8856
9325
3782
542
8826
9842
4084
8438
4700
923
838
8179
2793
7989
5648
965
6012
2914
4325
4751
1747
1706
4988
3005
1732
1137
5239
908
8570
1408
7696
3306
105
6314
9677
6592
9090
6656
4703
210
2830
9851
6435
5356
2370
7466
3117
557
9210
5786
113
5639
9715
1744
3599
367
5182
4230
514
9068
7267
6998
7323
5875
6317
3211
5570
6752
5207
15
9646
9417
4847
6566
3123
3017
5434
815
858
9642
2682
4524
6289
1157
165
5899
9219
6991
45
8595
2481
4614
339
2789
4409
249
8916
1945
5083
2026
674
3784
4864
6167
2557
3582
8664
9964
6370
5763
8754
1618
5095
9160
3498
3045
1793
5328
3177
8706
4179
7071
6436
107
6467
1990
257
7535
4544
9040
5803
7386
3237
9552
2894
7886
648
9085
6059
2158
7891
4170
8113
576
8204
9914
8231
6341
863
6837
6514
4326
7805
2917
4097
1240
5294
8796
9180
6630
5414
5390
9659
6207
5049
3083
4165
6032
1021
8426
1893
766
3877
8261
8068
7908
3018
6020
2189
8475
2912
5420
1843
4312
9936
2125
1727
2133
2603
2645
585
7112
2741
2789
7176
6725
9233
9133
2713
2714
1532
4035
8681
6332
3689
8178
3214
4593
9949
7469
6627
69
9673
2475
3486
5055
1039
2100
1210
7194
2166
8674
6431
1297
5325
9615
1201
1315
7575
1336
2521
6439
1905
3693
4732
3473
2647
4916
4869
8604
653
463
810
8408
556
9129
3969
6331
3534
1711
2172
8697
34
1409
34
1628
8639
239
7424
7656
3887
9759
9461
7610
3982
2687
960
4695
2323
734
9091
7658
458
5457
5899
7943
6972
5272
7563
4362
1773
7647
3235
7087
4797
1539
2568
1824
4522
9148
6984
3070
6640
8896
6634
4532
8580
2046
578
2775
5074
611
4210
1423
8429
3588
4932
1424
6522
2934
1845
6772
5974
6251
9760
8790
7508
5508
9540
5349
3747
2133
9529
856
2311
1957
654
9559
173
444
8364
8427
9350
4147
3309
5206
1479
9658
7814
9748
7991
4955
2229
2023
8716
2893
468
8088
9997
2017
6860
1144
5892
2410
9248
1950
5546
9023
4655
6737
9884
2296
4740
3857
6871
3804
2289
1295
5087
9536
492
7798
4782
5688
6693
7299
9502
2880
8444
4085
3573
5583
5285
3172
9229
6837
2189
4769
8915
8085
4152
5219
4458
2683
1561
9084
4146
7634
2069
5447
1257
1289
176
4127
7155
4853
9032
904
4235
1307
7692
864
92
441
2218
7879
1598
9057
3729
6348
8734
622
1454
5625
3271
7225
1689
1939
5323
1077
8347
88
8411
4938
5455
2610
4945
1339
5180
9611
7751
3238
2374
9483
3931
6188
8928
4968
4841
3747
3702
9516
7857
6816
213
8293
4175
9253
9527
6950
8879
5205
5535
978
53
2482
4832
1195
5597
9306
2975
7584
4522
6218
7237
9722
5030
8653
681
5355
9961
8309
2465
6543
7489
738
7747
9448
37
5306
2831
703
4613
8457
16
1052
837
8062
4652
2319
4535
918
4036
3557
8988
4554
8343
4711
6466
774
2301
374
2236
3507
8245
2278
8469
1624
8396
5561
5502
7793
3654
9467
6080
6229
2617
3700
6296
1288
2321
2657
1217
8670
6283
2742
5674
412
1662
5868
4213
9908
7182
7705
2644
8565
4685
3471
3132
3891
4022
7018
6961
6267
2937
8610
7211
1179
1564
5154
4510
6893
9731
6870
7642
6828
3883
8034
8213
8307
2814
2686
8918
6566
9307
4465
4477
3086
1667
7947
5502
2069
2612
2423
4793
1869
1436
9675
6531
7528
4852
9766
7839
6819
9936
4473
6653
6485
8909
1906
1784
4501
3833
1319
1087
4377
8416
5247
6875
6296
6714
7698
2757
1611
7841
5943
9581
5469
4144
1932
1803
5582
2679
9642
1004
5849
389
8142
6519
4231
9784
5484
8926
4335
9725
7714
5569
195
5582
8050
4192
2601
4479
7923
2074
1253
1754
5052
3322
5920
7229
2703
4545
6464
7235
4046
1597
2298
5934
2547
4547
3223
7996
1138
9903
6264
7668
4083
8358
7260
7357
7882
8360
7679
9710
5555
1286
4195
2988
8798
7949
6068
3626
5438
4770
5484
4161
9415
4050
9960
2053
457
7229
8110
8754
9591
3284
1913
4923
8972
3109
5625
8327
473
2647
5399
8201
7954
2006
4115
5904
1813
6010
5331
3423
7848
8376
1962
3566
8912
1740
6267
2491
1692
6475
9418
7013
1127
2676
2877
7616
2160
497
6262
1183
4781
5078
7738
5515
3790
2958
1842
9966
4225
7262
2852
3757
3318
42
8774
167
5069
6170
9161
695
8199
8725
8287
6840
5035
7546
2596
8971
3581
8122
5349
9832
5266
9526
1345
9611
6280
1530
9341
4334
2923
4194
2070
3953
6316
6505
317
4659
9126
2543
8694
144
5277
6758
6825
7872
2779
7618
9838
3623
9997
6195
1522
8622
982
3778
7840
9869
1880
7198
7233
5941
9038
1015
1467
7229
8743
8549
2138
2632
7147
7124
8223
9538
1568
4302
3175
1562
9733
604
5803
5490
2599
9363
9903
1943
2589
6318
9737
1640
2450
1901
3770
4278
1938
1645
8823
4499
8040
4615
3116
6808
6484
5619
2002
9090
8337
4294
5497
5475
3233
4134
3071
6980
3835
6006
5583
1407
601
5308
9202
5857
6796
7500
2984
9530
9823
8635
8366
2283
4682
7949
3665
6824
2475
8691
8616
3700
1806
9978
4958
9866
8573
4925
6406
7494
1516
2848
9269
9745
9394
8455
2794
8830
9583
2266
9358
7343
633
7770
2901
7631
393
7908
1880
3138
4251
