969
3184
9057
2270
7629
3159
9807
7564
3788
4266
7643
3160
9133
2672
2080
6244
8445
8198
5039
5896
9704
2419
4094
5703
556
700
1683
4301
379
113
3129
7718
7805
1896
5337
5520
9861
5314
8053
3898
6132
6539
3605
7902
7066
8298
7363
7366
4293
2591
4168
7346
630
5709
1203
5614
2201
1724
873
5247
9983
4034
4515
4686
1001
5485
2079
3661
3497
939
9395
3582
4769
6986
7273
6069
6132
9557
6457
7234
6617
9507
126
3599
9754
8932
3180
1960
801
3194
5378
7910
7716
1313
4700
663
6725
3175
8359
5266
5785
6589
8978
9330
8384
9943
1867
8705
9863
5917
3637
30
6589
5241
8100
5388
4862
9244
5398
3789
692
5266
7618
7492
3607
3464
7778
7342
720
9770
6466
3436
3063
1190
8408
8725
6654
1246
7515
2515
4336
7915
9829
6922
7541
1700
9265
5083
1282
5419
1370
5906
8619
8236
5363
2648
5337
4351
9727
6492
4525
1142
8174
5771
7448
1044
1394
7620
5226
3317
7822
9930
281
6010
4564
2604
3789
9925
1749
1358
731
1007
6755
1395
6704
347
6369
9301
5398
9976
3249
4078
761
4357
8352
9334
4695
5982
2565
4569
8168
6311
9674
9259
5115
1864
2665
1021
2027
35
5518
733
8975
9863
4008
810
804
6336
7919
5880
1254
8242
3796
2217
5166
4621
1811
4858
6444
778
9167
8553
8521
2514
9958
3
4945
3407
171
8802
9317
8534
2765
6343
6651
1771
2535
6211
812
6065
7817
2949
3404
2616
8682
649
1586
546
3229
6487
4490
5385
3004
5739
6222
9927
8235
5798
1699
5021
9893
5676
4227
5833
5874
6389
9310
4585
8792
3214
7809
7084
4641
2209
4800
5969
5544
3838
3602
1519
3648
5412
3832
5275
3972
3768
2699
7409
8325
6174
5366
2081
4602
7661
9204
9819
6026
4146
2516
6726
2230
198
745
5651
5732
240
7620
7473
3702
3022
7982
612
1888
9924
2853
5885
4036
3137
2465
936
290
4073
6997
6245
8791
2454
9614
2752
707
1997
1506
732
691
7765
4274
6958
2397
3769
257
143
1271
1366
2962
3258
4181
3670
6084
8900
673
2137
7604
5017
5093
2741
7798
3400
7388
662
3968
8714
796
3713
4252
4955
9515
1402
4768
8743
4765
8969
4129
2410
6832
4774
8403
2781
6419
6559
2632
3300
9057
6856
249
2919
7474
1169
9203
3124
7962
8915
4328
9223
6227
4618
4712
891
9376
9731
6143
4558
2844
4758
5660
63
8425
6611
2988
8314
199
9407
6752
1915
7319
9977
7072
4600
3785
5850
6715
2474
9256
6220
3700
7787
4609
2407
8949
2581
5121
3842
4491
3722
6735
6542
6384
4558
7105
5211
9941
1138
4048
9958
5680
1332
3224
3817
9580
5272
248
3026
2679
4314
5764
4115
2697
9099
3597
8734
9193
8992
7669
7047
9342
546
9763
6575
5567
7374
6152
4139
8760
1790
4667
218
9836
3804
2866
3047
556
6506
97
341
3729
3230
3937
3077
3034
6461
8805
5282
5727
557
3359
6847
5117
4102
4319
5104
1543
620
6233
5965
8440
5997
616
1237
7222
7951
4546
3780
1936
4903
9464
9612
7393
9959
9684
6491
3873
7558
6997
8089
6464
5745
3886
1596
8729
662
4350
4428
1206
640
4123
2816
9624
8082
4775
6889
3064
2237
7674
3774
5685
3354
12
3839
6877
4201
9631
3243
9385
6186
9415
6178
4299
6827
848
7939
1226
5914
1034
8649
1682
3445
725
2459
4328
1364
9684
8690
6878
7122
9354
7821
6736
3033
2265
5456
6787
1683
8158
8246
8137
9247
953
107
5560
390
5707
7398
9831
6614
8956
2332
8125
2807
7829
6468
1391
3357
4424
6655
4859
6618
8599
2731
4928
7460
9163
3935
9889
7856
9083
4329
5411
8715
3736
3566
4507
1083
7876
1656
439
4266
8902
3969
8801
2860
7131
2762
7982
5741
8559
8959
6098
8650
8746
9759
6062
1879
5672
7103
9468
4392
9658
939
1050
9622
1513
9677
319
8102
6405
3359
6650
7724
4434
8930
8385
2220
2399
9809
2745
3511
8244
4794
3341
9720
639
7674
6984
3902
3569
5095
1966
3200
4364
3701
2470
4314
33
7173
1990
2914
3172
6631
7596
7116
3929
9470
1366
6001
6001
2729
9736
9929
6869
8949
5475
6873
9548
6214
4620
8224
1252
6040
2217
7826
3967
6285
5427
949
8414
1829
1640
3788
5512
7788
4267
8735
2551
3661
4266
1398
5877
7155
7966
1914
3435
7994
5611
1763
1740
9474
7823
6348
7668
814
3781
979
6142
2249
362
1401
5067
3842
4316
6761
3845
8998
6652
2248
5859
4137
2901
4343
3865
5961
8660
9171
3941
7447
182
9945
1880
8456
7108
8702
3414
4891
891
552
1374
6805
7046
9987
6242
2200
5572
2060
9225
5703
3368
3829
9890
6284
6122
1302
7192
8271
4043
5499
3764
8830
9375
2624
3082
498
3087
4086
5135
5517
7162
7446
9678
1249
7694
1338
5654
3790
6907
2770
4213
5331
7541
8365
8612
9918
9986
6879
495
4065
825
8364
2250
1744
8403
2067
7925
5475
4105
4068
2247
4523
2961
6037
4692
3385
4903
4738
2125
8977
9352
4643
7202
7889
7254
9104
2796
8755
3637
139
3522
5255
8148
6474
2399
5026
8046
4330
6575
1238
2727
3880
3108
9231
5061
1190
6881
6776
699
265
2913
5349
6499
8227
17
2385
3715
6642
5540
6546
2208
6435
3524
6147
9881
4451
1657
5925
3397
1730
8132
4707
324
1856
1920
1112
1214
4217
5378
1587
2618
8482
6777
556
3184
9240
7548
1453
1744
7717
7659
9692
4121
9280
7160
2352
1302
3800
7063
2127
8194
9969
9985
253
8096
2078
8328
1934
144
6817
341
307
6553
2958
5662
8541
444
7673
1412
2725
2580
7326
7752
6409
4014
8267
39
2960
4763
295
7824
307
1751
8750
1837
5514
9790
2594
7681
3579
6840
5408
5835
4179
2353
2706
5131
6676
148
1352
8966
5943
5533
3167
4824
4851
5548
8517
6119
4152
6058
2742
404
6478
9466
534
536
6337
2544
6916
5979
7027
8501
8214
8219
9808
3079
1335
2939
3629
9379
1714
7753
8888
2681
7680
2743
3932
6215
7931
3728
4532
4364
9569
5275
1332
143
9570
5084
9311
7446
2116
569
6340
7223
1320
7472
5924
4059
1480
806
9074
9967
1456
3028
1348
8704
1002
3808
5780
3462
1561
6131
8526
9797
6180
7173
4243
8101
940
5792
5574
5318
1725
8311
7461
5214
3867
9355
9469
272
393
416
3654
7131
6197
301
623
1237
2809
1040
760
982
2088
5596
1667
6070
9003
6402
7840
7990
6472
2686
4691
8548
5676
4777
6991
5071
1246
3372
4808
7143
1915
2796
8249
7459
8214
5681
7132
424
1723
7915
521
5170
8197
3590
8575
5198
7969
5237
2936
1048
1152
5816
5089
8214
203
152
7889
2726
2220
154
5101
1895
1874
2584
2815
1758
6282
8599
4973
6495
8793
9383
7418
704
1335
2410
8426
2120
911
8237
8411
7765
410
1911
1290
7908
6033
6735
8079
9705
3455
2660
1185
5567
2658
1939
9442
2073
1711
9606
7851
5377
4418
5243
7727
3326
1705
1768
4630
5792
527
436
8794
655
4933
2320
4299
8393
1862
1675
3095
6167
182
6149
72
8323
1893
4722
6061
9060
243
8940
3170
8182
3509
8665
6594
3260
4020
7637
8089
4334
2443
8650
1845
1545
6095
1370
2148
8823
1819
8275
688
258
8084
3419
3566
5634
1566
5833
3740
185
7337
1761
885
1889
5992
7364
1812
5223
3596
9348
2208
5357
312
2670
3990
7475
6111
40
40
5385
3633
1645
5198
2372
6149
8598
3864
8446
7138
9023
3232
7116
4720
768
9394
3460
2882
9576
7097
6960
1987
8979
6264
4721
3496
8536
8209
4985
4809
5332
2136
5228
6951
3086
1413
9683
2977
182
7303
6721
3630
855
6878
974
4376
2283
4977
4421
8223
9883
9165
9607
6644
3543
8882
8013
2075
5637
7832
9
9244
4032
6285
5561
4020
9959
9148
7727
1090
3943
1944
1829
6520
5391
8692
1174
567
4287
3177
160
5661
185
1974
58
4286
1178
8134
8357
1716
6691
6295
9781
7419
2156
9418
9151
2155
97
5727
5242
8039
8681
9242
6813
6331
3628
5130
8125
6847
9867
8141
7138
6924
8709
2363
8368
5926
4170
4190
331
3439
8362
6024
3404
9610
5214
9910
1148
9804
2080
4661
7579
1548
8609
7518
5166
1850
3973
2424
496
8986
8659
6395
2730
6896
2956
3576
1635
7702
7806
4668
883
7543
537
568
9381
4176
4586
2465
7555
6879
9012
9249
7197
226
8033
6325
9505
9198
9475
4587
3621
2271
6824
1660
3050
8861
710
1459
953
280
1804
6570
1241
2333
8195
8212
4808
2306
1124
1283
5019
9293
648
2529
9522
2888
7639
2367
495
5105
1849
8691
2229
3434
6181
6186
4467
5851
8810
4852
2541
5616
2794
7235
2749
455
5982
9590
7984
622
9322
962
2088
1407
7271
7979
1961
6972
606
4352
1041
3762
8507
7625
4460
4960
8613
4426
2940
7481
9432
277
5740
4087
7096
5786
3075
3156
2619
4939
6057
9855
7703
5896
8387
6914
945
2847
2328
3321
844
2782
7131
6611
3045
3489
1064
7499
2692
4252
2215
1982
13
4554
3751
1700
6373
6964
9517
1330
1411
6642
6422
3473
2764
7078
8814
330
8012
4853
3531
5075
5627
4437
9159
2137
7725
8684
7367
5913
5883
96
9822
7538
3959
9324
8501
9987
9225
404
8231
5421
8935
792
798
8229
5423
958
5956
1899
7123
4867
1673
9252
3528
4458
9731
4366
1393
9852
5170
6482
4026
2666
3341
4138
610
3145
8439
2275
1433
8496
2707
6078
3749
7778
398
5682
4693
5150
3208
4495
6541
9249
2601
3315
5943
671
1694
8917
6454
1455
5102
2247
3801
861
7573
956
5098
9499
8361
8938
7841
9382
4986
5588
351
8945
2739
5369
4201
8641
8471
2516
5918
1906
8139
1346
3328
6743
1125
5484
2541
970
5885
8851
3094
6806
8122
4331
2943
8114
3282
8399
9778
1211
4849
4366
61
4554
4174
2653
2293
9136
4792
2721
2639
8218
7726
4802
7811
8737
5780
7613
3814
9045
3590
415
9000
6344
4065
5253
9849
9005
9161
8869
2636
4460
5690
1025
6920
7078
5963
2237
7306
1875
2067
7496
6249
4298
5143
758
8660
4689
6909
4656
5753
5477
5693
9636
1617
2953
304
4346
978
1242
295
8959
4332
7668
8903
8389
2463
5799
4973
3998
2310
8881
446
5052
8397
1259
181
3953
3515
1379
8770
2933
1199
8467
6619
5372
8915
5322
6216
8731
8196
943
3861
6293
316
6887
7479
2735
6504
4918
1249
1867
6943
5539
5187
2192
6245
5733
3242
8002
1467
5340
7001
7572
7411
9025
230
2086
2581
3755
7567
9389
3973
4004
5981
4805
6820
2826
594
74
3806
1669
7624
4775
5641
5279
3709
4155
7302
2190
5160
4166
4603
8624
1426
9614
9194
2634
9080
8135
9017
1122
9684
383
8321
6794
4741
1101
4596
2431
5915
8204
7076
5422
6978
6897
9062
2648
5238
9501
7060
3245
1712
580
8193
5495
9931
1496
9632
8897
2906
1267
9414
3279
949
5229
1146
4303
3409
6927
8334
2055
5942
327
861
9174
3875
7415
1872
9204
6020
2309
4965
2941
407
6774
5584
3829
4982
3815
2046
935
7923
1822
8347
4123
806
5676
2145
6721
8613
1354
4447
3645
4541
6950
9255
1840
3067
3786
8460
2344
6792
9846
3527
5963
3967
6795
5204
4566
9420
9539
2805
3687
4124
9756
9549
7245
8021
3379
9593
8052
5270
6169
117
2037
3647
1597
5796
6526
6049
5757
100
1107
2340
6112
5419
5360
4682
8599
7890
4801
2283
6856
2126
8549
3098
1018
5937
2746
9275
5960
1423
6522
3505
9342
4180
8928
8746
3968
3858
8138
733
5386
3705
4944
8501
6340
5956
7569
5599
5958
7777
1978
6729
3743
2141
4742
994
5340
1674
4973
1790
9873
4430
6799
9109
6862
7232
1922
4027
6209
8492
664
7779
8268
4367
4072
5981
3356
8185
4983
4693
7763
7020
8264
4756
4707
7502
6336
8258
9023
1157
1534
4742
7472
2797
5882
8768
1617
302
7482
1776
5838
6419
3069
8344
2288
1759
9678
1242
5679
727
3441
6130
5392
8064
6745
3092
3453
8641
9241
5833
2283
4426
4029
1310
7502
5635
5483
2393
9592
9053
4178
1251
8181
7779
3616
8292
3011
3465
3937
281
205
9338
2911
7546
726
5390
5548
7251
9471
6577
2309
2555
702
3426
5584
9694
7116
3122
6481
839
2670
2699
3269
5254
2619
2159
7753
9578
5699
516
2920
8463
4684
26
9022
7590
3139
2417
7912
7566
5435
3100
8335
7977
8691
550
546
6301
406
4236
3461
6894
1040
7035
2294
6097
7022
9070
681
6855
7015
9641
2832
2356
837
1428
2786
2137
4960
2879
9901
7292
1015
1136
642
9551
7268
5340
2522
6359
4728
6095
5275
7366
1560
3886
699
3050
7297
1638
7353
3853
2790
409
2843
5974
9886
2913
834
4943
232
718
3073
1578
8149
4671
3186
2220
1517
2452
1936
9086
1167
8893
3428
2881
7365
3250
5115
1875
4954
908
6059
4988
2499
6935
5555
6658
8409
928
7924
1138
4169
2423
3006
842
3230
1890
9295
615
6238
2167
1855
8901
442
5046
6335
3411
9682
3764
2437
2877
9443
1291
5187
2959
8376
379
861
4773
7084
9433
8629
9423
1611
8962
8446
3610
2584
1297
4506
3784
5805
9930
6132
5286
3661
8972
5354
4049
3971
9736
8410
6108
2692
1555
9461
5407
3916
1938
428
4021
2901
1204
8821
7241
3039
4148
4971
9960
3484
2714
6783
4609
3551
2332
3496
591
4592
3255
5193
3023
8746
8826
9387
2617
5163
1909
6440
5346
6054
7528
4442
1566
9690
2853
9166
5432
4959
3427
4217
8788
9129
1319
1058
6566
9686
3532
9683
3003
4011
4991
1714
1793
188
1912
4087
3164
413
5282
4311
8718
3416
3736
9152
3355
6461
7069
5305
5545
536
5064
7328
3072
5186
5520
318
8332
8653
2346
3791
6120
4048
6587
9631
4321
6720
1450
2706
8811
6076
896
1301
7378
9852
2645
4355
5922
8859
5791
3156
6000
7130
1038
3124
5640
4816
3414
5969
7547
9784
7074
6095
5374
5323
9802
4599
3108
7938
407
6125
7087
456
9616
3634
9195
7371
3821
6754
6011
9511
3593
7813
6490
3016
2432
747
306
8951
3499
7667
896
3952
9547
2010
8099
4586
9068
8914
7783
7238
2615
8729
2387
7525
8801
9293
657
3618
5921
4793
5679
2400
8774
7756
1575
968
5992
3825
8145
8342
7390
7448
5388
8948
3021
4439
9773
7180
9849
7589
9086
5342
9603
4980
2031
5394
6237
1219
7037
4835
1362
8000
6124
2880
7799
6026
6534
4172
1820
1530
1959
388
5462
1966
549
2661
5434
9503
9091
1580
5795
2209
5176
5979
6071
3317
7150
2399
642
4099
4052
567
1295
3645
4583
591
8566
9731
5465
7031
5124
1669
8136
8372
9396
8104
3795
1263
1177
6078
6741
1767
9436
4418
2541
5968
463
7014
8341
3329
9554
7702
1335
901
1075
4521
5210
1722
2149
3557
4270
2052
914
7120
7090
2529
5842
9145
322
2834
7709
8152
10
6502
7672
5619
1710
8838
6569
8038
2752
6859
9653
5712
2029
621
3323
7501
1533
7761
270
1445
5242
9035
3625
688
2232
757
2500
3715
5826
2822
8043
9711
4876
2334
102
1109
7950
4275
8825
6626
4433
5393
3899
4839
9447
7251
659
3414
8773
978
5167
162
6741
4962
9096
8867
4509
6992
9977
4043
4823
1197
5828
9580
2068
5715
9043
2774
4242
7732
8215
1419
112
8412
2301
3564
5024
8614
752
7032
4740
6625
9439
5746
9405
6028
4661
3294
6626
9672
6020
4745
9569
6451
6731
3175
6610
7860
5457
3329
928
4429
2468
5678
2569
8697
3798
6193
5699
2501
1804
1120
5349
923
3248
2694
2860
6046
6963
2853
5609
6325
9262
2096
1236
5746
4933
6247
8341
1089
7983
5289
1925
9178
5916
628
6644
924
5845
7918
3254
8697
805
1434
2992
4672
4317
6319
5411
1595
5311
3820
5365
4766
3696
2307
5224
2797
16
3733
8558
2196
1306
4434
7178
6374
5162
2798
6459
623
991
1625
520
2691
7886
9001
8780
1031
665
6651
883
1431
5625
2492
7315
2667
3882
744
6067
9122
9802
896
7827
7302
7473
3848
6023
8565
2799
3885
5108
3157
1700
4028
3315
9290
2801
1197
241
305
3933
6132
2611
3588
7040
6998
5292
8180
3890
4831
663
801
5646
3341
6593
1151
446
5802
8830
2137
5358
3175
6461
6294
5884
876
3337
9890
8012
4023
8724
7593
9561
4643
2839
4262
3171
4150
6426
7734
3362
3410
2395
6886
8036
2604
2270
4040
4394
1388
4709
7854
5097
6685
940
2945
5810
7676
8694
2312
9274
4951
139
5751
9458
7808
6826
6165
4822
1596
8742
7749
5355
8681
2385
4383
5779
4961
5255
7109
2103
8125
5962
7997
7538
7158
6762
6266
4418
5707
2212
6986
6074
6350
674
3587
656
5135
9690
1904
52
5455
7343
5190
6607
5630
1800
1710
3943
8989
1224
1828
3516
8052
7596
2251
5963
3158
277
340
7565
4182
5829
5279
3119
8448
9561
3005
8062
8989
2049
1110
8095
2469
7856
6657
1597
4719
2765
449
4400
1421
609
9609
886
8448
1841
4045
3914
8154
9097
1882
7508
4616
6564
4465
4930
7228
8370
4186
2256
5038
334
1061
5667
3792
7087
9572
4616
1490
6823
9101
7882
9970
2673
5519
3196
3699
7227
7574
1649
6910
5649
9047
8287
4017
1605
3705
4257
985
4447
5723
3059
9579
8089
1365
2315
5754
8600
8738
7010
8329
3567
512
9229
6889
2998
9424
2218
3245
6613
9109
4004
7234
5333
2848
2161
7230
4559
6569
4057
7950
2010
2519
765
8900
8158
3575
1131
5965
8834
1033
2595
7281
1447
9196
6746
3675
4485
723
43
2345
2244
8177
1319
388
4526
4002
8237
2331
5609
4567
8041
87
5587
6684
2602
8037
6512
7029
1058
983
6704
1328
5006
6631
6306
6377
9848
6610
8555
1502
2212
4189
5786
3003
7185
8039
763
2178
8092
6665
3520
2860
4348
2288
1997
5308
6745
6121
8373
951
8163
96
1251
8108
7407
1676
3306
6631
2553
5256
623
2626
3932
6619
9404
5143
9197
2271
2672
3820
3187
6689
3490
6929
6377
4685
5942
183
5960
5676
1710
1340
942
8943
2952
6643
9704
5934
9815
8647
463
3498
5262
3739
3138
9633
4399
5048
7503
8082
9051
2850
9642
6889
689
4876
9587
4344
1277
4095
7890
5835
8543
9260
1125
2892
3577
3519
3763
8122
2245
9490
7627
8162
7288
7104
3312
2883
31
3385
6454
9853
6555
7911
7714
5657
8369
8062
6024
4673
4921
2459
7919
1581
1584
5631
2846
3585
9232
1976
2086
8583
7566
9454
632
2334
1224
1595
4114
2214
5731
2490
9800
4117
2820
5999
6745
1739
6864
6817
7385
2910
3121
3368
2709
5957
9227
6770
5594
4638
4629
3467
3877
9868
4067
1365
5560
1579
3795
7321
2197
8671
7158
2436
4469
2244
919
8176
5229
1801
3833
1701
6768
3552
5722
3153
9150
6398
7294
235
1266
9564
2901
98
6039
2074
8919
8428
8260
2774
9504
4865
4608
4645
6608
2806
4708
4047
2408
9733
5888
7554
4359
3351
410
4449
1306
4784
9598
2401
5765
3835
6639
5507
2373
9200
3260
1038
7737
4705
7403
7436
2663
4348
232
1314
5360
449
7114
2519
1003
1493
9757
8748
5097
2383
1030
5779
5146
1607
4564
1609
3738
4633
3963
438
4962
8811
7600
8544
8146
4375
8427
3890
6705
9593
7689
7024
3697
3216
441
1048
8437
6098
6283
71
7200
4572
5729
9306
9635
4096
2842
1516
6660
6575
992
7904
5831
4530
3770
8426
9943
1095
2798
6001
3336
6082
2248
5458
2734
2281
6379
8114
9123
7779
4997
9421
3969
9469
148
6350
5960
7614
3859
6957
7352
8147
2255
4195
3353
1296
5981
342
2359
9303
1870
7684
3163
426
7331
5135
6648
8299
5979
457
9122
1658
525
8135
9920
4880
9451
5185
492
9427
9165
7099
8447
7772
1134
518
1141
5652
370
5525
9980
4144
6046
6114
8572
7592
3698
4642
3800
7687
2197
4009
1458
3370
493
8741
1710
6750
7038
4808
9922
7029
4992
6293
1908
7330
5537
7929
159
3762
6170
5045
9526
8451
3722
6938
6186
5574
8853
6960
5424
5529
277
4009
5799
2024
1803
1632
2567
8505
8635
6143
2149
654
5243
1210
4160
3046
87
4845
8773
4573
2743
98
4767
4830
3813
3813
7028
4964
8330
6979
664
2940
992
3552
4917
6435
1215
7823
6825
3029
633
7904
483
4559
7176
8775
9021
4334
1084
2228
6257
7274
1105
219
6519
6677
6875
2699
2815
2176
5576
3608
6971
9905
2542
4572
1889
1542
3376
4375
6396
5543
3684
6746
2764
9636
5630
1551
7775
1202
7464
4568
6203
5805
4394
7429
8662
4398
1859
2003
5859
6250
2704
5592
8597
4808
3089
3751
7271
2374
2149
6423
4696
9286
2308
7044
9913
8904
5066
1011
5800
6220
1695
1446
5358
3725
26
8865
768
8695
7430
5074
5510
5499
3545
1003
7169
2389
9610
2148
6142
7416
1923
3912
1676
4401
5164
1587
621
1566
799
3183
2931
2649
1156
9102
7329
8696
7373
2973
1344
1703
791
8833
2205
1111
1577
9654
7043
5970
8594
8254
6706
3784
9151
9372
6379
6889
5257
7654
9522
2722
4405
4442
5863
330
3
4075
7917
7170
7223
3211
815
7772
4856
893
6289
2743
8855
8041
3079
9305
2352
7320
517
6482
9524
8869
987
1138
9575
1393
7709
1711
3612
5773
3191
5320
7958
6395
7073
1157
5483
8793
3653
5668
8401
4739
8469
2732
9241
8134
1119
8027
2252
921
2412
9621
6351
5152
947
6960
9640
9598
8980
7094
3095
7325
7246
6823
3659
2593
3032
9906
4613
3519
1198
6332
8632
8378
390
8150
7249
6772
668
2195
9063
4343
6212
3402
7870
4300
8553
8784
8337
1899
729
4092
1014
173
3369
5295
5536
9321
4510
6769
4342
2447
9695
1985
181
5280
674
8511
7962
6874
7955
817
9682
2549
804
7221
3893
9599
3337
7997
5720
667
6146
8120
5800
9848
2019
8818
5556
2100
9813
4413
103
8017
3874
4628
681
1668
2789
6104
3782
3008
7136
9742
4809
9377
6816
6955
8185
8106
6454
2828
3304
5091
2299
2012
5723
4454
3866
4612
8850
3282
1671
9253
4076
3636
3779
4554
2505
514
3278
1174
543
2964
911
7262
4102
3377
8289
4804
8299
5329
6589
9437
4033
6653
2009
113
1197
4741
5981
4786
2700
1508
5765
3385
9288
3637
4669
5524
5418
8576
646
1321
3726
5324
527
8582
8457
254
7316
2339
849
6847
9451
2208
1498
2071
2438
2455
7117
8365
5650
6301
9506
3808
495
4209
8196
675
12
5184
1570
5323
6499
6490
437
5606
5787
2911
9715
4479
719
8075
810
4801
9514
4528
2484
9506
3302
581
6475
6998
4241
4931
7773
1515
1457
2436
2821
4364
8764
9815
4174
9135
6339
7540
7587
8603
4246
4300
4847
2689
7366
2564
7088
4032
5191
5607
9206
5427
6427
284
2912
4960
7675
5759
9973
9181
5213
1591
7732
2053
1760
1395
9190
2632
8163
3728
4259
542
9903
9151
3530
8920
5530
9749
5127
9505
7550
1376
9969
5044
9866
9252
4692
5386
402
2879
6768
882
5288
8438
6889
3202
1585
6789
7797
5484
4854
1251
6345
3597
2717
8631
9012
2651
5826
5522
2975
922
8138
9757
1718
8659
9678
8470
7338
1759
2492
3000
9957
5471
515
611
204
2798
5514
3105
8576
5658
9730
1319
9247
292
3818
6706
8039
4890
4974
4507
8894
5780
5434
4359
5929
4319
9918
8449
6499
8378
3530
9845
509
5632
4508
8165
9854
6373
8981
2930
3315
9633
3604
7354
200
5664
3559
9800
8559
9242
7103
8581
5182
1200
1892
5897
3546
5285
2010
9933
6395
7162
9005
5378
7695
1295
7572
296
5156
8034
7585
208
8185
1914
1934
1690
506
3226
673
2064
4877
1172
7905
63
4855
8346
4659
6188
7861
4639
6632
3537
1639
5923
8327
3564
5480
6143
9741
572
9659
9441
386
9358
20
1280
4867
591
7430
6294
365
1786
5314
2670
6437
5569
6793
9331
7677
7154
6704
878
7884
1941
4736
1063
1690
4269
6287
6690
3041
2162
303
8367
6943
9879
4846
1146
7049
9150
6739
1606
4221
2382
8600
3171
7172
2364
6289
8751
6670
4130
1805
616
5237
8374
3643
9447
4193
6275
5757
2278
5679
1821
8629
9347
9504
5828
19
3542
9529
9805
3258
8293
7101
5074
7643
8912
2505
2256
4134
9466
