9880
6257
9783
5474
3425
1585
3918
2649
5786
1890
5663
6668
3464
2421
3293
2785
9815
6714
9963
5621
7154
978
9267
7762
2042
7182
7460
6734
8993
7188
489
2478
8803
2651
6875
7771
8807
7612
7918
3832
8545
58
6871
3335
1949
489
4248
533
1653
7044
3172
9974
5705
4102
9974
7625
7541
119
929
4440
8104
9178
1807
4297
6103
2327
6702
313
1499
9760
5845
4483
1738
6749
1504
7909
3417
7186
4045
662
31
9928
6253
9669
707
6159
9300
5675
3126
6048
8218
4872
2215
7716
5414
7347
7990
7089
9818
5892
2494
9892
1837
4048
2593
5267
5973
3068
1353
8026
2148
2537
1520
1005
1284
62
9568
2219
69
8168
1706
2679
4067
9388
8991
6244
493
8281
66
4882
4145
7106
7412
5009
9749
4396
6590
2909
1848
8041
5156
1371
9848
8214
5921
6561
4775
1115
4131
5196
472
6154
6515
8863
2658
5532
7085
5649
2890
9893
4893
7823
1409
7347
5891
5904
4664
2855
9486
7784
1499
8645
1565
6343
4927
8606
3117
1683
696
9599
4082
9282
605
3706
9214
1055
6991
6004
7905
1056
4459
3637
4606
6830
6150
9453
1563
458
1975
9382
1438
7418
7872
2235
9741
5590
1952
4868
6730
3246
1607
1331
8088
3204
2056
914
9804
3031
3812
2756
2209
46
2033
1355
8152
8844
7578
2691
3683
2993
2914
7425
8323
974
4523
73
7938
7880
9159
9421
1525
8064
2639
9802
3736
2856
8052
2811
3418
4901
6404
6054
6361
2971
4357
7235
5047
9249
3573
2883
8208
2265
9342
3287
3430
3873
1832
2068
6982
7584
3203
1090
7684
348
9191
9219
8714
6505
3142
6265
2715
4709
7485
7700
6611
8456
5365
3016
3947
4495
7484
9295
4128
6752
503
1375
5414
6690
540
3309
567
7446
4273
3695
3599
6529
5815
4019
9862
7344
15
1895
2919
1889
3787
5216
9586
8247
4370
1415
4969
6975
9499
3861
105
1966
565
9957
500
3759
5717
9156
5128
8
8511
3144
1835
8284
9921
2107
8115
164
7056
1049
2666
2245
2567
3266
3912
2412
8865
7134
8306
980
3662
9698
750
4929
2316
88
3474
9852
5334
6665
4862
7422
3727
9686
1672
8131
3157
3091
2939
8871
6440
9286
3540
8989
9429
6293
3210
3968
4512
3581
7252
9314
8810
2738
7293
9589
9132
852
4792
9300
3300
6778
3745
10
892
9390
634
6260
7806
7087
420
1755
7733
3837
9157
3495
6433
7645
3143
6549
7234
4021
2714
3200
8724
9511
4082
237
3453
5055
2313
991
4706
1231
9432
8210
8417
6434
3615
1218
7900
4629
2527
4851
8617
1032
2806
4513
755
5761
6729
6187
7450
2520
2334
6125
3580
9717
2753
2401
1804
6904
6388
9490
9736
8654
5436
8100
9479
8282
6860
467
6956
8142
7615
2599
911
9984
3272
1217
2960
6151
4942
4465
1538
8688
7127
9191
175
3850
1083
1693
523
3028
9836
5860
9331
7158
6320
9602
9789
9929
4190
7470
9182
3324
5684
637
158
7600
3260
8513
4377
744
984
8749
2218
1552
4092
8245
4495
2804
9670
6745
9160
6798
1755
624
9622
5767
8077
5487
3171
9246
9241
5158
9715
4770
8095
8732
6815
9513
1458
8425
2780
4925
9107
7261
1063
1180
5496
1955
649
2792
8239
4223
3558
9326
5494
9751
6467
8209
2083
4687
3399
2979
6979
7926
9888
2176
463
9557
2867
5739
3211
6289
9776
4436
8733
3115
8149
5909
6272
1124
9395
9181
4477
5536
3473
4003
9231
7693
5922
9976
7001
494
8404
6247
6818
8228
828
3839
1924
4525
1346
9767
8662
4429
2002
1118
5289
2133
9803
9399
6269
9902
8153
2939
9898
7461
795
8473
6715
4206
7211
1758
7598
9909
8465
7165
6444
1601
1021
4777
9308
4187
7898
8550
42
4188
731
4635
9664
8442
8401
8807
4018
7981
6080
1755
5850
5845
607
7258
8993
7396
1922
115
8432
7991
8131
5244
657
9091
1255
2604
6373
8449
8830
1941
3810
512
7868
9326
8319
4763
7094
9517
5705
1681
3838
5715
652
9353
5270
7797
7550
1030
5613
3841
3489
7536
9563
4914
7144
2227
3632
7724
5778
4064
5508
403
5743
6053
8330
5822
7130
6418
9536
859
6209
325
6376
8195
5196
1061
6525
8394
5342
743
3509
9042
2582
3291
5762
1010
5741
3653
2373
3396
5818
8058
1333
4173
1421
2809
2243
3213
645
365
7533
8760
1330
9765
3046
2187
2118
7740
3368
1885
7100
2657
8120
699
3159
5766
2609
8603
5912
205
7
4981
5383
990
194
16
7775
6953
1109
2509
9514
9690
3517
1232
7640
7661
9757
4870
9994
5691
5455
1793
3339
1783
2525
8586
9178
1418
7140
5469
2464
9658
8861
6396
5372
9593
9268
7860
4391
352
508
1991
6845
4725
4392
1013
1308
4438
4111
6259
3217
4383
8516
8959
7624
5120
2368
7518
3464
8908
3793
9136
8326
1212
742
4723
2280
5226
8835
6681
3953
7614
899
3607
5913
9935
5387
3318
5394
4588
1399
3496
9716
5759
8271
5731
3488
8557
7316
1904
3713
2390
6963
8714
4980
5348
7617
156
3507
5903
6436
9737
3747
849
8973
3443
7078
5762
9853
1977
9978
7772
1206
1602
4340
9352
1934
1696
6475
8798
8324
3995
925
4443
4013
5825
84
2054
1180
828
9472
4206
1471
2445
5879
1985
6527
1761
6197
6305
4149
4882
758
8533
6829
8304
5072
2519
1423
8898
7499
7411
5813
2093
3165
5783
8303
2343
875
9365
3244
9178
1014
7624
4980
6166
9383
3842
4554
7955
1012
7999
3054
9813
3315
2904
4456
6498
6018
5166
3856
3521
4057
9873
215
2477
7999
8161
7998
6497
194
4095
2975
4328
7996
455
1689
4780
2377
3335
9744
7177
3120
5940
652
4645
7764
4138
991
924
358
382
3881
5312
261
7155
1635
9972
1679
6853
9518
6669
4683
9098
3274
3510
6358
4391
9877
3073
3511
218
6191
3406
5405
5153
975
5408
3347
423
524
4441
9481
6214
2170
2466
646
175
8617
433
6634
9357
7234
1345
3797
1951
150
1315
3902
4352
517
5499
5542
126
1361
8002
9553
52
7064
4539
6260
1005
2390
4862
2447
5340
9190
7671
2044
2251
959
7082
5749
3748
2748
1550
5377
1957
5243
8602
6638
4295
6423
5177
2962
7188
6081
4755
3034
600
8731
8887
2890
5465
1188
2602
9222
6265
4117
7608
3073
1195
254
646
8003
4546
8539
7826
7498
8781
473
8582
6289
9203
9186
9775
2059
3997
1724
9761
2325
181
1133
9068
5481
5344
9483
431
7362
709
3491
27
8013
9351
2411
6182
4499
9413
8106
7352
6315
6897
6939
7339
3964
8772
4280
5263
7239
4969
118
2857
9355
3390
9270
1929
232
3401
4597
504
5495
1484
1186
1300
1699
4684
7955
1114
6154
7337
5717
7308
8098
3561
2041
2998
4857
550
8185
6870
8164
2630
9159
2869
1224
1437
8623
350
3792
7051
3687
6364
7142
5687
2005
8868
7163
2474
4798
8513
3583
255
87
4150
4835
590
7899
6910
2403
2210
6942
300
7116
4052
3266
8927
9634
8026
2244
5664
3992
7955
8774
8468
4720
8596
903
8225
5296
3477
4664
50
5737
5913
4970
7285
3580
4702
43
9641
1643
1512
1216
8706
484
6864
6153
7976
1955
2811
5830
2494
5845
5807
4417
1005
7785
5487
4516
696
5064
3871
6639
158
8079
6980
7988
3285
5632
9291
6149
9629
8394
50
1099
441
7017
4596
1522
8649
512
8881
4768
7881
9635
407
4872
3425
6653
5197
5097
1441
2539
9716
8714
4582
7038
6432
7921
6971
5570
3433
1234
47
5997
982
8713
3483
6868
3669
5957
1309
8490
4119
6866
3281
685
3677
8475
3918
3962
6376
4261
7497
4897
4869
5689
4569
3289
1473
5631
7281
4803
692
1117
2826
3771
5348
3954
2877
9956
1461
4541
3063
960
1688
4996
8675
976
1979
658
8626
289
2449
5858
6207
3058
2409
6369
3423
1997
8885
3629
7189
1928
4916
7408
667
7373
3947
3597
835
7313
1530
8918
6840
3429
4941
5580
816
5237
9699
9295
7149
5430
2922
5887
8773
4624
5210
6646
711
8937
2972
7596
5850
3306
9655
191
9768
5254
9487
6483
7128
6018
608
1057
6027
7809
6840
2029
5206
3416
9230
4230
4929
9672
6661
8737
3530
7763
3160
5036
858
2623
5080
5538
3775
3532
1759
4863
1462
9678
8298
9456
257
8680
2349
4848
2628
9369
2829
3409
7037
755
3555
3258
6140
2132
3437
8403
5134
3076
447
7221
7183
4039
6135
3356
1643
187
2887
6831
3629
8444
7322
8796
3709
4067
8844
862
6152
1628
7138
8120
5180
2876
4614
5831
9779
5637
9417
9060
4500
3237
3107
2090
5500
7061
7486
3680
5621
1533
3427
69
7637
4794
5479
7564
9097
1744
201
875
5397
8871
5913
8180
8862
3469
4575
1233
2474
7029
5467
4396
1189
2725
8312
1290
6722
1730
4792
8615
5208
1907
7717
4062
8962
8471
3256
8386
1851
7452
762
235
4993
2177
7183
53
2279
6764
132
6056
9927
4866
9418
5929
1081
7378
915
3644
1639
1485
2148
9779
9260
8822
3717
3024
1578
3710
2289
7091
7988
6208
7371
3937
4933
6421
2501
6361
2686
5201
5167
5698
7250
9153
6600
9176
1884
3855
9966
3629
4237
9880
6617
956
6265
7488
121
2189
8698
332
8733
9832
7253
1799
7638
9343
9275
4683
8299
3188
5657
667
1555
1359
2934
4522
3292
8234
8128
6324
9104
4597
1758
849
3717
4741
4779
974
5597
2505
727
1772
6326
2392
2356
4641
7883
8711
6131
4956
1856
7832
9349
8041
9130
8900
1442
5305
7856
389
6964
3966
627
184
6812
9864
3791
3292
6270
38
3519
2928
7955
528
3186
5608
7755
2889
5107
932
4309
7482
1921
8965
907
5099
8337
8781
5468
2812
2907
7822
5800
1674
6806
8051
5155
7331
4640
2023
4592
8954
3373
7254
833
1862
3387
4032
3313
3650
8638
8628
5855
4705
9735
39
8426
7394
6764
2489
321
612
5786
586
8797
5591
296
4653
3147
3033
5717
8041
3466
6466
4879
1970
5887
9035
1250
8340
6240
3274
4148
6149
497
4453
5432
3242
4675
9111
3690
8890
491
9232
949
5656
4243
7179
5481
3633
2335
5035
8916
393
5216
6911
5835
948
7884
7233
9113
2776
4417
5161
2943
1396
978
2331
9896
5620
2383
1641
312
7365
1998
5233
5806
2483
7569
3568
5356
6707
4114
9243
7901
6181
8016
6182
4532
1428
8465
6407
8121
6568
3691
9723
4836
7988
9317
8119
9448
9027
2116
8998
6006
8915
5194
9703
9074
1891
8933
7229
8756
6302
9857
1596
3481
3918
2644
3067
4638
2001
5852
8292
6679
9500
1244
2798
6659
767
2269
1337
7014
2312
4754
8099
8293
8266
7184
8618
6086
9466
8004
9650
9848
9493
2349
9429
1940
7437
2254
3448
9864
1013
62
2851
4737
2640
1568
1266
466
933
260
6377
3354
5597
5002
6094
1631
8247
3474
7798
1801
4172
7982
6962
5923
2837
5258
3617
6303
1224
2999
1023
340
1944
1402
8092
9778
8126
201
9753
1446
7510
2564
3922
2113
5398
4724
367
2115
1960
6373
9883
1094
8305
4634
7615
837
5567
5093
6653
509
698
5842
3784
33
1715
708
9994
4225
7785
5698
4879
5279
6104
8302
2699
426
4848
1265
8344
3648
8701
4886
5282
7620
6759
820
5512
420
4965
9580
9809
9954
2384
7401
7095
6954
4613
7270
7605
6573
9716
483
4704
421
4390
1589
9502
2235
1563
9464
1535
1091
2246
5979
5447
8216
7243
1541
6238
3438
3883
2052
591
9074
9274
2059
1568
2236
7622
5602
5185
7605
2065
6185
1522
4994
9229
8538
8315
7117
8052
9156
9398
1883
801
6232
9396
7456
4320
4034
3541
1381
3548
8858
3403
9246
4692
2555
8593
3530
3888
1275
2003
4042
9338
3574
5305
9593
2776
1046
7061
4765
8627
9986
5023
5133
1584
5186
3689
5736
4578
569
9190
3126
7373
932
861
7800
4895
8253
8700
1138
2836
5379
5111
1267
8829
8351
8721
7545
2756
9822
7754
4951
9056
1776
4882
9679
4272
6714
8435
471
9674
8274
9338
6974
2786
1540
4091
2842
5169
528
3422
1569
8045
701
2876
5382
337
3375
1593
9136
8120
5514
5358
8909
6216
7646
8363
7284
6545
3329
1048
8892
1332
2691
5399
8243
9327
9202
1189
667
4681
9048
1127
5347
2626
3131
2963
5574
6058
5937
7687
3388
46
9717
8828
9713
5848
9487
1795
7242
1871
8079
7364
7247
4005
6234
8709
5393
8191
7513
996
8909
1853
1
792
7274
9389
4758
5692
9135
6680
8044
4610
9302
4600
7234
4073
1194
8467
4879
1748
7888
3296
377
7866
5896
9288
445
2319
320
6281
9664
3181
6786
9508
1600
3817
2214
6575
7386
2248
6390
5588
1142
6313
7519
8177
8280
5788
6069
9267
6976
8337
3116
4415
7762
8600
7661
3045
485
9249
9892
5345
7120
6769
6937
2334
2020
8973
2936
830
6639
1818
3668
7940
7387
1183
4254
8788
6564
7658
2349
3739
1103
519
9569
7519
8364
8452
3399
8110
8117
1155
6558
4353
2772
3751
7692
6101
3437
6127
110
1733
9881
2832
1580
6815
9981
1764
8987
5801
2124
9214
5194
3502
92
9439
1939
6455
6088
1082
5091
9850
2035
7759
463
2867
7542
8503
3504
7769
618
3530
2295
8573
6835
7097
3917
4697
6417
3350
7012
3976
3216
4732
9281
6089
770
3242
4770
3665
1966
3164
6846
9285
9993
8572
3240
9473
6726
1524
4754
5113
6443
2766
2652
6446
7121
4740
6658
4426
3870
4749
2084
4319
5065
1884
8617
8124
287
2418
2071
7604
8956
9645
5723
6163
6549
9249
5256
8223
881
6081
1720
6932
5225
8543
1754
7430
1723
614
2764
7940
1083
6712
1224
4382
6073
8035
4591
7081
2553
7266
314
2968
4025
5838
7837
6771
9779
549
3739
3537
5374
4509
3922
9929
3818
3330
3092
4448
433
5022
1134
3604
8365
6339
364
2296
1114
6522
9834
4898
354
7611
6300
3433
1893
4840
4292
2422
3206
5456
2351
8785
5060
9221
104
4678
7731
6270
272
7190
861
3066
832
4042
6588
8833
3441
8188
9316
6083
7350
479
3308
6104
1328
6781
4756
4289
2234
1009
3902
813
8779
1554
9308
9076
501
3487
4518
2179
4681
964
9082
6173
4768
5649
1726
3323
9840
5484
4447
4530
8709
2297
3446
9965
4725
2308
2686
1129
8207
5311
5843
4706
1590
2767
7661
2785
4729
8003
3688
5446
2913
875
8191
3277
4199
7293
7619
2061
9422
1846
2825
7650
4969
7747
8749
6583
4349
3979
1661
1894
7791
2660
2896
7270
228
9926
2726
590
2927
4511
6945
9541
6972
3075
9290
1621
2846
857
5749
9660
6153
8298
1176
9923
9913
1373
8950
3822
9179
3402
7389
8045
9478
8693
1184
8887
1998
4383
6701
3608
5479
7575
4395
533
7134
5836
4177
698
4706
4161
849
3658
1920
3544
267
4232
3242
7662
737
3991
8710
4715
100
893
9836
2445
565
1147
6370
9963
6680
1992
6302
454
758
7178
6676
7370
1146
793
9966
7674
3339
3837
4107
6586
4608
2723
5169
4510
5502
9778
2747
6442
9207
5207
7821
4257
8913
564
4774
1008
618
912
5713
4182
7589
5044
7548
8962
3825
5545
7642
4210
6121
1305
4959
7240
2878
7203
5029
2431
6386
7320
850
5210
3227
1836
71
85
5542
7455
2985
7634
3342
7292
8176
89
7794
8786
4976
2363
524
2566
455
1547
1402
8359
5841
1169
6835
2441
9488
7962
1746
5958
2599
8218
7137
2014
2571
3183
6395
4868
9195
539
9037
2419
4460
9045
2260
8270
1433
1728
713
3711
9733
874
4002
3656
5008
4921
113
1403
5325
3243
8922
6433
5190
9623
148
7063
641
6029
5601
8877
7080
9118
9325
1983
4891
143
2638
6523
7035
3764
8416
8819
5800
9376
843
4986
356
8245
5372
4120
9345
2182
1684
4375
7952
960
1446
4073
8118
9110
6784
2717
3622
5569
4486
7496
9848
5755
6424
9650
8320
5047
6850
2928
8970
5701
9878
8739
6353
318
8873
2925
413
374
5726
6096
5160
2113
6677
5121
195
5468
9981
8535
668
8255
8658
803
9162
6713
3334
556
5882
6152
2304
3278
4398
2106
52
6046
7512
8762
5643
6191
3869
8357
5041
4094
4500
7586
7431
6956
4546
3292
9028
4706
6961
8476
7171
2521
1881
7678
8881
5656
8561
2195
9068
4293
3892
9585
7653
4004
1891
9993
2287
6374
3199
5583
9638
7901
7681
5988
9566
6457
8871
7257
6065
3672
6917
4264
3761
2631
2361
8830
2471
2474
5020
165
1514
5977
9609
874
9503
9293
4459
7328
8792
5380
3383
3414
8074
3186
6482
1702
5441
9196
7619
9985
3523
7623
4565
2183
5066
8972
1380
9622
288
2978
1913
96
4817
6538
729
8030
1605
1147
5154
3735
9682
8673
2401
8189
8078
8130
5465
7726
5815
9987
3764
4405
2872
7930
8476
1953
6282
7086
5670
9821
9283
1065
6419
8454
7338
2925
8669
9651
2528
2279
4305
1019
2335
17
4494
4012
5749
5812
4728
1558
7022
3314
9751
7738
7488
3386
9469
8453
6112
407
2619
381
2692
98
9727
6263
6598
1121
3348
7266
4117
4272
4972
3988
3531
5232
2681
2152
7264
904
1932
519
9473
6375
962
1814
7112
5934
1642
9923
2149
5974
8785
5483
9516
7214
618
7628
8759
9780
6158
4407
6628
5155
1050
5288
958
3246
6556
5903
554
1218
3905
2730
8189
6436
3995
3372
1036
4897
3332
4043
7094
5996
3868
5311
7784
2788
9475
9204
823
5635
7674
2297
8781
3171
7835
6310
8607
7935
6860
3425
9419
358
7345
6819
6141
1124
8441
1009
5986
9438
9840
9570
2108
9355
400
5439
331
690
290
2725
510
5779
3086
7180
332
3615
7081
8012
5845
4180
3371
5542
4813
1421
9423
3437
9358
9478
7012
8394
7249
2553
5854
5815
2389
8742
2926
7956
7579
2196
3137
7103
1361
9071
2362
9703
7346
4518
7428
5378
5429
5687
926
8473
1249
1150
917
6760
5581
5011
5621
6903
4881
2570
1435
2543
962
9561
116
8854
2649
5045
1516
3976
5545
7365
1923
9586
4228
9893
7237
5560
9088
1190
6158
9170
1794
4693
7811
6108
587
410
2453
2470
8538
6384
8155
816
4464
6547
7395
4482
6096
7920
6740
2576
1959
6056
6969
8363
6140
3229
2229
7793
5982
5012
193
7841
1140
8904
2608
1441
9525
3593
4938
7383
2592
7032
9716
9239
3333
2654
5311
1718
9059
9385
2152
768
419
298
7582
8930
5058
2840
8234
4234
3456
1831
1622
9605
398
725
9255
8311
6575
3988
2722
4644
7540
2664
1638
8134
5201
1497
4658
6791
2874
5415
365
5897
1376
2456
567
762
1137
2365
7034
6186
3486
9224
7021
8923
3877
7507
4405
5024
4986
7936
2569
2185
4374
8621
994
9960
6619
9249
7749
7860
9003
8061
6313
7956
3212
7457
1037
3287
6604
3692
8133
1537
9397
103
8961
552
4553
5850
4106
3162
1358
2639
4378
7732
3094
3833
4064
3436
8466
9691
9485
6693
5194
3364
5151
207
3307
3240
7236
796
3661
4107
5913
2232
2544
9350
2811
1121
8102
5992
513
988
9148
8068
7884
1828
7450
626
5619
8903
3493
1918
8197
5450
8075
4099
221
1293
7051
8942
8231
1649
9865
9280
7970
5873
2978
3514
802
7966
2250
4159
6548
6116
5181
2309
2649
8593
4275
6501
7438
6071
1483
122
6667
44
5496
5987
7786
6050
4770
6412
2848
7623
2084
9176
6188
916
4014
130
2029
1677
1741
9127
7331
9352
3273
3362
7458
5729
9851
7020
1685
33
3261
1260
6898
8062
74
2589
3174
7867
9315
5398
4279
2457
4717
8141
1233
3883
8260
547
9278
8539
3699
7612
5686
4676
8127
6081
4609
4461
8002
6158
2281
4179
6247
3664
9558
4300
2328
5380
2483
4690
879
4626
6054
3645
1515
6847
7094
3463
5797
2670
4982
5016
2429
6198
2149
6140
5272
2320
8251
5747
6291
4421
6833
6089
2848
9619
5416
8421
1610
3483
1207
7910
5748
8093
7016
3705
7803
2032
7722
4455
5349
5739
1367
5559
9436
3446
6913
8888
7956
2423
7321
2066
7086
6205
8042
4905
6990
229
4594
2229
3712
5370
4394
2246
2676
5340
5955
8606
2977
5019
1185
3061
5627
1698
4363
1847
86
1139
5351
2752
4826
6615
7829
6552
1842
1709
400
7938
145
5469
9257
2171
2355
6385
2294
1874
5936
4301
1155
3333
4109
6654
89
6914
2600
9485
4339
4959
6286
4698
1454
1428
4605
32
9887
4477
4167
8068
1988
9177
7512
4635
7336
8255
1055
129
1816
8549
864
4047
7888
4766
697
9428
379
1703
9695
9720
5943
2723
6204
4431
6120
329
260
4938
6203
3570
1520
7906
2921
6245
2013
4865
8325
1472
5314
2170
9850
549
5688
4792
9679
322
7228
5056
8830
5642
1510
7010
7036
8499
9370
9883
2864
4839
6533
171
8519
8913
8988
4469
6624
4623
6214
976
3782
4229
1696
9900
9261
8011
189
5066
8706
213
3284
9832
4712
72
8310
9969
7080
7837
4517
4599
7278
567
361
2356
7412
9448
5623
2918
517
227
4304
6754
2601
842
9196
276
6054
3187
745
8267
6208
6720
4735
1114
5508
3354
7568
5866
109
5115
4576
7744
3094
6038
162
9170
4947
4619
1787
5906
1012
5264
4819
2434
8134
1231
8787
321
8558
5283
4941
2574
5619
7366
1662
2696
771
6243
1551
6427
3039
8642
9838
8728
6889
1879
3158
6531
8922
7085
5820
5257
9357
3285
7980
6838
7227
6879
1417
8895
2905
5903
1398
8246
5625
7301
8400
4411
6105
2470
360
1863
6579
4335
6023
6847
3049
7297
798
7666
5449
2646
9901
245
2936
5199
8458
1964
5651
9857
3733
3436
4386
7290
759
935
7459
6300
4428
2993
4554
1244
6519
7493
772
6917
6281
7138
6657
4228
7459
1505
5040
7675
7534
7710
7710
8204
100
641
9542
53
7603
5058
534
2544
2283
3970
7648
9344
1352
5921
537
7122
7151
565
4798
124
777
586
3541
1834
2252
191
8250
3789
4748
3862
5309
592
8897
4752
5988
3063
4683
9431
2322
9201
5007
5316
487
1682
9797
2963
2946
4056
1689
4135
4968
3281
2
8819
5631
5456
9161
5850
2084
7134
2838
1099
6787
2168
7378
9355
7555
4855
3137
4232
8741
2000
2972
3776
963
1898
6478
7159
2808
4116
3893
7093
3190
4262
2811
4091
2574
524
3193
3147
9216
74
6089
7919
2180
2107
8499
4459
8602
2688
9522
6772
627
9751
4903
2215
8325
7784
4299
8917
3970
49
2943
2581
4069
8376
5279
9021
8592
4977
7312
763
5837
8062
7844
7161
5319
861
2589
494
9049
8568
7151
9905
1055
1502
3690
6381
2874
9062
6914
1106
2759
1110
1287
3641
4153
377
3777
7860
3715
5962
6248
7254
9056
3775
7689
932
4228
3690
7783
6680
5061
9648
3435
8011
1594
2985
5892
1055
4576
4167
4128
1198
1737
565
2042
6468
4259
3778
847
2131
935
8041
6792
3832
3732
9387
8474
1212
2908
9391
6251
6668
9733
6872
4621
7909
1498
3173
4307
3151
8299
419
4351
5406
2663
5512
9341
530
1955
4394
2141
7883
135
1691
6479
2678
1876
1335
6781
9877
447
7577
2326
5685
4900
9925
9858
3029
876
5364
9934
1559
1721
4591
5289
9570
1181
9573
7057
5050
7830
5275
828
6342
644
5288
4215
1076
9690
6878
5591
8620
2211
6095
7323
7936
6043
6759
3388
3070
4603
3468
8422
9572
8893
5230
2425
8031
7954
4580
4672
1162
3994
1890
8789
9934
4162
3541
534
4936
4549
5410
9636
6296
4867
7943
5455
2141
5427
4402
1884
9078
660
3478
7855
5471
3081
4463
1948
5171
8105
6128
6742
6463
9793
7408
9786
7814
3141
9772
1331
3489
6028
3060
54
8226
9079
9813
2724
4047
5077
9638
1642
4514
999
8654
6952
2776
4578
8709
7085
2985
8556
5546
9553
7821
2765
552
819
6570
2989
3374
4630
3181
5294
7567
5565
3126
7027
4739
7099
7259
2679
5632
5319
5453
8481
8587
9156
1582
7177
9522
6094
8311
2276
5006
3713
3718
1190
7017
8004
8982
7181
5895
2602
4269
1685
832
864
2163
3361
633
4415
3121
9665
7751
7512
5762
5330
2623
6715
198
2817
6205
6752
1922
2592
1980
6640
8213
9940
4942
593
6358
24
559
8379
6871
1015
4808
5260
1866
6543
9358
4307
9271
5357
3948
3316
2088
6403
9770
9731
960
7567
1967
4627
6406
9515
203
575
7695
3256
7015
89
4886
7997
3896
7091
8285
9377
3699
2890
3997
1238
1592
2122
5055
9109
880
8160
7975
1192
7264
5593
1577
3375
8558
7930
3604
6759
4081
8095
1296
4860
1419
6955
2427
4903
2860
821
9991
3759
3676
112
6430
223
849
1221
8773
3518
4695
1771
4557
8154
3358
7975
7478
6160
6720
2702
7140
2622
1281
2720
569
8252
5364
4579
3853
7420
5256
7882
8335
9886
3236
87
2835
3224
15
5488
6869
2236
1423
1730
5260
8445
9070
6377
4608
7950
4551
1376
4042
9027
4555
5717
9608
4027
1356
8389
6096
9584
8695
85
9779
7595
5205
480
1406
8894
817
8962
7453
8036
9646
3930
4142
4390
2023
2223
2808
7353
2793
9746
8640
6506
4324
1406
8984
8936
6624
1845
5807
3134
895
5279
9368
5946
8637
7231
8940
8325
131
200
820
2404
1916
3625
2154
7012
6058
8462
3715
2090
4207
5391
7434
8584
8220
6328
5825
3481
567
7291
9988
8236
5380
4424
7722
1621
1536
4689
1220
8954
3898
4731
9601
4123
9285
146
8234
9227
9207
115
1318
4828
6900
725
3420
5791
9321
5528
7182
8746
8104
6212
2539
7328
9806
9865
3324
3852
2174
1158
8720
1450
5129
7769
5477
6804
9564
6224
8052
2099
3869
9278
2177
9624
4216
1670
1377
7205
8867
117
814
2235
1294
3709
6259
6706
9180
7098
5284
6299
2610
810
8297
416
8266
9360
7604
4337
1946
8549
8574
6383
6754
9023
9817
7685
8674
5630
826
8856
8147
3373
2276
8402
1119
5161
8316
1766
9739
8458
1764
5077
8541
6246
2693
8258
3528
91
709
4371
5163
1022
9649
4446
3495
5684
6801
2688
5318
9150
7302
1059
5168
4904
433
1201
8380
7052
3329
579
7319
5811
1046
9389
7034
9266
9278
6183
6840
7436
3618
3302
6800
345
5309
8974
1950
3842
1116
6619
9892
8324
8688
1988
1804
242
9028
6068
5335
1361
9177
2420
3496
6278
7968
7165
3034
727
2016
4769
6833
1498
9758
5963
3396
1292
9385
7130
7327
8475
8971
9886
6654
6314
1493
728
3471
3774
8628
5807
9300
8726
6811
30
5889
1200
775
4066
5160
6263
8586
4344
444
6648
8114
8298
3787
6980
209
7853
7084
5944
9221
498
2970
8972
8251
1010
1963
4570
7000
33
2345
7941
6486
6395
8556
2026
2749
9295
713
1315
2490
826
4989
6116
2245
9987
9368
9445
8262
6740
2273
9103
9692
4361
184
8493
4047
6692
4175
9411
1227
276
891
2491
8067
7527
9767
4853
7263
3447
4393
5971
8772
6098
3489
8101
3559
8388
4147
4140
9498
558
4777
2241
307
2129
5883
3051
8856
6983
4047
246
8420
6257
9984
1083
2796
512
7307
9313
9629
4279
1905
3470
2562
1471
7123
4449
8504
842
9267
9800
7941
6049
6706
1790
9226
9325
3685
2044
9101
4880
6637
4143
8215
3823
252
7701
6045
2683
6869
4613
7443
1893
7718
4313
5931
6699
3172
6198
4097
7118
2849
8455
8973
9749
5723
7639
3620
3241
1289
336
581
4750
1910
1951
7206
5909
6195
414
7525
9123
8859
1848
3357
6999
48
6696
7300
8890
8719
8074
8360
211
2287
262
7640
783
3174
7824
2723
8616
7507
138
2435
3237
2134
3454
2877
7601
2013
183
265
371
8030
5027
726
9570
2955
9718
3747
3786
3276
5772
7147
6204
4162
9867
5037
5652
2371
5178
5347
9162
2253
737
9266
4110
4780
1993
6052
832
6586
2671
4653
9279
381
230
4571
932
803
1816
3621
97
5474
9291
742
9135
8635
1797
571
3909
6766
2581
5470
7224
415
3098
312
4421
2747
3517
5996
1226
451
3385
2389
9740
5419
3433
7637
5605
4722
4795
6792
9116
1962
3521
2239
484
8895
7750
2123
8808
3186
9778
4250
1682
9763
2015
4288
4633
1016
1104
1140
3141
4028
7484
9591
6527
828
9941
7636
8434
7622
6001
7410
3774
4966
3828
8534
6439
9393
4658
2695
9026
8407
494
2386
9556
7511
6905
8098
8190
236
6451
7356
5433
6653
2351
2441
3406
5408
1475
4516
724
3261
8116
7246
6533
8146
6874
2133
4990
9695
2694
4047
5339
4745
2737
868
6341
3721
7553
2463
1304
8223
4169
1041
69
3504
7062
4962
9805
2091
4890
5469
2326
8027
4732
7942
1099
7297
8261
8448
7049
9994
3021
3866
1737
7074
5979
7896
1631
8120
5462
2735
7479
2037
265
2615
3036
1581
3596
7035
9717
2750
2898
9763
9898
3922
2712
4579
629
72
9161
5866
3472
2135
6640
5540
1859
8403
668
6857
8044
6795
5117
2114
818
4307
6161
4393
3955
6996
2459
3348
1327
6438
8357
3268
2664
256
7130
2784
7486
4042
6619
9091
4944
8787
7482
5608
3476
6149
6499
5643
6686
1577
4734
7454
4175
191
3123
9650
5363
4966
3109
6752
6146
4765
1673
8914
4509
5710
5524
4156
7735
606
1624
4360
241
3058
8272
5255
7111
3934
9997
8543
8391
1326
9760
7027
5917
2222
7732
8024
1993
8475
8096
4065
257
2720
3582
1949
6604
835
5359
1894
4837
1248
3220
4020
7987
1941
5985
5876
1175
8020
3359
2842
1375
5884
7911
2436
4981
5131
9902
8219
394
5480
9048
3261
2211
5385
2634
9247
9099
8884
5114
2171
5771
5685
7292
7370
315
7018
7236
4249
8998
3228
2217
9857
7476
7404
8477
8921
228
9522
5612
6580
6243
3184
8214
1203
4533
208
659
4380
4230
6150
2439
8104
5514
1536
8563
6469
1659
6996
5882
703
7711
7125
2350
5695
9409
9822
5250
846
9388
1684
4857
0
8857
9596
8975
6186
4562
926
4519
6730
3479
1625
6168
74
5617
2142
6136
6847
5989
3833
8015
3605
1934
601
5818
6895
1998
6628
3497
4269
9606
5885
5830
5811
2248
4621
7882
9925
5382
2953
2591
8498
4079
6138
8395
1126
2590
8839
4714
9170
9544
7453
8275
6802
670
8305
9515
1973
7552
8905
8828
7583
6477
7362
8371
8473
443
6264
462
5790
3208
4477
8923
2839
4735
4393
8450
9338
234
8977
8738
6756
7563
3302
358
9523
5087
7059
7348
1072
2938
3251
8239
7125
9804
4731
2844
6928
2582
2956
752
8444
7196
3816
2039
3034
650
1207
9922
8981
9152
4003
4114
3174
881
2806
8406
7675
2652
9682
7611
462
6108
5280
7244
7193
2602
4514
9293
414
1332
8001
6830
1336
7757
5142
1571
7554
7837
8954
7271
1470
3049
9304
8830
5881
3390
5415
5757
397
7926
4815
1077
7358
7633
2244
2362
6799
5077
3286
9686
7316
6757
3089
8933
6457
9629
1645
5587
8450
6976
1913
8522
9134
4875
3471
7081
3936
910
4769
4652
6203
1135
2316
8730
3160
4389
7569
7578
2476
7120
9872
8341
7717
1248
8983
1802
6666
2393
9011
4799
5066
2746
1708
9418
2310
2683
7157
6276
4356
1535
6326
5396
5390
835
9784
4983
5937
1879
2559
5666
8135
2941
5908
2179
2762
1426
3952
2925
23
5053
2762
6839
1230
1006
2349
9900
547
4874
7657
1174
3984
7778
3860
1014
3858
4635
2434
8167
8443
6546
7291
5384
5529
8122
1101
7527
8862
6103
9383
5953
3128
4728
5613
3081
7838
9545
1047
7889
1249
4244
2397
3706
4460
144
784
2799
7742
2460
1900
2722
4372
3209
6395
5118
7068
8828
6921
5152
9413
4754
2069
2786
6899
6465
5206
4728
692
2765
3284
9319
2202
5222
9690
484
5270
2224
6905
5249
7102
7785
4283
9251
1070
4656
3756
6867
1622
2464
9743
6922
2456
155
8100
8408
7859
3945
911
9299
7997
838
376
7285
6346
7818
6213
6461
8211
3421
9771
4015
6219
8776
4455
2073
1872
2992
4802
8077
5573
6644
6086
304
6159
4628
4980
5695
144
123
6402
4522
4227
8649
5441
7226
7855
4722
9365
4137
5855
7217
7591
9775
2038
3276
2945
7797
9885
9068
2312
1023
9269
5080
5748
8687
8175
9011
4436
9699
6190
5826
2126
5920
6289
8863
3810
9163
6
9967
2688
5087
7803
7803
5802
6543
6080
7889
3397
6612
9507
7704
7643
2510
5153
1963
553
6896
6556
5652
8424
4202
9047
2149
1120
3657
7812
7105
1835
6168
3866
8006
9170
2353
8601
6340
7831
990
6013
6376
8317
806
993
1894
2084
4159
7227
9136
8158
6561
5135
7898
7037
3323
7526
8574
9114
9664
5769
3976
9901
12
7651
4014
5398
7451
9154
9850
8695
7226
7530
5120
2607
2678
3209
8011
9053
4922
8097
5640
3180
8875
2009
480
4092
9962
3597
6601
5473
1291
3051
7413
2377
5007
1763
2580
372
5053
858
9406
9151
9332
8735
2740
3519
4930
8682
2756
5124
2502
7146
4861
1440
8921
112
5499
3402
7626
8887
2056
505
4955
781
4055
9824
7366
9970
8213
5218
3578
711
3544
5275
3270
5600
6659
6878
3213
5689
7260
306
9687
4736
3753
9589
9911
9279
515
8524
9308
8469
8585
7701
698
6895
1571
9001
3919
641
9522
6722
1842
4469
3626
6681
3944
7378
8384
6313
949
4624
3418
9774
685
3282
3357
8086
4302
3136
9614
7646
3979
6584
7192
7587
8364
8851
7565
9449
8357
1367
2491
8021
9519
623
3631
1741
7555
7725
1153
7642
9090
903
2952
2927
6076
6619
8350
2206
2622
1352
6195
7424
9623
2683
1873
1872
4329
7379
1626
8884
2049
3301
1226
4862
5303
7283
8460
3814
4870
3391
8796
5927
989
15
5395
9514
5284
8542
5089
1644
1521
76
5349
8958
560
9430
6837
8256
5258
2141
4561
732
8822
372
7227
8956
8888
5771
3232
817
6953
8516
8964
5615
3475
6545
4881
8605
5942
9196
6229
1670
538
8222
7617
4294
9233
5404
1392
590
1848
1062
820
6648
5225
3758
8775
317
8889
9672
4865
6743
7369
4231
2448
8002
1019
7360
4598
1158
5639
5699
689
8243
116
3919
6255
9236
8605
8291
3881
2566
6680
5028
8909
5970
9482
8365
1917
7118
3989
213
4459
1487
62
874
8684
941
724
6910
7470
2790
5432
4992
6172
7921
437
4716
6237
3729
2602
6350
5270
7174
8437
3090
798
3120
4967
9032
3855
5573
7602
9719
129
8714
2356
487
1736
6556
8882
4459
9211
9592
2319
2584
5421
168
9822
4273
4751
4027
7797
3473
5678
9185
4301
9806
9815
4976
4711
1780
4488
6791
4534
735
7005
3934
7170
3136
4617
8015
9220
6269
5383
1777
9036
2353
551
6969
3808
2392
9937
9171
701
3777
9288
1364
1355
1762
9517
9162
2845
7590
9392
823
9430
5793
2896
2515
2718
7581
6324
8689
3460
9322
5032
4588
5321
5972
273
5872
5262
9654
4641
8131
4153
1086
3278
3331
7261
1062
9775
2750
9126
2979
226
5244
6310
5882
3940
945
1275
7870
6230
1573
5734
7504
5902
3770
6783
1821
7883
8305
4865
7782
2720
2116
2393
5914
4261
8282
9163
487
2829
9861
9421
3679
7915
4470
7248
4750
123
9649
4696
9233
3346
2855
9380
9724
1538
3750
5911
3763
6679
5384
922
3639
6317
6747
3310
978
5745
8596
2308
4678
7027
4516
7681
2412
5002
8893
3233
1466
692
2125
569
3647
5221
5040
3277
6693
1285
8644
8663
1951
9558
6299
9005
718
1455
2881
9272
9571
1717
8701
5473
9505
6069
7189
5882
9892
307
5790
6595
3426
6878
429
6816
5267
2684
8562
5570
7785
4995
5443
8441
4075
4503
6673
8611
6234
7302
4015
8590
7627
1675
985
896
782
20
308
2129
6231
5807
466
3007
3966
7923
2069
9769
1293
2575
2932
6101
1245
8022
1335
4942
5653
5035
3145
8010
5790
4135
3575
2371
5620
7927
8910
6973
5477
6967
8348
5050
545
8402
7352
6153
8202
3134
2847
345
5044
6331
7332
4706
8550
1782
1147
3182
8241
143
5340
1285
2146
3410
6717
4997
6157
7858
7645
6385
2408
4297
5693
9796
5353
1394
7987
1694
2361
347
4875
8328
8650
4303
1735
8140
6382
1931
4436
2447
3319
8709
193
3703
7196
6157
2443
912
715
6780
4154
5103
7078
1177
7325
4343
2854
7509
112
189
5649
6109
7441
4813
578
1693
4753
3752
8144
7244
4312
6066
6366
3941
2373
9783
7980
3861
1641
8192
6268
7649
8627
3420
33
7228
4356
1589
2179
144
827
3251
2945
2620
5816
6798
759
4584
3966
2635
9073
8958
3837
8012
2747
6987
7716
2688
7670
8357
4543
1027
4828
4358
6348
294
1958
7927
8119
2835
2700
2016
9475
9581
921
1965
3365
6819
4149
4123
5056
4168
3230
7089
8545
4751
940
5059
3088
9647
2024
8975
9592
2581
2811
6621
3216
5464
8299
2015
3935
179
880
932
7544
296
7587
9147
3497
401
7796
2756
6328
5
2337
2527
9543
8395
6180
7988
4549
630
7866
7294
545
6700
5742
4940
5796
7041
2532
6628
5067
2023
5337
9475
4231
669
619
5330
6487
9293
8905
4381
310
6192
232
8319
6737
1493
5050
6448
2932
5203
1660
6224
1074
3574
2857
1470
2147
6877
2080
4000
6487
1203
4404
1775
6728
4976
3550
4863
483
961
3561
1027
8515
8182
5484
2087
8163
3917
3337
9371
1900
4764
2262
8906
4719
4276
8434
2309
7148
2402
9514
5077
59
9904
5475
9905
2900
8031
9611
2283
4990
9472
6141
5773
7212
1730
2692
7822
7957
342
9531
1138
7027
6071
4063
2381
8054
6020
6778
146
7224
4978
3193
891
7378
3507
6076
7693
8227
6546
96
43
7742
6292
9206
1184
8097
6026
6675
9541
6854
974
3524
9794
3116
8956
9495
2288
7966
6049
5534
597
7374
5498
3889
9321
5985
4511
3157
2025
3541
3016
8531
106
4923
9439
6494
3344
6549
8272
5853
2987
9567
2030
6610
6712
5036
2721
8313
4499
51
2687
7734
5083
8739
5441
4630
5896
6464
6209
9864
8105
2565
7275
1705
5403
5291
1832
5358
9596
7797
1475
4874
7377
6301
4530
5295
2416
6883
4058
5350
8870
2747
6828
1579
2248
3086
7235
703
1969
1150
6523
9254
6769
2896
5522
626
8313
936
5233
1471
3810
6180
5352
6942
6787
9340
3078
9687
6057
4142
4279
5083
6342
7042
3438
1229
3996
4538
6397
9619
6667
8222
553
5008
6526
6492
7372
5931
5849
4182
4526
2666
2576
9143
4467
5994
4765
1538
2555
8067
4233
9606
9186
1314
4923
9694
5457
5287
3224
9812
7313
8933
7202
1
3527
1974
9369
9574
3241
4736
9002
9980
3241
1875
4190
96
9517
2795
4167
3573
1174
5313
6926
4415
9137
1039
3094
9400
5281
7912
4551
6857
6672
4802
4121
3713
5556
4588
7608
6758
8093
3102
4909
6160
5471
8811
1199
6788
9290
6064
6318
1549
8892
8050
2878
9937
4300
158
7766
1348
7947
756
81
7978
4810
3224
1293
2512
4396
4014
7594
3191
2824
5234
8622
7345
9490
2354
1268
1851
9124
8109
7590
8576
6427
925
1981
263
6278
4645
8454
3306
5059
6881
5356
8632
2300
8577
7630
2040
7560
2926
6537
5109
5707
211
1179
1720
3783
9148
2607
6653
2200
1203
4610
4587
9871
2795
8235
7118
7687
8510
5309
8586
8295
5541
4171
1901
8831
5401
2753
5023
8061
9082
7758
9403
7381
3238
4638
3962
9364
271
8505
4398
9403
4984
6837
5526
6847
8099
5173
3365
6147
2441
5828
9656
7396
8290
5799
4063
9532
4114
1865
297
5831
8004
5963
6202
2171
4228
3432
865
9140
8311
8584
6345
5807
3741
1221
7974
6080
4924
4361
3668
1799
5115
8751
7645
6356
1738
7523
743
2291
1924
7166
3768
349
10000
8522
573
8350
4231
5488
4835
2939
1004
4304
3309
3508
6906
5655
6731
9904
7465
9222
899
4949
8811
3669
1447
5944
6573
6536
9655
3544
6506
1741
1551
8579
3278
108
9149
9990
915
2403
9638
2087
4057
2204
8207
1913
8496
5370
1589
1287
9130
1005
7723
9804
6930
2197
5374
6367
9272
6345
2273
8807
4160
4663
831
5905
7677
6527
4363
8505
1713
7548
2594
5050
3276
9103
3833
2341
95
4878
4342
8684
795
8243
4036
4739
8378
9841
8067
3267
7996
1417
2536
3193
393
9695
7444
508
7328
6287
207
9937
6944
9624
8121
4724
5599
8758
4079
451
4225
4111
6989
9517
6537
7538
3209
1839
7598
522
8783
1705
6048
2139
3161
5224
8458
7832
3977
3726
1006
6811
4792
6241
8149
6436
1811
582
8720
2827
4478
3567
1901
5068
40
9897
1361
1941
7350
8029
9487
5641
2734
9769
5284
3400
1621
2672
1369
9274
9744
5321
2181
5454
8282
1137
5042
2031
7694
6311
3258
9631
9362
4010
6670
9491
8158
9504
3345
5133
4639
9985
6533
1358
2086
827
4337
3390
7005
7399
5292
5161
8510
1194
2628
7832
7122
9130
7883
8523
7449
5906
4504
5260
8091
7610
6988
5458
5590
9366
7346
5629
2580
7510
7169
9256
7892
2361
2169
8321
114
9442
809
8805
7298
1361
9153
690
428
5111
3041
4865
8092
944
8891
7555
6856
6412
4235
5170
3687
6240
4747
7968
8804
585
2025
3069
1760
5793
8416
3020
4044
9137
1053
2565
6002
2485
2629
2332
2121
7777
7575
5141
5041
1824
585
2501
5638
5826
9237
2448
8999
2675
7226
4417
3575
3382
7869
4605
5319
2665
2307
3360
5447
3877
4953
1150
7330
8491
3490
3418
5433
1173
1499
443
8421
4514
2376
3928
1936
2514
1570
1719
9873
3738
9239
2493
2201
9462
5668
1954
4824
9040
7786
8287
4720
3324
5016
2975
2012
4691
1805
6100
6002
6382
6269
2534
1487
5851
5087
1296
9197
5186
2024
7973
5529
8902
1717
3944
5093
6401
4148
5874
471
7821
2658
2321
924
3144
914
7095
2284
5047
7953
7538
4274
7197
763
5692
5574
8157
8656
1050
9526
2855
9905
6638
3018
7126
6138
5883
1227
6229
4564
6625
6673
5881
5908
7749
3978
8623
5543
1891
837
5435
9472
7545
5945
6858
4493
8576
4797
5823
8858
4055
7996
2839
7503
5448
6936
761
7202
1556
353
746
9907
492
752
6868
7840
6017
7065
1314
8268
4885
7918
5327
4724
1292
9743
5642
9442
8778
3171
3369
1438
7697
939
1829
488
530
2549
7426
5159
2466
4920
2292
3056
4447
3274
7781
6918
4577
6396
9216
852
6701
6714
8470
5735
7828
9791
2736
4800
4730
181
6369
2431
8633
3865
8648
6931
394
6637
2016
7433
9412
8232
4333
4164
8495
9732
2350
5698
6375
9271
3201
93
7017
4904
3150
7220
725
5145
3879
3205
3257
8881
7138
2799
2573
8220
1757
8176
7022
1235
9431
3340
6460
8038
7586
8806
7238
6224
7770
2197
570
9803
9103
6552
7262
6994
6655
512
9675
8010
2312
8616
3800
1877
2883
8535
6500
220
7259
7757
4068
1831
8033
4174
664
6810
1192
2584
4000
7347
7635
8976
4936
9434
6207
5712
9159
7160
9012
1225
8879
837
1724
7995
3265
4039
4910
9735
7174
1909
9001
7873
854
8567
402
9509
3415
4924
2900
7517
4095
9202
2666
637
8765
4536
2174
8621
2850
8984
7568
4081
1020
4373
9382
179
7062
8807
2410
598
1127
4895
3611
7119
7594
2754
2007
7590
4586
7137
2933
6567
6448
9129
1243
2405
3810
7528
2237
5008
6571
1659
8129
3874
6884
7811
8435
761
4400
2217
5367
8546
6247
8185
3311
8230
4047
642
7033
1606
3644
948
8529
4540
9208
9587
678
2505
6817
3236
4703
