2607
1035
3442
3226
6289
895
744
2647
7300
2373
5948
4504
1511
544
2145
4866
8209
1927
7969
8341
9721
4368
8068
396
2702
1613
232
6554
2291
8314
4289
6481
358
9338
5610
1386
2978
9605
3262
3163
4410
9969
5390
6744
2843
9474
4215
1129
8594
8570
9023
8141
4934
7842
2695
9686
8621
3079
8682
9013
1743
9192
8589
9407
4281
989
1927
7696
9494
334
2114
5
1225
3482
741
1944
7367
5800
9201
2307
972
3522
140
9281
6326
4519
2043
3188
4811
6467
7824
3542
8497
204
252
8400
4805
2829
7298
21
9275
5580
6372
5607
8262
6134
2956
6510
4814
8407
1070
4359
1736
364
3953
8614
5162
4976
1141
3789
2141
3206
2255
979
5014
3767
6456
7524
5660
3357
4539
5971
4191
5930
4460
1604
1701
8890
8623
3044
4867
6770
8074
8994
5484
2864
6676
4642
8021
5833
235
5593
5080
9247
5080
2868
1376
8125
8200
2549
3273
2636
5207
7519
8266
1962
6525
5081
295
6645
416
5755
1608
360
5667
4155
7343
2516
6270
6402
6575
579
184
6518
8494
5906
5308
8424
3626
6872
6214
5695
5534
6812
9208
8223
6297
235
7354
3182
539
6039
9029
2529
7768
6315
7870
4512
5846
8353
243
3949
5079
689
7702
2119
6180
4467
2820
3091
5302
2838
9513
6038
5704
2419
1454
8532
2453
2049
6676
1476
888
4852
1158
4811
5187
4017
207
3642
6372
9615
8084
1523
9393
692
6673
3538
5445
3895
6678
2260
9589
5708
6073
4564
7045
1109
1593
2323
2082
9781
7921
4959
4140
7590
6955
1813
3492
3649
9567
4851
7224
3078
9782
436
9649
5350
2118
19
300
4357
5727
4221
3820
9867
546
2850
5499
7501
2285
2668
5231
1565
6400
4535
1462
7681
8466
5700
952
5806
8478
8367
2714
8797
7353
5809
8571
2409
4182
7245
8421
7588
4609
4048
6008
7796
6082
2558
421
8830
4525
6230
237
3157
4335
8455
4491
8183
2359
7240
2041
6117
6943
7364
1009
1015
2183
5857
2462
8574
6667
1469
3667
436
9492
8282
5852
8550
3371
7014
7554
9072
4006
9853
713
8960
6311
6292
5728
4567
5507
6553
1670
2713
8712
1973
4402
9707
4476
5833
8989
3611
6176
41
4874
3402
1523
8872
908
1683
7408
4104
2885
8642
8824
327
875
2940
4404
2293
4052
7091
7376
5463
2217
6395
5978
5999
6231
8781
858
6122
7530
3447
2654
2764
1650
7186
5477
951
9743
3230
830
7921
39
9538
7187
1276
7415
8474
5988
4824
3001
5950
4168
4890
9448
2480
3106
2949
2045
9104
5831
1021
1859
4169
5668
2798
7189
1565
3346
3027
4678
8394
4040
1533
4225
6508
5474
8503
2307
1788
3811
4158
7517
5932
7892
5532
6326
4693
6749
4020
5590
3710
3793
4733
8182
6073
1895
1905
1964
1192
314
9276
3825
9145
7159
6697
6505
8260
4449
2503
7480
783
5972
2586
6998
7470
6014
5512
5597
2124
4128
9115
3077
9027
5922
9059
2073
794
3886
7383
5337
8654
1501
758
4914
2468
9362
6123
8912
6395
6986
7999
6231
8139
1411
6392
7480
4676
913
3906
1404
9166
5788
4232
6042
8275
9206
2970
1259
2962
3883
1643
4900
8782
4531
3073
5420
4786
6496
2989
7596
9919
3793
5348
7094
5008
3540
5561
8028
1784
8911
2046
3152
1399
6824
3866
6355
128
2352
7941
8187
6262
9389
5753
5304
8191
9739
7004
6384
1150
9982
2400
3725
7379
231
5016
6308
1543
9391
6926
4413
7144
3828
7052
1704
3464
4371
7315
3609
7864
7131
3704
5204
8854
1005
7082
9046
1949
5193
4384
278
5305
4151
1612
5993
9134
3997
5484
9073
1157
2635
6168
8949
464
7491
3769
3851
4998
356
7248
8317
5689
6095
9297
1409
5421
1668
2515
2861
9871
2115
5144
6671
5173
186
7849
6954
714
6320
9450
9862
6898
3479
9358
9384
9344
123
7346
1203
5303
3187
35
6498
9990
8970
7112
7414
5126
143
1923
7859
6159
9960
3351
6981
2708
7669
4949
4365
5430
4393
1869
611
2259
8223
6457
3615
5578
6596
1589
7231
4820
790
496
9872
4355
9400
7487
9043
2509
6867
6662
109
810
2133
1809
8844
1599
4275
5821
6387
1595
1998
1415
8664
921
5867
2377
1106
7958
3962
3983
5451
6771
1734
6652
5951
5990
331
4171
5457
2536
2243
9006
8825
9016
7526
908
7712
2805
6965
6656
7215
7762
7962
5175
8725
2575
7663
7920
3933
7331
7193
5534
8555
3188
2296
45
4323
6678
7083
2716
7912
6714
6927
6370
7915
9142
6051
3110
7596
2428
6123
5097
6526
4565
1284
4730
6182
6477
3576
7474
1865
4913
4956
8311
2399
6014
406
3728
6233
9292
5718
9841
4436
7019
6294
8177
5905
3272
6537
1127
7948
408
9494
8850
657
6048
4880
619
3318
2315
8203
2753
4851
9930
8655
4389
9088
9067
9044
2672
2072
1884
1495
6100
5148
1393
3040
3546
9338
4003
332
1159
6077
9210
7582
8780
8497
7403
3309
3922
5920
2794
5285
4837
6999
5956
2998
7373
9789
5785
4479
3666
9601
9300
4749
7622
5946
5080
6720
6636
3643
4536
6258
4951
6684
2256
3015
7927
6292
7504
7504
8659
3236
414
3567
3708
6611
4212
3886
3352
7542
5823
1670
9158
4215
300
8254
5227
257
4101
8456
1929
7145
6574
8607
2058
895
6735
8561
9126
3185
9445
728
3151
2662
680
2847
7301
9472
1811
2031
6971
1776
3039
1609
2993
2196
5032
5040
6638
7557
2580
4929
9826
1097
79
2380
809
257
647
2552
4971
1588
5658
1438
502
503
6981
3165
7863
9532
4463
2543
4110
8539
9359
8451
623
8017
381
8431
5767
4934
2281
7017
3788
7448
5656
1696
5719
6043
1509
1742
7178
7298
6765
3616
4196
4184
6601
2063
7383
417
8541
842
4577
2634
4187
3357
5234
6118
6804
401
3640
6157
9906
1706
4785
1570
3102
7337
7493
192
9511
5478
9475
9348
3018
1325
8090
7377
2969
4036
6449
1924
6301
8809
2665
2551
32
1397
9287
7079
4562
4308
9897
7047
946
385
7208
2457
9812
1859
5762
5363
8391
537
6924
8895
6241
6920
6885
3725
6620
4163
8574
4768
9792
6676
7879
9802
607
6153
9027
5306
1080
5865
147
3258
5283
820
8766
1058
6899
8814
8829
2953
4932
9784
7668
4896
5196
996
390
8503
1252
3970
887
2718
6774
7135
7732
6467
9257
5982
5942
9972
909
753
5144
6713
7966
3776
4592
9398
5732
405
3428
6956
5064
9836
6327
709
9707
8750
4125
4691
8414
2507
3026
33
6005
5382
5875
9302
8598
1591
3579
3964
2446
2477
3727
8131
1384
3979
2981
3385
1031
9725
171
7530
7366
5637
3060
5734
8262
3430
9587
4125
1015
4697
1185
2276
2042
1210
43
7405
4641
1671
5066
6980
1839
8286
949
510
560
8994
6774
8248
2545
3071
3115
3998
1002
4113
7717
4788
5955
7178
5988
5918
4792
6636
8942
8890
3653
1617
5017
3245
6749
54
3358
746
1099
8374
2166
6705
800
9841
9838
4644
6139
7996
4466
3806
2873
1897
5940
3059
536
8643
4228
9415
3142
7800
1506
3153
4991
5184
8633
8523
121
825
5711
1451
999
9125
3275
241
8727
8554
8341
9730
1455
6812
9840
3213
525
2066
7337
881
2536
2877
103
188
2325
5105
8059
6885
6320
2499
2548
1549
9296
2916
6827
1762
8236
5881
7087
1485
8060
2484
727
8725
8727
2357
3632
4664
8319
5514
8827
717
6255
1550
3139
7265
2972
4528
8417
1969
1580
5781
9171
7650
8834
5744
6315
4124
5215
898
7057
9746
3420
60
105
6828
1957
3847
7748
357
7321
5944
9784
425
8144
5579
7280
7181
1388
2822
1161
6465
4278
6209
3418
158
8366
4098
4379
2908
9766
5780
5296
3692
2703
7696
9287
8450
7374
7384
775
8500
4213
9103
798
820
6536
3838
3805
3196
2650
2127
6490
7892
490
2952
9161
8945
6905
9260
6522
9389
3226
6711
6578
6176
256
8607
7240
2336
8374
3185
2777
8472
5489
2328
8265
9643
2206
4613
7100
3212
9319
4045
2976
9503
9507
8043
8297
6172
7923
9999
5495
6543
7932
4958
8979
2670
1707
5692
934
8607
8885
4870
2020
2937
2479
5114
7912
1198
8443
1585
9021
4387
7528
5793
5015
2189
6242
6680
9745
1892
3186
982
6483
9013
2784
2772
6115
1418
1899
5805
2837
7240
7548
1298
301
8245
3355
8090
7765
6319
9702
6792
8580
7639
6202
8580
4836
353
884
151
3186
2236
4270
898
381
9174
6681
3335
1738
7566
7228
2476
718
1047
2762
89
2457
7736
5015
1805
2950
5694
3916
6143
4585
2293
126
2010
892
2810
9651
9855
2545
4761
5150
7439
764
1570
944
6281
5853
1009
3172
5655
9497
6582
8191
7340
9888
5369
7445
7846
1611
9599
4060
6474
1081
4439
5742
9762
6685
2398
1072
2749
8330
8476
4961
7719
6450
8547
960
9732
941
901
7907
5742
732
4845
8382
6413
2698
4849
2788
9916
3332
3856
6119
3081
8605
3115
5408
2318
9622
622
7457
4004
2518
650
8738
578
8038
55
9426
6991
556
0
1636
4621
7209
950
7327
1386
1416
2611
2973
9190
3302
7138
5199
4823
6937
1890
9168
1896
8973
83
3549
5866
7709
1158
6807
6505
38
7404
2960
758
9356
9257
415
7336
4027
9213
4690
4744
3479
2631
3761
3275
1769
2053
140
8594
8759
5366
9711
5337
1604
9690
4323
1256
9104
5636
1376
4147
180
2000
7598
265
4514
8094
5225
3676
1250
9467
6986
8860
4637
7501
9142
1270
1989
3245
9350
9767
6072
8344
4512
7506
3808
7183
3211
3000
8907
699
3381
7436
4848
3210
9299
5615
7100
1526
1134
5330
5883
7161
5179
3910
8633
6392
2312
9460
2603
1861
6867
5301
1800
5456
3435
794
1795
221
6971
2578
4353
7264
2970
2271
8461
4976
7637
3829
2162
4972
2463
3089
2546
3588
4589
623
9488
2233
5459
8797
2556
3903
7215
399
2556
7541
6297
2868
2916
3949
520
8159
1712
7464
624
5348
356
917
9360
5217
5243
7174
5064
4087
2631
4179
5485
336
1721
9604
9497
1859
7946
516
2662
5671
1942
1188
1337
8372
652
4957
3975
3894
7048
8962
389
268
4202
5283
4283
3941
9619
6518
4475
6031
4481
9701
2087
1765
6274
2940
8089
5874
2875
2561
5176
663
1555
6909
4748
4164
522
5376
4950
4582
8031
8618
4677
8409
9723
1729
6334
3348
4020
5422
1928
470
6346
2495
3417
8951
8310
6088
3994
2379
3367
2400
5024
5423
495
2890
2490
115
3279
1661
554
7169
8600
4378
8651
8751
3941
8417
1579
9429
7678
9120
9602
8802
3189
4364
6528
132
2748
1939
648
8904
703
9639
1704
9156
648
7010
9287
9691
7587
5356
7871
8766
8848
5529
4832
6552
2649
3267
4692
7982
7047
6977
7270
8696
1165
3400
1457
2781
5207
6301
4481
358
9458
8660
851
6310
902
319
6183
5842
5794
6231
9300
2603
1781
8094
9105
7425
8464
9016
6863
1603
6413
1214
5397
7226
6773
7083
412
2144
9545
1947
83
3577
9621
1496
7510
3927
1951
6783
1911
5724
8601
6062
2627
1330
1222
6777
1254
8266
2344
2890
1833
9493
1869
1620
9574
5839
184
5281
703
8446
3307
6483
2845
7371
3636
6502
6762
7449
1545
6344
2759
7292
4973
1176
8282
3273
9385
8183
5765
8453
9977
8775
5577
2744
9865
8370
9226
1951
4242
2150
9535
7615
8822
3931
1047
6566
3428
6445
4945
1198
7715
9614
8041
6403
4583
9237
3725
6842
5323
7469
1680
4992
595
2940
3642
449
1514
1346
7498
6464
9419
4475
8592
9693
9013
4536
6182
6387
5064
66
5155
7068
2150
8409
7180
2761
8463
1228
6613
4616
801
4213
8969
3217
6496
8794
3086
4809
7717
617
5474
45
4318
2341
6488
12
4342
1688
8745
7123
1716
4140
7762
5018
2277
8523
1261
7400
7266
411
6233
5703
5212
99
3932
4849
9064
1297
567
9841
6351
4773
8016
1139
5495
8563
9790
9803
8281
2776
289
0
6408
1781
7486
4898
3643
8969
8826
1877
13
3091
7424
7533
7175
2031
6246
9755
7751
5297
7907
3803
6435
1788
3931
5435
4270
972
7672
2664
3231
8954
467
1740
45
8223
1275
610
4259
6272
2462
2114
5144
4006
3806
8297
4140
3068
7740
6733
6380
5606
87
4521
2161
8718
7791
4043
1638
3865
6100
8051
9358
788
2572
3398
5027
2239
6681
368
2114
1012
5906
5336
1580
1572
869
6845
6298
6625
3924
2473
3026
1493
7283
8471
9486
1585
4741
9603
4328
4200
2284
2766
9439
4337
6817
9130
776
7971
5817
6385
7889
4213
8858
5276
3828
2980
5995
1361
374
4205
1343
3827
145
5697
5284
1564
8290
9932
2288
4947
1475
1766
2667
964
6403
3396
2747
8293
3902
1906
388
7843
7607
4746
5475
3725
8161
1754
478
1563
1117
7595
5421
545
2010
2527
1399
8031
9685
8970
6087
4402
3627
3369
5497
4272
4761
4441
4039
6640
2481
7626
1360
4308
122
3810
3165
8384
5361
3731
8746
1474
9703
7526
1544
9355
8064
8239
22
28
5491
9705
8790
7752
6577
808
2471
6971
4577
1674
1903
4623
1484
3060
1379
1678
7912
5762
4224
2568
5252
8191
9350
4735
5804
6158
3361
5168
5725
9113
6246
9696
3698
3716
8292
416
6858
4642
6743
1582
148
6569
3371
8868
7700
8154
3626
611
5762
6429
1255
8318
9669
2972
25
3429
3618
6625
2120
1351
1952
1673
8977
7416
384
6309
9734
1754
9088
3132
6275
2262
6032
721
1336
8968
6652
7288
3441
1200
2207
658
9435
8069
2718
9980
1250
9882
7265
1209
7160
1684
6966
5579
1185
9062
9285
5658
2254
7196
9356
2281
1033
3176
6892
6596
9329
8175
611
6899
7585
1986
7855
1222
8406
1941
587
7717
2525
1563
6091
7697
9913
6638
7041
7251
5652
2184
6146
2818
1405
7567
8574
2092
9935
1085
5875
8493
7835
4145
6782
5153
1272
7890
2714
4171
8892
2722
593
3049
7264
9995
6135
6273
3889
6143
3276
5145
4445
4406
9249
304
4367
7248
1367
1257
3014
278
9034
9347
2155
5205
3367
3355
7391
2696
1999
702
1445
3282
925
9195
5590
1250
2892
5346
5246
3913
2923
7436
4790
3693
1004
7203
731
9355
6704
4315
1052
6912
6933
1201
5439
6620
1733
9705
9256
6941
2932
2010
4984
6357
5777
9157
7396
5201
1395
6294
6679
3932
2289
7287
1041
1073
7582
4329
9666
649
9970
1141
1872
2659
4033
7663
6845
3510
9630
2265
7999
2201
7670
9405
3871
4563
5315
5036
1364
5453
2240
854
695
4371
7393
870
3295
6525
1782
4952
4362
8046
9696
2075
5045
7388
3552
5513
888
27
5380
9727
5747
7795
6420
1937
7612
8708
2977
215
1662
1340
9298
2675
5012
5536
3031
6365
6134
9462
2296
1626
6682
877
9114
845
681
13
4970
5077
8722
5297
53
8022
1104
7756
5437
3623
2534
629
5990
8649
4239
2157
6128
3849
3151
7940
9326
6489
591
6912
2834
8946
6778
4996
3394
8694
3841
7577
6547
4525
5111
511
2527
3349
8394
8852
8217
7498
629
6354
5959
5446
5762
8218
7537
9186
9311
5540
6814
460
4001
6490
2808
4529
2446
9040
4936
4224
8310
4666
2756
3695
4812
7451
1812
5698
1812
4141
2433
2805
4676
8803
8491
3424
7662
9075
6340
3300
2700
2316
7492
8176
8715
8518
9303
2245
2859
8050
6204
7180
6879
2842
5594
4439
4685
7192
6429
2370
8555
6112
2395
7094
2089
2541
2847
3057
9719
1607
8901
1405
2223
7446
4113
3312
3541
3983
3085
3948
5810
6919
6872
2751
4225
9976
3014
3819
3395
5426
1534
7781
5404
5793
9012
1015
4172
3978
9705
6889
2610
7264
2187
9698
2853
2445
6463
9196
9875
1543
9637
5460
4697
3581
7950
2176
5633
8927
4800
7525
9667
5126
281
4947
2866
4132
3371
7499
9743
5788
3194
4766
6631
4840
8400
9353
1799
5250
1950
7780
4258
2821
4994
4060
6544
4246
5959
3841
2517
8474
2113
2986
2860
6894
8460
8740
5925
3352
7038
4321
5508
3594
886
1043
943
8145
549
6687
1477
6510
4644
7923
2769
7680
8826
7743
2393
6510
4529
9823
1590
5550
2459
9065
1036
1091
6743
8662
4309
267
3349
4599
7715
6319
3677
2790
1852
7683
3598
6808
7304
5935
7447
1198
2483
6046
4023
6208
5492
2935
2013
784
7470
8047
8806
1816
4776
6783
5637
9817
6465
6977
4495
6854
1034
9393
9505
5275
4612
6903
9102
4459
2341
8467
8987
4286
4728
6704
6949
4758
1829
1064
8785
8402
5718
5094
5284
3150
263
3844
5436
5060
8450
5944
8592
5554
5489
6118
4386
513
3859
8009
7534
138
919
2543
8740
1023
6159
7928
4785
9591
5368
4364
2677
66
4249
501
9928
9171
3091
9426
2653
3755
9342
116
5445
1636
4590
2865
6070
7061
3813
5873
3803
2680
6690
914
7530
4163
7927
2391
6891
155
8734
7249
4484
8006
9883
693
1298
8960
6635
4518
2802
7766
1204
7782
7956
1656
8956
7565
9246
7910
4783
1840
4997
7196
2823
782
7618
9732
3584
2036
9249
9863
9782
862
6978
909
4552
7677
3991
2176
7236
5990
5663
7270
5656
742
5103
2121
5535
2171
3542
6968
9695
5909
6292
3304
7639
3475
8224
817
2662
3376
5067
5477
5958
2064
1746
2620
7058
7705
7895
8983
8175
936
4710
6355
1533
2235
3235
6552
5093
6164
1338
1312
5562
1839
8624
5594
8796
157
1315
6554
6538
1846
8774
7933
9428
948
2124
8094
5652
8241
5737
4789
6190
2574
51
1136
6483
58
1227
5363
5030
5224
5344
1336
8102
7826
4574
4847
4169
7891
6705
5476
8986
8157
5638
1855
7967
9686
5005
2242
5123
1815
2623
5538
3854
2255
3887
7060
7056
9537
5621
8071
3993
581
8734
3993
4519
6688
4466
9533
3478
5112
7007
6369
2557
8072
6014
2771
3672
7316
4318
6862
7000
7790
309
6799
8554
6247
5251
9251
1252
7930
878
5105
4658
7875
4137
3036
4214
9962
5398
3125
9814
7777
4407
7754
576
7591
3256
8233
1978
6912
7207
2844
1530
2689
5369
4976
4121
1169
4644
6304
1830
6882
757
2905
1906
1600
367
4250
2108
9801
3761
738
8295
2407
5217
7636
8323
7321
3590
1822
5807
6718
3108
8373
7604
4324
504
2299
8601
1138
3969
8608
5627
9014
7550
5607
6605
5917
457
2478
5820
2530
1044
8838
672
2216
2790
7478
4350
8624
3069
2314
3638
3571
9514
9139
525
2275
8808
853
1637
4730
4302
2404
7122
4826
6443
7521
9440
383
2315
9039
519
1461
8440
4189
242
4092
843
7474
5440
2366
1262
6280
8503
8974
6440
4518
9891
2690
2223
7383
1393
2679
6448
8686
2202
8696
4041
2430
3253
3052
8503
6285
3219
9625
326
3700
7283
9151
9640
6916
8793
8456
1532
6391
3040
2851
6921
2788
5425
6760
5501
6734
1650
8421
2327
9743
9380
1818
5311
4106
7510
8168
4572
4144
1889
2527
4119
3390
9637
178
4108
795
4222
4302
4151
5888
6678
4671
308
3129
1922
3092
3714
354
1676
3188
2095
5760
1278
3550
8216
2776
1538
4261
7218
3026
4454
693
1363
2436
3260
2235
8221
723
9730
2730
8240
2100
5756
3485
385
2743
1150
219
6879
6146
9143
6031
4191
4960
7046
2693
5638
890
8347
4907
9877
7373
4221
426
4926
6891
2899
5393
9612
8607
9244
5826
9993
7702
3077
8423
7261
7278
9772
8925
7228
3760
3544
8675
3211
7128
9853
4706
9040
5047
1311
7779
3039
8568
6124
175
216
3433
4810
9832
3791
91
9561
7690
1243
706
6352
9167
8288
1626
1054
6062
2671
2633
6955
1983
3406
7539
2742
6337
824
6167
2646
4823
6675
2246
7142
2160
4121
1777
5458
7280
5474
4663
3992
1217
7789
7199
3710
4823
9182
3935
9444
5796
8566
6744
6617
5371
4115
9864
5696
3938
9654
3826
2489
4881
1866
2320
1437
6876
2679
6349
23
6679
5248
795
9941
9030
7580
3336
437
6616
39
8965
19
152
4674
4022
5723
8877
4206
476
3520
7115
9780
5274
5758
7044
4418
3403
7028
4838
1099
9343
14
9125
1649
8321
4028
5102
1833
3553
7865
3414
4447
1498
678
1096
8473
4693
4021
1233
3899
119
2503
1785
9404
5702
7122
6871
1406
2276
5391
5978
7618
9321
2180
1446
5809
8967
420
4741
5063
2385
4897
1850
3014
9214
9319
7268
1791
6106
6387
3363
3696
5466
6752
948
1463
6840
2991
2009
7033
343
3989
8229
4062
1926
2944
8273
3354
1715
453
3790
865
7833
31
1613
4359
8036
3965
3016
1098
3495
240
5289
5786
4103
3940
3115
3612
242
4660
4912
4224
2634
2091
1186
4612
9238
7776
6914
2215
3273
9180
2611
8817
7497
2391
8993
5485
6088
9597
6186
5826
7182
3413
8066
2467
8875
6911
9541
5325
6831
6272
9516
4469
4706
1634
3799
5715
7152
3528
45
8250
5524
9891
3642
3050
3498
7175
2852
4225
6189
8821
1081
3436
7225
2068
7554
995
8879
6523
4715
376
5986
3943
7002
5366
4931
1960
5775
5493
1971
9639
701
5805
1733
6513
5222
1785
5403
5634
3581
8599
7513
8328
2120
5526
6240
1086
4314
5153
642
4332
247
9680
2661
6024
8459
5709
3343
3442
4955
4563
7561
2503
3684
1762
7016
8651
5652
3221
1673
9152
2586
2867
6311
750
219
3445
9573
5020
2481
5771
9612
7427
4757
7761
9544
1069
8864
4778
1126
1513
3420
831
9853
7282
9348
4356
4927
3784
6493
9471
1259
2747
3354
6609
3189
351
1867
9270
3594
9618
6021
6544
5976
1488
285
6048
392
5615
2297
4305
5324
4912
5363
3380
9119
2433
7125
9504
8282
6558
8266
8720
7232
7535
3003
1242
7278
3457
8613
817
5630
4563
920
2863
9970
1961
5999
1026
7151
1544
8765
5704
1660
2661
7190
857
4854
511
9634
2892
7296
7360
9191
9807
5188
6113
2138
1184
5919
5276
3876
3695
6723
2920
8996
5038
2863
2439
2300
1166
6947
4420
2791
9946
7719
1249
3729
983
7919
8941
8478
517
1198
3967
1793
9721
8251
1104
8752
5801
3483
995
232
6894
6872
7386
6464
2531
4107
8311
5368
59
7029
751
820
8365
9503
6616
9429
211
448
777
4653
7513
3258
4304
7524
7195
4179
1795
3167
5049
3642
5826
7803
7917
4835
4539
8126
4234
2933
4099
2645
5127
5173
4095
6109
5039
6528
8727
2119
7796
9370
5480
1971
4743
3668
1976
4689
9885
4496
6700
2710
2474
1409
8378
2557
7863
6610
2472
2808
936
1957
3419
1575
6976
2732
8488
4185
7013
8447
5703
9342
8821
3314
9127
4354
108
441
6457
2542
1570
23
5830
2027
3526
409
6528
9612
4727
2348
5734
4424
8001
5846
5357
5095
6385
255
4827
6566
3609
9340
3343
5362
5087
1141
1195
2606
54
4337
1017
631
3387
6487
5841
4287
9288
3334
6404
3303
2809
1215
445
22
9132
607
816
8644
3050
138
1181
4834
795
7190
9702
5046
2141
8858
9354
4224
1962
5092
3553
4721
2468
3863
9125
7292
4106
2053
1635
2405
5910
3513
8237
2437
3197
8774
4058
2557
829
3867
4965
5373
3730
8269
5137
5706
3033
7043
2368
3255
8724
1539
5393
4758
869
2111
575
8690
2140
2453
975
1027
7903
7790
1833
6735
9387
8971
2703
4474
4349
8551
7499
4986
5476
4887
841
7763
8330
2293
7414
6730
1612
7509
2991
8332
625
5593
1705
4082
50
3507
4760
2463
7410
2854
3081
1080
7014
9931
9595
3858
4452
8924
999
3762
3485
9776
8566
5424
8579
2862
4394
8369
1954
6013
770
7450
4166
5193
7798
7989
4902
3929
3301
1682
2396
3690
2641
4224
9788
9876
8435
5567
5616
9235
5977
5485
6090
5498
4436
2857
2147
3656
9419
8342
9464
9646
9045
2461
6306
9559
7346
4644
4820
8205
982
6425
1802
8481
9383
9175
5780
6854
3908
779
5736
4162
2269
2842
515
4231
379
3395
6584
1811
9821
3213
8343
1816
454
6125
4533
6233
8282
3314
1092
8022
7053
3511
1845
2303
5031
387
1027
2995
119
5875
1744
4390
5185
9488
5875
8400
493
80
3566
3412
2044
5329
9949
1459
9678
9446
4660
1854
9297
2029
2687
3311
545
6080
1707
2916
8040
4025
969
6748
4839
6123
7746
3428
6143
704
8060
2172
5976
7723
9753
6512
6123
7122
9071
6583
1031
2329
4965
1311
4327
4718
2935
8213
6426
1596
1098
9784
7413
5686
3599
2722
7613
8338
7025
7461
9389
8877
2719
1090
6125
820
9304
8839
294
2814
7908
3575
2519
4204
7793
3181
3425
1746
139
3319
9601
8920
9129
4302
1907
935
1087
1455
4444
7380
4272
109
1902
6399
6165
5312
3301
4632
7690
8410
8988
9986
4529
718
100
1638
1581
1016
8200
2390
7472
9674
2238
7925
2734
1460
381
4651
6102
7633
1600
5669
7592
6221
9942
398
4315
2070
2959
1665
9172
3694
8532
3321
1875
4522
227
6202
3756
6000
739
6429
108
3333
2388
5739
3552
7228
987
1873
8664
814
7112
4707
3961
6793
8500
9118
1930
9675
2459
8399
9120
8581
7091
5716
9275
4341
6796
6380
1744
8406
3358
6283
3042
4196
6997
8207
7499
8410
2323
2681
4964
1172
3022
5350
2073
3798
2651
8162
9972
7402
3191
7786
6918
9261
1166
8128
1807
4444
9454
8975
9873
8463
2050
4662
5824
8491
6395
5251
523
8162
9161
4153
8269
8482
347
2771
6638
9967
7039
934
6040
3166
4684
1978
6001
6830
7005
8230
8166
6697
5322
3634
2083
6841
6959
4181
73
8713
1241
9241
4720
1158
8639
3704
8733
3365
8801
6842
2649
1108
7902
333
4227
6532
474
5507
1767
10000
6186
9312
6083
2509
653
7922
6218
551
6914
1614
8314
5976
7845
8512
760
7498
4492
8574
5593
4880
7195
7440
6001
9305
7718
6931
9242
1834
1829
1428
6752
8751
7045
3665
7267
422
9748
1621
4108
1102
275
2322
745
1413
2221
2400
1362
3425
2561
6126
4274
17
1889
588
1433
5571
1429
7184
3633
6484
6554
7207
2444
6872
7545
2094
2927
2730
5347
3778
5215
9986
9192
9024
4515
1809
8828
9509
943
948
8380
7570
5572
8820
5803
4784
1300
4917
6485
8482
3974
8662
327
7253
1188
1024
9742
4007
4132
2994
436
3963
313
8520
6693
5039
3263
3053
9358
4382
1903
5143
8912
5194
1606
5064
2508
9279
842
6442
8637
9753
5289
4314
1319
2741
4483
1560
8821
1766
8245
3172
3056
5037
2925
2174
4809
5395
3125
1796
8995
7835
7249
3527
2873
7158
8916
740
4148
6559
7337
4570
8655
5527
8379
7246
6036
6329
9664
3412
1851
6317
6427
6690
1735
2736
7978
9166
4151
9821
2494
6826
2888
1315
7271
2837
5220
6283
5355
2707
568
6197
5841
5097
251
5584
6896
6717
4092
4000
1858
4211
9903
6856
8630
4375
8995
4879
8400
49
1401
7984
8097
1498
262
9647
7657
9730
8553
2530
6973
3807
4705
8162
2
1219
73
8719
600
3037
7884
9668
1044
843
8555
390
4999
6377
8471
6916
9816
2683
179
6331
2913
9263
7480
8413
4978
9447
6259
3559
8622
9686
2983
4751
4502
1565
3710
3465
5346
7967
2108
1192
8521
3653
2044
7511
5292
2927
8728
7519
6761
2059
8075
1381
4928
227
9994
2630
2252
544
748
8380
6700
3565
6484
8100
4172
7712
402
8760
8628
1448
8711
6456
8501
6579
3321
6395
5988
8494
4803
1891
1153
456
1381
5145
9933
3258
4903
2957
2846
3422
6825
581
853
2929
1142
1148
2931
5221
230
6690
2680
6406
4365
1207
8554
4962
6007
2814
9736
287
1188
8349
6996
9891
7853
824
8846
3145
2761
3243
3496
3109
7868
6660
5126
477
2922
3963
7505
3251
921
4309
88
2285
4796
2861
984
6677
9519
2125
523
9932
9283
5589
3030
6267
3254
508
1964
6045
4733
4460
5574
6531
4124
807
4576
3378
1038
1641
6926
3222
7794
6013
9846
9566
5603
1315
7528
4903
2097
1793
2695
2455
7464
1365
4826
7209
5246
4108
5973
4544
9878
8995
283
951
597
1043
2557
5100
5775
7084
7285
1299
5952
7452
1254
2278
1054
1639
6354
2568
2825
3539
4774
8171
3663
2489
2148
9023
9498
1542
2729
7773
5174
5183
4743
3928
3186
7917
9482
9636
2581
2025
1745
1508
2796
7974
4534
2739
3321
1208
1992
3149
6229
5779
328
3575
6057
1345
630
9041
2958
2135
8850
2776
7533
6958
3625
1162
3159
4690
6982
5664
9757
9242
6547
4936
8626
7197
233
1069
644
3162
9984
1080
989
9696
5540
4559
6844
5845
7586
9316
5084
7346
6912
1081
7469
3005
7051
9182
4471
4691
4803
5786
8025
2905
4211
4620
5520
6737
4071
7836
9533
4968
2175
7173
536
7658
8627
6170
7220
9470
270
6661
7423
5441
1403
7915
3235
828
6771
3892
4247
908
1953
2078
2953
1897
1399
631
4541
1233
8756
4834
4299
7630
5928
9682
6296
5891
2796
3174
3610
9323
3256
4908
3391
9047
5488
4559
8274
5338
8748
2770
8974
2876
7464
181
3990
94
5070
1649
5228
6420
8039
3565
691
9179
816
4655
7098
6546
846
9948
4991
9049
9078
2412
9208
7576
307
9310
5822
8780
7576
2388
6435
4165
2683
4358
8296
9787
4102
8128
7316
1482
4856
678
8243
5763
6496
9196
9385
5231
7425
8483
8355
1632
748
7866
3708
4715
5784
5406
6859
3158
7136
4492
8929
6586
7874
5235
682
1819
154
3526
7461
7794
3735
605
58
7895
1091
3947
1039
6120
4588
6673
2169
9629
3102
622
1477
6999
4732
4864
8010
9845
3565
2821
8797
8748
248
9093
4129
947
7520
6086
560
3542
8684
9560
3296
9649
3246
9994
9919
2324
5901
9174
6658
4085
6345
378
9166
727
8445
5017
2898
8011
1611
8973
6720
429
4396
3665
1849
5569
2361
7800
6346
9917
4858
