9787
5380
4366
9976
3657
6064
2787
8851
1862
6399
3527
6738
7866
3805
2388
4751
667
3870
6568
1294
3693
8398
8994
4594
8021
8313
456
9011
9872
8786
5874
4707
6105
1862
1629
1145
6524
4462
4713
5379
8170
1200
7612
7921
8289
8377
3503
8455
1053
990
1723
722
4254
2540
7968
900
7471
269
5849
9585
9614
9130
312
667
2631
9874
7833
3609
173
2521
9725
9165
2848
1767
9319
3475
6675
8033
5049
4586
7772
3066
1840
6785
5515
4632
966
2388
3018
7241
7644
2296
3093
6998
2326
3319
3496
7883
9215
8519
4096
3816
7650
3665
8853
5786
6072
6094
8916
1624
547
3285
9885
8793
2791
4968
9416
5528
2741
1098
9886
5988
6712
1320
4987
1633
280
40
8734
4748
9815
3948
1254
8181
3962
2973
7041
9880
4862
8307
8436
2994
774
1437
3632
4180
4014
1745
4100
5513
4490
7885
3544
5058
655
57
8011
7140
4981
5393
3306
4122
2360
4532
6565
3975
4079
447
6148
6163
7778
7406
6855
1564
1226
9613
3349
5426
1170
1312
9504
5433
977
1234
4289
3922
6023
9908
2666
9387
5900
3686
846
6761
1133
7792
3906
690
4381
1335
3812
7850
3516
8250
9990
6298
2065
7298
1356
487
4761
1721
5099
6893
6087
2317
8287
6219
8674
2887
4368
5403
255
8690
6029
3196
1906
4557
5008
1422
7068
1994
4280
7127
7821
2617
8149
8406
4255
9232
6765
5844
6614
123
9808
4691
3169
7909
8975
902
6698
5354
3908
4994
2043
53
1725
6693
6989
1635
2155
8957
3846
3052
6438
1398
6266
2478
6783
2186
6177
6756
3123
8950
2592
8217
1957
7047
2608
1993
3456
3842
7411
9209
585
2800
4434
2157
1671
8336
4696
8559
3347
3176
1588
8394
8281
6950
8138
142
3611
6917
2616
706
2555
8668
9505
8267
1023
3512
652
3959
1426
8508
5424
9506
8671
29
241
4574
8834
2337
4111
6520
1792
5485
4665
480
1410
1726
2084
1107
3588
2309
6843
5998
5699
8743
7237
6203
4232
6888
3884
8047
7793
3699
8896
4004
6041
3332
8286
4502
3641
1149
9000
3448
9388
5422
9010
8762
5548
1462
3151
2432
6999
4155
1413
140
2944
5667
6703
5874
7539
1336
7466
2257
6805
1399
6860
2947
4826
3176
3619
1139
9714
8671
6534
5275
5678
9433
8353
4788
6493
5402
3281
2345
2257
8310
6463
9569
6751
2728
8038
8046
5382
7191
7620
723
6387
9538
9667
594
4314
5024
6978
3346
7351
6815
3736
7702
4867
4068
9179
8908
1084
5728
6921
554
6041
1790
3420
263
9913
1262
6577
9126
104
3478
5921
6939
8217
4936
1450
1915
9106
3304
9088
7956
2781
9129
8038
3796
5872
6842
3717
7963
5212
26
3295
2425
1401
6770
4440
4943
2231
2019
4993
7597
1547
1658
672
3996
9394
2891
5399
6009
1496
6714
1384
4346
6366
5866
4413
8252
6906
7774
3284
6514
6348
5582
511
160
1631
8068
6472
3576
9761
11
9456
1514
1172
2012
981
7240
6368
9547
4477
9475
7642
6179
5019
6793
9235
4117
1678
8444
4032
6584
9801
2472
9952
9669
1399
448
490
5517
8863
5013
7087
2162
2634
671
199
5747
750
8756
4484
5171
8389
5714
9285
5671
6287
8944
172
253
2641
8957
8589
3334
7149
6982
1435
6707
207
1853
3303
7020
5299
834
7691
5116
9077
2685
945
59
1203
3845
3634
7175
3626
705
7912
700
1040
7693
2827
1046
3458
7307
1434
5371
4795
9200
549
499
3933
8717
6222
7516
1483
6983
9012
8984
6014
7276
8260
8639
7607
8672
8791
8350
5043
9424
7449
2178
2629
3872
3519
8051
8566
6559
9710
1943
7453
6317
3897
3973
7286
3285
2331
1119
1466
4498
7521
2200
5542
7989
4825
6967
2814
134
5543
7236
393
939
2378
6986
3378
2710
5607
3546
7150
9442
6535
5928
2381
6821
2215
8510
9681
250
5222
4901
9406
9470
8193
831
2878
326
8769
1577
7827
5382
5850
8422
3159
18
4317
3425
8414
2527
8881
7781
8636
8593
1573
595
8703
2243
982
4293
1798
6906
2215
727
2255
499
7432
16
5533
3431
5552
112
755
4509
5010
5908
2137
8573
6118
5588
6667
2033
1392
5473
5701
6495
6470
9251
1294
4777
6966
270
557
5962
7811
7025
6014
5293
7924
1753
9567
7634
9539
4308
2808
1143
1596
1741
1513
6270
868
4269
4412
7910
1056
6342
8729
6042
9139
5260
6654
4356
7073
7228
4627
764
3147
4532
7220
1431
7797
150
4922
3982
7794
7377
1384
6140
6086
2107
2131
2561
9011
6544
606
1283
7549
6660
7233
5580
3819
9071
8411
3116
4978
9091
4731
4371
638
9599
8343
5061
7103
4575
349
2000
4824
5414
4218
2609
6539
7387
344
7484
3148
1692
6212
3566
2729
8756
9431
898
2583
1287
2869
206
8289
8343
4440
5880
1227
9955
9263
2153
3894
3622
4943
6368
4355
5412
9494
5469
8333
5907
3409
9260
5425
7990
9679
9237
5692
9772
375
5345
7084
9003
1138
7313
7077
2920
8113
7370
90
7998
950
643
7003
846
764
2841
2223
8300
9989
6744
9610
6855
1414
2242
9415
7436
7846
6573
1030
7717
6345
3513
8491
4753
9102
6899
1385
4536
9027
1256
9363
4024
9098
9234
1422
3401
6973
3322
7843
7330
3369
8712
734
2269
7247
1979
1578
3813
8964
113
5004
3395
704
4069
6549
3693
2710
4897
6028
9045
1963
3346
828
4797
7701
3856
7887
7535
8812
720
9009
8896
3456
6651
2838
7165
2131
9205
3362
4814
3620
9605
6228
352
3447
123
637
2247
686
4911
4354
7188
1114
6184
9491
5226
332
8898
7572
8098
1956
4075
8413
1406
489
5978
7700
2102
5915
805
3952
7786
8437
6026
8105
7275
3104
7280
6722
7322
9520
9141
9770
1260
3351
6661
5720
7634
5838
5122
6127
9239
2441
3879
635
3494
3305
9177
3983
7052
93
4310
9569
4459
4709
7042
8645
9374
8409
1190
8431
4286
7505
9473
9681
2416
3235
1157
2800
8352
5265
6066
7981
710
8191
5731
2336
2608
8307
8563
7828
9463
1394
5241
7634
2748
2830
669
6813
4682
2149
6969
5316
4724
7392
1077
7358
690
559
7816
772
4642
7004
7763
4462
484
7369
4620
5650
1657
7217
7625
2097
4561
4272
3587
9439
820
1343
1832
947
2907
717
1200
6189
1553
4178
3611
4487
6026
1225
8923
9374
3681
5458
1252
9917
3304
3114
4370
309
5820
2358
93
9469
3333
9136
7061
933
9385
3799
5974
3923
7296
1398
3685
1413
3099
9458
3378
4741
580
415
3591
8569
7920
1239
1370
585
837
5573
4917
9976
7839
1834
7249
1397
3657
1207
1331
4479
3669
6399
2325
2267
6101
7332
4367
2163
100
321
3798
8740
8141
1658
2532
7503
4968
7900
9240
787
6169
2858
7281
6772
2862
6453
6445
6939
6339
6634
3075
5383
2142
9122
5272
5496
6797
6540
3416
8488
890
9873
5101
1685
6243
7458
9414
5830
2518
7767
3078
4888
2653
885
2909
1558
4462
4541
6291
127
510
7181
4189
9033
3477
3104
5223
8172
863
5857
2836
8850
9424
7113
9819
4828
141
1862
7443
6967
6276
3725
389
7258
9027
8964
5491
3845
7436
4349
1666
5151
6840
5785
3892
3256
4362
4517
3806
3475
2997
3571
9857
3584
856
692
6638
4675
5154
4168
4634
4273
9551
6844
716
8468
8130
4726
2044
9562
2989
6317
1064
3931
9054
3280
6297
9666
875
3236
432
5656
8101
5442
4840
2521
5542
903
1313
207
1058
6074
1658
1635
1888
9061
6927
2647
2999
7047
2911
9253
6091
1188
1198
7067
8638
1784
2473
483
2662
429
7670
935
4335
5861
6554
2743
3804
4136
6833
341
7256
1881
3942
1065
3243
7530
8570
4208
6991
2638
8602
3661
6386
1566
2703
4666
7371
1923
7127
2226
1282
4222
1255
7654
9752
623
5551
7908
5285
5045
9715
9040
2620
9346
5933
1726
3198
4496
3702
5531
5991
7050
1916
6217
7752
7502
275
8468
3814
1075
6660
7031
8555
7013
3232
4103
3496
4703
2708
9435
8031
2255
649
5083
4645
4399
6644
4134
7434
6482
5680
4837
5990
7521
6438
4850
548
1396
8895
3551
7523
6056
7854
3744
5415
6743
6559
1893
8124
1393
2341
2628
407
6873
9321
1321
1324
1648
8323
5869
278
4443
8140
9494
7654
7575
3209
2955
2738
7094
3109
2512
7086
2921
3578
5775
3502
8877
9670
6947
3943
7825
3273
9517
1173
2099
8282
4399
2916
8510
2558
8955
8809
2635
3674
1442
6715
3489
2847
943
2896
9053
1324
1373
3676
4414
4636
3597
9293
3734
6284
4354
4191
544
4788
7915
3358
2892
1084
409
5068
2632
4613
8159
9985
4138
3927
899
7436
6673
2322
5115
9663
1168
1588
4545
3210
4711
8430
4817
7821
3856
2293
2478
1580
5947
7882
281
7347
3797
3286
1575
1264
4263
4416
5358
6225
1332
3061
7358
1275
5235
8367
6415
2703
6410
2114
965
4587
7523
1667
6443
7213
5017
6269
8687
5872
2245
3284
4289
9666
5606
9720
6368
9706
5478
1520
3619
4033
616
3509
8034
36
1473
9211
6655
3753
49
8048
6969
2090
8625
8482
7934
1458
3398
5234
6949
2619
7118
5202
5788
1239
2562
9263
8112
6957
4635
5142
8482
9550
6711
1268
2770
8248
6627
2542
2425
4083
6840
8309
9483
9431
2187
1129
7597
9782
1138
702
4039
4308
3919
7811
3242
7489
1907
4742
482
3270
5848
6136
7703
520
6174
2543
242
7485
6818
6905
9753
1574
4482
8224
9940
6892
9832
5716
8971
2436
3482
6414
9372
9034
9974
2412
6100
2327
965
789
3378
1327
4549
1341
7309
8913
8661
9222
1387
211
1934
744
4142
2546
8655
5766
3605
2959
7423
8225
5913
6706
4965
3670
4365
4047
8442
1134
9798
803
2359
5314
785
7902
513
7710
4771
357
9811
2045
6771
3249
3642
6643
8781
7106
8320
3815
1902
8995
6292
1514
91
2645
5049
8790
4412
6888
8754
8135
7376
9408
6462
1049
2464
6657
1278
7965
3355
4010
5514
2867
5066
9211
4086
1520
5495
9380
1437
6526
3649
1977
2295
4251
539
6946
4063
5996
1655
80
7364
8749
8611
3407
5579
8132
904
5486
2746
6453
7440
7074
4404
4533
9923
5591
742
2921
6147
5394
1096
3445
8271
29
1434
3706
5218
1998
7293
3532
2077
3568
1681
5741
9594
1818
200
5125
2961
3804
3582
3959
5518
8909
7733
2780
3280
4290
4760
9920
5916
6204
1839
7136
9641
3739
8445
908
1685
544
1055
2126
4030
4437
8723
523
890
4433
6246
9782
6841
1558
5218
999
5273
9617
7996
7299
8883
6366
8672
5563
6960
6520
6700
6847
3322
8298
8679
7130
512
6585
8718
8857
7824
1776
33
9404
2094
6128
4512
6322
201
4918
9298
3244
3117
9128
9256
259
3486
8964
1696
5500
5064
6742
4090
9151
2672
1810
9640
3723
8937
2703
2751
4123
8573
9140
2822
1572
8267
4983
3675
2544
8987
9561
9368
8002
4529
2807
4169
1810
9170
5096
1953
1660
9055
265
1511
5667
6399
8204
892
4799
442
3083
5492
1494
8853
2329
5740
6420
3844
4611
5660
9564
4899
577
8980
7807
9967
5147
8701
6688
3115
9782
5606
4478
5922
2983
3575
2647
2666
4854
3775
7254
9250
931
5340
2861
3682
337
82
8574
4696
3608
3522
9695
6192
6163
6994
9064
8871
6514
4350
8386
4278
7931
1636
6033
7578
7606
2948
2562
7759
2913
606
8215
8022
1857
9991
2057
2134
1172
8522
7115
5998
6097
4558
8746
6698
7756
5091
4755
8809
7819
3677
7570
1187
9384
6572
9838
3215
1840
9372
8509
8128
2545
963
4425
3444
3898
5490
199
5304
893
3465
655
8537
1795
4223
3834
6192
725
2158
4703
7313
1614
5491
1775
2613
6703
6136
9759
3219
7491
3172
5241
1344
9149
8242
9324
1276
6279
4259
9919
269
9378
7504
2284
9149
9068
9639
5103
171
7787
2048
6165
2904
8874
8224
5538
6102
3272
7264
2621
7498
5276
8536
9475
8057
4562
472
5453
840
942
8365
99
4123
3494
5927
2584
6388
6604
830
4100
8045
5899
6729
2874
9096
9090
1485
8691
1153
9802
7194
6366
9543
1027
7012
1795
9226
6945
1413
4152
3427
186
5291
274
3286
4550
9204
2413
9654
4840
8994
7525
1945
423
6351
7162
379
9703
9069
4373
9575
2274
3595
487
6371
8475
2205
8295
3281
9869
1381
4878
3581
4930
1011
3911
3690
163
5262
4427
4393
5618
7866
7768
4691
8054
7143
2905
2384
9152
569
945
7936
8622
5104
4479
840
5735
7271
7522
1981
1361
3216
5241
3377
6232
5733
7796
7259
2795
8910
9027
5656
5818
3504
2322
1644
4720
7348
1409
3532
7677
3058
9897
91
2155
4340
2213
1388
9738
6289
5792
3209
3080
2939
8250
854
501
8692
7316
7845
6671
7145
6776
7217
778
2020
8173
291
2860
1311
4913
4104
2181
5507
5942
4921
8157
8707
3011
436
2760
3926
2167
9296
315
514
7843
4567
1159
7882
3548
7175
2115
5331
4833
6865
2990
5768
9254
2520
5254
7385
2972
1461
5226
319
8345
2019
4223
5931
2119
7926
9174
5983
5309
364
4643
4157
8216
6883
3939
3560
7085
8860
4588
1080
2122
6448
5247
5506
5257
9644
8187
3919
7900
568
4252
1372
5700
8095
3660
7735
6002
9336
2497
8681
8538
4830
6870
3586
8598
4829
1949
3007
8580
3274
443
6006
5230
6746
9627
8035
5106
9562
7882
9957
8166
8392
8175
3295
7577
8238
1293
9600
5931
6303
5244
6395
3845
6430
2398
6411
9299
6852
1447
2195
5577
3341
817
1105
3727
3578
9779
7268
1921
7699
6229
8550
2678
6856
685
1397
734
2086
1632
5822
9705
1417
4973
2591
7088
5625
5469
3243
7165
2685
3680
1158
1012
6451
5470
6215
9741
5935
4060
3664
6095
6811
186
3075
1836
9238
6593
8625
9227
8262
4621
8761
8216
3729
6522
2759
8735
9991
9894
8738
4630
4660
7162
3189
7932
1209
3795
1019
2086
9857
9868
9986
9791
3778
4963
6081
5703
2907
2217
5387
1628
3761
1896
3032
2726
4748
5566
5173
5481
3782
6759
462
3009
3200
4731
139
3967
7297
2374
5460
6252
3329
5128
2284
602
885
4569
105
8059
1848
6502
9485
5201
154
9025
1279
7965
4926
7224
2770
9313
5838
2292
5781
9214
8934
80
2978
6483
2014
1488
2535
1621
9543
8053
8541
9643
3263
189
6391
9880
4704
8244
1071
6270
6547
3262
8777
7005
9721
8295
3939
5573
7043
1484
6201
3150
1208
1361
5918
2560
789
7050
5874
4813
1588
962
9692
7399
4420
5889
7420
1501
3235
9267
3051
3762
2040
9899
4800
1267
2695
8660
3964
5030
9744
2133
694
5599
8529
7886
9306
5864
6191
7918
1002
71
7988
3531
909
2924
9032
5465
2316
6939
1084
9472
7312
8380
7568
3693
9579
5207
5608
4854
2233
4940
5616
927
2269
356
9225
9627
7917
2382
6292
3342
2222
3857
6814
1426
8941
5428
57
123
925
711
4333
7041
7860
646
7398
3425
117
3785
2758
7186
115
2356
8017
2149
1718
594
801
891
1501
2689
1222
4093
4669
4268
5135
6164
8944
5029
775
8108
4543
2891
6197
3267
4773
4025
4614
189
6909
3922
6423
4932
8681
231
642
1613
4194
7580
9076
6158
4774
2849
6079
5955
9144
1565
5493
7461
9063
9954
8387
4822
4506
6403
8677
3293
2392
395
5163
5084
6627
5703
1065
8711
8119
6172
542
663
8210
4704
670
6566
3527
2793
8532
3997
3779
5008
405
1703
4637
2293
6468
314
638
9510
4357
8099
3180
2240
848
9488
6966
613
5975
6327
9598
4972
9077
6927
898
3424
2696
248
6409
4882
8433
6751
6686
9793
9789
3174
5983
9034
6446
7183
3380
4914
4211
7137
62
7112
2926
2601
8048
797
6136
2581
878
9345
5767
1414
3459
46
2870
4731
3257
381
529
593
3931
8631
2904
5152
9417
628
8308
1692
3862
6946
8538
4736
4198
1075
7464
2841
5445
1725
3842
5743
4458
7846
1312
5979
6560
9657
4633
4760
8997
7115
7976
7836
3721
5208
1225
1861
8757
2388
9531
9298
8538
2325
6443
72
9226
6850
5391
3954
2783
3450
2226
3871
5160
4691
5204
6161
9149
2370
1245
1980
870
2978
2750
256
3887
5591
8082
4125
3632
3056
9095
8945
3579
3561
6049
8410
2139
8416
701
1011
9605
6501
2776
1325
5451
7016
5141
8527
5458
971
9538
3301
7875
3977
6150
4841
7950
4046
998
684
1035
5101
6475
7094
8376
5375
3065
8695
5979
8325
5034
568
7358
8006
220
7916
7173
8543
3827
6686
8094
743
5690
8075
7521
5471
1301
2132
5813
524
5497
1365
1142
3143
7581
7967
5627
5620
3953
2670
5755
3979
8362
3626
4414
7098
2480
1929
3651
9660
5821
4760
1645
3757
7010
624
7120
7936
9358
3213
5359
7441
2035
6459
9366
6204
6136
5798
8755
5224
6285
5869
1274
8402
6266
9688
2269
4401
2997
7909
8307
8715
3508
8403
4742
5358
9434
2253
6724
8160
4596
2924
8127
1688
930
8165
293
1048
2309
3558
8619
4480
3111
5468
4275
7935
476
2973
4451
6633
4793
4055
9126
6180
9414
1593
1605
6763
5723
913
4498
8396
772
5953
1676
9663
6998
3021
2825
9243
3149
7775
2251
2378
8765
9026
5235
4454
8879
4869
9093
1673
7283
5526
5600
5300
9619
4887
4277
3194
2017
9500
5885
7818
5396
2377
2329
4601
3298
3334
7164
7179
1138
6675
2903
1326
33
7396
52
6653
763
2572
4224
7098
7393
544
1355
2559
4297
7649
9037
4397
9885
768
7745
8699
9046
3423
5533
348
5965
4641
14
9093
5885
8699
7730
2278
3444
8860
567
9644
7517
6236
9084
2850
7798
3479
6599
5396
4305
1412
9746
8500
352
1529
9143
4818
6326
8996
1337
2487
9846
4556
9613
9142
728
2168
3212
2466
7790
3870
8868
6693
4234
4330
6981
6562
1022
414
4084
3284
8924
7496
8671
2255
6732
880
7140
2138
253
6835
800
2426
3758
1428
2175
9044
7170
3164
9173
5021
6127
9234
7266
1240
1903
1022
9278
6111
8451
6128
6692
808
2571
503
6951
4280
153
8682
7535
7008
8860
117
6295
4991
8944
2718
6964
948
688
722
1686
6601
114
7992
7477
8593
9101
9076
8441
1173
1823
2311
6016
9573
3103
6494
8279
4032
5805
5536
2409
5251
253
731
4645
2496
7115
5862
9995
6283
1481
512
1924
8677
7902
2584
2700
1146
1292
5884
8058
9912
2647
4953
5591
1558
3769
9395
7460
7311
7574
5863
796
7694
1436
5967
657
8862
1668
2336
8724
9189
5550
3433
4939
647
3051
6615
6349
9437
3726
3761
3559
1279
8218
2277
1149
7703
7624
8434
6167
5783
2466
707
8574
4950
3019
1111
1837
1027
1049
393
5246
8116
3763
8234
4447
2485
3505
3472
6469
560
339
3478
1780
7001
9625
1869
146
8731
685
167
8572
2595
1400
9686
5849
8600
3228
7798
8406
1733
9465
4386
1417
4153
2911
6085
8665
407
6691
9305
7070
3959
8679
3082
939
8831
6278
2749
8418
6283
2434
8289
6452
4162
7275
4286
9843
854
1601
4848
5872
6987
1572
6952
2772
2183
8296
9029
1156
3298
1352
6101
4805
3509
5918
6459
5552
5359
2034
7228
2740
4329
8089
6570
7304
7878
9019
913
6481
423
4876
9065
8811
4805
6346
6217
3335
7853
21
762
7186
3216
9395
8161
4646
8921
5778
9687
7025
2384
9129
2897
2640
9797
5036
6684
4753
6918
8467
5656
2136
7438
4905
287
7803
2586
5275
2393
5334
7914
3134
5022
4143
7135
7856
6063
1951
8241
2500
1792
315
6169
7478
5362
3338
1491
1938
3976
4989
112
5037
1713
8279
1453
1323
5842
8080
1339
6123
7832
1312
3646
5413
8681
3609
3294
2006
3800
7572
1967
5869
2548
9743
595
7302
773
9509
7942
1093
655
3464
2917
8915
1096
2011
2559
4366
1245
7368
8794
6650
766
1512
8178
9345
3061
4568
3969
6904
3657
6977
8419
6925
7545
6292
6204
921
7240
7211
3022
4126
3187
2362
7381
4235
733
459
4942
817
3047
1670
9538
7531
3244
7716
3262
7040
1079
781
3338
1335
4023
1965
2432
2
9107
7386
9366
5699
1915
1230
2682
2971
1412
1186
7061
9125
4092
1715
7393
8242
1382
7212
8384
2677
7833
9036
9857
