8541
4736
2631
7747
2645
5926
311
9560
3887
9738
7153
834
9131
5353
5826
726
7050
2804
4632
1289
1541
4233
4180
9071
8121
2397
6132
3466
7677
9807
9278
4270
3698
7248
6291
7417
3115
2975
691
9656
9373
4603
2105
9516
5584
1101
190
7834
326
5127
3911
5829
1817
71
7549
5837
2049
3283
2073
4711
5162
5678
1096
4537
2797
7502
9207
3715
4641
9792
2742
8710
442
7031
6344
5507
8885
1811
7899
4556
6362
3773
73
9592
9345
911
308
9368
6995
7579
965
9558
2157
4045
586
4260
9787
6122
9115
5891
7200
7616
8585
3913
6225
849
8448
5630
8102
781
5033
6798
7721
8485
818
7839
9488
3161
657
2477
3918
4686
611
3783
3660
6756
7210
8995
5789
2139
8003
7195
6718
5461
4985
917
7249
5781
4291
2823
8304
2183
4552
6596
2157
1194
4900
8845
6151
5811
798
3541
4768
7770
46
6828
8883
9088
3819
8888
8452
502
6314
3982
9168
4447
7283
7011
2618
7043
9471
9885
1682
5667
1581
2998
5702
5649
7130
9549
1517
7008
4089
8140
6916
7750
8475
4213
1018
7199
138
5492
7145
7359
534
2773
8950
2408
9573
6947
6413
9934
2591
6907
3062
9755
5237
4331
9946
2092
6270
3322
4286
241
4362
9687
4783
6556
4725
5787
3794
766
5739
2120
5578
3261
6477
8286
9393
4523
148
1480
7136
6740
4284
3182
7262
7479
3182
791
2672
7046
5612
2609
2682
577
6965
4862
5945
728
9215
7403
5608
6764
320
179
9294
8418
4047
8441
4421
545
4625
6491
7445
4326
7108
5244
4755
5915
6905
4664
4251
6409
53
6342
625
6076
7422
1956
2946
252
6310
53
9853
3977
7415
5994
7301
6517
5858
6732
8456
684
5549
991
6333
497
4853
8750
6599
3011
6085
1184
3120
2956
5316
9247
7574
1439
8899
3098
7861
4365
5334
5542
2038
3644
9578
7522
4853
2887
3135
5411
2
1270
647
7884
2694
1081
1497
2749
6293
1272
9616
7456
6099
2110
8693
9727
6347
6490
8133
341
7100
4560
4511
7951
405
3382
4581
8997
9757
7671
4482
9342
7990
8118
996
3414
6302
2309
6432
9958
7627
9840
1635
5859
2189
9005
3881
6735
6358
4661
3519
5923
3971
3960
5034
379
611
7007
6633
7566
4800
2202
9406
8938
9043
1915
9152
5449
6825
9244
2582
1723
4674
5461
8435
2584
8889
1645
728
7091
1020
9536
8956
4760
4059
7525
9555
5365
4017
2593
9028
218
1866
2603
5312
6401
3892
5395
3920
3817
8967
1248
5757
5701
2628
3760
2912
6474
6387
598
8970
5294
7652
8458
6821
2603
8804
8346
7941
2611
49
8346
7318
1140
2484
2850
9334
6832
6049
4497
9829
7847
4598
9194
4736
6753
3648
9300
2431
7996
5941
5595
3902
6295
4801
2353
4758
6733
4095
2541
4578
3990
413
2309
6168
31
1822
4239
7543
4135
5827
2226
5323
1602
1516
1961
499
2668
1479
8123
3341
1524
4391
7783
3824
5456
7596
7777
5118
9731
9573
5391
5086
7039
8630
3702
6485
8837
1401
4593
4490
2068
732
8419
4290
7178
8723
2767
8457
259
6746
6103
4405
7845
9004
8147
4583
3419
4904
7295
1378
5253
6914
5471
4121
8095
5317
7901
1654
8889
9153
4597
7222
9853
4511
6246
5611
1536
7055
845
2774
45
2422
6604
679
9840
5163
3902
7523
9416
5764
2400
3893
2018
9062
8773
9453
2887
4902
9042
4831
4079
7746
3746
1639
9291
4852
3599
6661
4188
4618
1311
4443
8693
2013
3926
1724
4122
5487
2297
9460
8559
4220
5115
6091
1045
9640
640
3841
9436
1972
2404
5023
4342
156
6013
9976
3587
8640
9300
9299
4173
927
4894
4588
9170
8323
2504
3362
7269
1956
4125
9132
9813
9589
8111
91
8424
4582
9807
8378
1975
9214
706
7578
2599
7838
8282
7174
802
4731
6316
87
4234
6906
7395
562
3769
1072
1235
9691
2292
3901
1322
1678
2495
9357
373
1508
8098
5614
5318
4069
5094
3243
9361
5551
1873
7723
3726
2139
657
6919
4923
1427
7526
7078
2104
4461
9922
9948
5716
1368
6466
7314
5028
6118
9181
1183
9364
93
8926
706
5581
6417
7170
8426
3072
147
983
3051
588
6967
942
8848
5135
370
6559
1371
416
6777
2841
3109
163
2302
7751
9959
1010
659
6062
7854
6692
6956
3080
2200
5897
9271
8785
4225
5935
4570
3295
150
15
5378
395
78
4190
3154
2622
1252
8407
3714
7255
3556
2754
3297
7673
3329
5444
5562
4104
1182
8844
7726
5788
3321
6988
4009
1623
5662
5532
4155
2045
7236
665
8468
4137
6295
4688
3895
2126
8071
1092
3659
8812
7769
640
1919
3614
7556
328
6378
2551
5755
3848
7809
3348
3987
9418
9308
7122
5814
6644
6418
5185
4511
1522
5675
3295
8389
3148
6777
9504
4074
9874
3454
2705
1582
6236
2541
5847
6542
3087
4218
7371
3990
7059
855
3513
2617
2125
445
4183
5631
5850
6778
7063
3360
4215
5759
5730
6047
4814
606
8990
4092
7327
5193
7365
5451
427
3140
5140
3039
3073
2119
8339
8617
3590
1600
1328
821
1713
5035
9577
7560
5140
3262
6168
7134
6375
9453
9846
6955
9063
23
4794
9025
8138
2125
5151
3685
6829
1932
8140
369
3591
1358
1686
2628
1606
4111
5620
8025
6100
7638
5568
2916
9310
1812
5429
4276
7898
739
3547
1556
4697
7270
8521
6669
8136
8472
7809
4878
6463
564
1157
7414
9083
8337
5265
9488
9264
3320
1888
9554
3542
7842
1377
9932
3711
9343
4936
143
3745
5390
9626
627
831
9020
1918
3779
9082
4942
8094
1288
6715
9222
5093
9437
9028
1554
5067
2662
744
9250
2917
9777
2859
9843
1915
6259
8186
9116
4802
2218
4382
3096
6641
4922
7067
1277
175
4302
8103
3850
2068
6925
1838
4804
6225
7701
3451
4469
9016
4457
509
4565
6116
6516
6019
3963
5604
9779
529
3025
2999
966
2309
4448
2667
6115
8016
9735
6222
7273
2792
1062
8785
4550
3925
3343
7910
1726
7816
2253
2216
1153
8816
1272
9783
5840
3685
5282
3824
8907
5238
2685
3721
9898
5789
8349
682
4212
8199
9182
651
5124
2692
7047
3806
9387
1902
258
9084
7650
8304
1065
8265
222
684
3308
3340
5497
4487
8080
8783
9376
72
4752
5990
8364
6473
9464
735
795
8221
6547
6276
4604
3711
4306
9511
2404
5513
3263
1205
5016
5923
1035
2888
8844
9977
2622
8598
7296
4099
5034
6143
1185
9991
5265
6455
5992
6995
8337
4463
9746
832
4276
2585
6843
5264
2450
3374
5883
1403
6105
21
8300
1897
5953
4097
3696
6585
2942
1422
141
7246
1823
1746
8221
2935
4689
3093
6596
4601
4597
9044
3148
996
9929
2054
2563
4704
6059
1829
263
9021
9033
7063
7794
5940
1200
8597
8183
4634
7177
51
3626
6924
1087
874
387
5023
5149
9295
207
1967
6265
4712
5616
8201
6404
6457
6024
9315
1011
5358
7664
2233
4206
771
6848
3282
1353
579
2002
4421
1619
65
5908
375
7515
6078
2780
7165
1950
4204
1580
2965
4460
6249
2087
9531
2633
3727
289
6257
638
6473
3261
8565
8515
7123
