1326
183
319
4028
2700
9322
227
8575
6210
3592
4358
4188
6129
85
1933
6827
9022
2655
6165
8806
1726
2297
4252
4013
2735
6032
3974
114
6445
18
7140
6697
8116
2682
9752
9700
3574
9009
7973
8920
8449
8897
1591
242
5949
1503
3889
237
1860
816
9100
4542
2225
8391
372
8429
8535
7120
2134
7943
228
610
2369
9988
7654
8207
5521
3199
7260
9745
9934
8875
4057
3214
3440
1512
32
4828
1619
2239
972
567
1754
1130
1322
7441
9053
875
1586
5786
2479
628
5003
2236
338
9335
7045
6428
2727
9350
7139
1533
3645
3726
5221
7384
1393
1712
4425
8404
7912
544
7496
3582
7989
8137
8387
9808
3647
9966
6454
1717
2018
8695
6849
302
4183
8435
7661
1642
7995
1513
7618
1482
5526
5076
513
6251
6547
3306
1316
8688
8828
4930
9755
1768
7535
3605
6693
9399
3484
3602
1706
3864
9133
1627
4951
2737
3477
3561
1915
7641
6754
6631
7221
6835
7843
869
7255
8245
3263
3878
7918
6273
4132
9719
4039
7135
4799
1130
935
8867
4433
2546
2179
8993
3742
622
4872
6263
7232
6599
7496
5875
4413
1372
9748
2708
6792
3539
6187
395
8725
4991
7070
6862
9973
3819
3524
1090
8367
9491
2289
2097
1739
3311
160
9968
3298
8179
5850
9960
5626
6339
4686
1569
6408
4090
798
1326
884
6875
1169
4363
2890
5646
7359
8508
1953
6291
5461
2319
409
1065
1308
6666
4979
5764
9278
3228
4602
7148
1831
1579
6271
932
5981
572
7732
2925
409
4910
7722
3581
4515
683
7197
2353
4833
3337
1916
2793
3467
1408
5566
5294
8689
3737
4091
8757
7540
9478
2601
2144
6588
471
5590
6772
5624
5973
8272
5733
2615
4957
1830
9791
9987
5333
8093
2198
7437
4810
4792
7513
4568
9416
1513
8136
1898
4855
9679
6202
7202
1271
8063
6007
3492
8268
1033
791
2600
6634
7152
3013
6250
2213
1243
5315
1728
117
5899
3518
8536
7883
6513
4763
3537
9798
5301
2790
2301
8112
7661
2704
8735
2877
6756
9376
3673
9606
8112
4770
2302
7506
4881
7298
4701
9510
7415
9831
9951
6014
137
7647
672
6471
2740
795
1529
2915
5930
2183
402
1085
5203
7674
9564
2335
4913
8560
9924
5578
76
5576
2146
4890
1526
4194
3792
7183
2509
9385
5257
5762
1120
6087
4793
435
5968
1602
6239
9494
7899
6071
9312
2907
1877
9569
6207
2839
622
4096
4649
5639
4460
969
9550
3640
2022
2350
2199
745
7725
4364
6098
4099
6235
5780
3248
4574
4007
9556
7225
956
7836
3967
6299
148
9540
2903
5295
1
7154
9953
7488
4060
4709
9392
2674
7553
5796
5612
2843
4373
4983
2933
662
2035
1981
688
8340
4963
8685
5978
7572
2009
6070
1150
3552
3660
6275
6277
3007
2315
4117
8129
9179
9589
9461
9305
8551
1406
4575
2986
7164
8259
2042
5488
4517
4306
8007
3054
3191
2952
4102
3129
2874
7389
9801
903
2167
7393
3585
5266
8472
7144
8876
9885
743
3729
786
97
6258
6655
907
1581
3102
2000
6485
8718
131
8648
7753
1775
1670
8393
2238
8896
8489
7484
1901
3363
6231
9407
9166
4973
3892
6431
3345
1606
6726
9774
9328
8366
3122
1544
2023
3146
5656
8772
5967
6584
5001
6324
8048
2541
8501
4262
9180
8181
7798
6142
4503
7426
6509
9392
2256
707
3029
7822
2662
8489
1255
2650
2073
6608
8154
8745
1253
8056
2132
760
7612
1592
5766
9235
9495
5293
2388
3921
647
2556
7159
1303
1394
5474
8545
6134
8837
9292
3157
6176
2690
614
5430
436
1080
6905
4004
2574
7626
7965
6413
1282
7327
514
4112
1882
6222
2229
3798
2277
6681
1440
4255
4487
5089
3330
1072
3808
7670
7326
3382
4373
5136
8477
8830
4430
5757
8264
8980
3318
3345
2129
8165
8434
1959
1621
4757
2576
7935
8445
1119
3258
830
3696
2037
2200
5899
9348
5681
4734
5219
7698
1941
3578
6122
981
7032
3206
5916
6982
1716
2005
5553
289
7870
7263
5260
5568
4763
9190
8966
2695
8448
4519
3542
5192
3327
6476
7809
6908
9959
2230
7459
7803
4571
713
367
155
4451
6632
7691
3716
4874
6319
9565
3255
7790
7788
1117
4910
2297
2698
3226
1484
8179
5535
3059
7742
2042
926
2129
876
3392
7273
1333
1283
9742
7168
5014
2245
2601
8456
5184
875
4707
6468
7330
4647
7808
4715
921
46
2894
6695
570
5085
8426
4373
2231
1799
4911
8396
5637
9078
2741
2899
5585
839
4572
4972
7438
6531
6657
7349
9634
5971
4364
4191
8824
8261
8973
1824
1797
6599
1440
1482
9367
6913
4644
6313
8719
6733
8305
1586
1885
5299
5307
3191
7587
2773
683
2013
5852
9054
9416
7795
4419
2836
2719
6122
6374
4505
8567
8910
453
2528
1260
8325
2890
8031
3144
6925
1857
4450
83
8267
8292
9261
7191
8168
4187
49
5764
2602
2740
671
8599
4382
7361
5377
5910
4742
9404
9271
166
7127
1019
2211
7823
2723
9652
4883
9690
6612
4451
7613
1759
4060
4807
84
6862
5338
2005
1162
7451
3339
7075
5513
5222
6112
5613
3258
4264
5340
836
3000
279
1174
2610
6170
9293
3540
2329
595
2990
9717
6905
3253
5394
4876
7591
8009
2243
6412
1869
8879
4181
6398
3078
5583
913
5663
794
9383
4910
4750
4550
667
9732
9007
90
8033
5505
3868
6981
525
9519
3403
9331
2741
2448
6036
5977
1995
4339
3281
8386
7170
8259
2517
3906
3682
2828
9369
5324
985
9375
2276
8002
5620
1469
7718
5854
7426
4167
5821
1836
6350
3489
3965
4546
4005
1221
3747
3079
5588
6891
1708
4519
9033
960
9590
783
679
3628
9559
501
7011
8561
697
7212
1128
7127
4523
9424
5286
3347
9515
247
5302
8228
4527
7092
2473
9826
1589
866
3032
2149
9268
509
93
708
5816
2910
4219
6660
2893
874
6238
3321
4776
3320
8532
193
2270
8572
8305
5660
8
3436
4838
8814
4573
183
8395
1287
3445
1732
4812
3243
2176
5546
7463
9451
2920
9689
1461
3623
637
6467
5995
1322
677
3270
2796
7786
122
8719
7146
7716
6196
8097
5382
6320
4453
4249
7657
6565
2643
7876
7949
4377
2162
2620
1200
2301
1495
8844
4676
6822
238
5743
201
6627
5268
2400
4001
9671
1108
3410
9848
3677
2918
6383
9948
2482
9712
7202
3149
8805
5671
9149
4889
3126
2204
8298
3628
3826
6387
6125
9819
4164
1547
2496
9138
6102
8923
483
8502
3469
2830
8210
3434
6060
8410
9689
8210
9424
6150
354
8280
847
9709
2770
9858
4122
9100
8116
8360
5518
483
3152
7689
5295
7522
1624
2737
6917
1686
2508
1519
4701
5216
9049
7913
5263
3439
4782
4434
915
5236
2449
6454
1276
2271
4066
5284
6730
4990
5484
3701
2509
1829
713
1847
6882
2600
8249
3318
6066
9802
6482
6740
1266
747
314
852
7851
8058
7539
4475
8068
3571
3345
580
4901
6920
7678
5951
5523
3185
3719
309
2597
6742
6483
2780
1531
6095
3890
5056
7106
2358
2264
9224
4798
2872
8546
3133
2573
7366
2290
5766
4704
9366
931
1333
284
3842
3935
9252
6065
2130
6054
6632
1483
4567
6205
579
3657
4885
377
9635
6967
941
5382
4128
4219
2816
1335
7571
77
4457
9906
5684
313
9468
8743
1306
9648
343
9675
9531
3357
6281
3997
2007
4464
9741
6445
2922
5813
2784
2374
3083
9267
813
8236
225
5351
6603
431
1184
2025
1402
1857
2003
4189
7793
9524
2820
266
2202
3185
2119
2160
1346
2338
7453
2831
6814
3280
5830
2650
7882
5882
5183
3750
9101
68
7773
5045
5349
3716
7139
2737
24
9840
3993
4469
363
7041
6202
9606
6498
6072
7591
5607
130
8993
2610
2794
8442
3408
7642
6984
3028
9231
1037
1426
4611
8127
3345
1759
9899
3378
532
9531
4468
3924
6259
7061
9139
9349
8611
6801
7344
351
5260
8098
3159
9316
5220
5104
2177
9520
8993
5726
6190
2766
9167
4083
1287
8356
3930
1097
8215
3291
6619
3387
9478
736
239
173
9496
7777
2358
1976
1244
4715
9405
1494
6813
874
5591
9239
1010
7122
8047
5923
2387
433
8230
1153
9227
8318
9151
5094
3170
1510
4297
684
1458
6875
1924
8343
3082
2480
7662
5043
5350
9441
5560
5395
4392
7175
2020
882
9223
7158
4977
4737
6849
1276
2967
7254
5608
6262
4675
9063
3148
2214
6404
7259
7398
7318
8184
9398
1300
982
9037
2268
4367
409
8894
6171
2192
8873
7066
149
2869
9843
8715
5782
175
5269
8377
105
8089
2513
1943
3404
2409
8431
8155
2001
9813
9848
8357
8032
9821
842
8322
6938
8287
7636
2029
1656
1153
5700
1833
6261
9123
4873
7261
9912
7129
5569
3056
4318
7331
3551
5069
8275
9072
7426
5893
3194
198
3071
4572
2831
1873
4314
6396
8769
1273
3145
1302
3831
2851
8798
5785
5615
8191
4935
4662
