2385
3331
7399
5660
9844
1552
8488
6266
9159
1044
6436
9968
8697
447
4927
3425
9736
3846
1096
8741
5313
5798
1149
4228
8488
8703
527
7219
3959
5528
9493
9333
3409
9771
7011
3988
7796
5490
8235
442
3317
997
2936
7525
2525
4710
6928
797
3052
6681
5196
3546
1069
2882
5748
1467
8659
95
6211
6998
3664
1832
549
9711
8675
2763
8318
2228
5479
3882
0
9115
7401
4422
112
8522
6847
4502
3143
1957
3174
4988
5382
804
8443
145
8108
6238
8289
1919
8879
1985
1549
7903
1928
396
2226
6593
1406
295
532
7483
716
6809
2759
7567
7803
5921
1620
4577
953
4316
9941
1078
3509
7248
7460
2255
6844
1956
8184
5402
6082
5393
6533
6931
2249
3536
5090
5912
597
494
2272
8477
8721
1327
8367
4553
5002
9956
7804
6707
9234
2061
4117
7345
8571
83
8987
7994
6520
1508
1683
3397
4034
108
3857
3310
8160
3602
5321
6324
2343
1906
5613
8920
7888
8216
1321
9632
9587
5230
6602
584
6529
6538
5198
429
8484
9945
2500
7624
7595
9447
6927
1265
6617
4584
5284
3426
2039
9286
4089
8710
5703
4647
9516
3625
8802
9128
5634
4738
9161
5444
8805
262
239
826
5247
6844
9869
3332
1517
4807
4268
5766
3677
9273
6499
5342
1995
611
1184
5097
5571
7803
6290
2665
4782
2110
6778
9953
9702
895
5772
910
3525
939
6269
8713
1331
1612
6364
2793
37
5345
3204
7502
341
8295
6949
2627
5346
9534
5860
9644
2738
9870
8040
9858
2630
3529
6583
1555
3171
781
3083
6285
9736
2110
3046
7802
5298
4132
9784
7407
5032
508
718
7592
3061
5153
7427
5452
3469
7570
2251
2443
7489
3356
437
6199
4654
2812
8005
5828
1351
4731
9896
8622
5453
3347
5201
6069
6657
384
315
9485
2189
6910
7335
2688
5052
9632
8784
3563
6760
2605
8658
65
4524
6287
5019
6874
5716
6730
3843
5340
9954
6444
7873
529
3398
650
1207
3596
1632
2243
3019
2914
8154
5310
9174
4188
8403
6831
2555
8959
2649
5384
7239
6629
8603
93
2684
2400
979
5515
9784
6714
8777
4730
9453
9942
1715
4125
1934
4797
5649
5297
4776
6797
749
849
9622
1105
8292
1756
1945
5369
3150
4526
2760
6003
3907
6827
7314
2642
210
139
4899
3260
6007
6934
7511
434
8747
9438
605
581
5638
1745
4998
2589
8689
8301
4328
4737
8641
6490
9768
5507
2276
5550
773
936
5825
4238
511
340
3876
7090
6564
8521
3525
735
8760
3407
9660
3929
1800
5663
7017
2261
8992
2915
9507
5237
6089
7878
9106
6413
5451
8613
9786
9919
9054
6637
114
2849
2110
816
9743
9364
3414
8612
9434
2668
4420
268
2034
4332
5477
8968
8259
4914
366
7634
9463
3921
1840
1924
8636
3350
7026
1404
5706
4872
8155
7380
1190
9674
3235
1344
4977
7997
9453
9416
8853
6866
314
2574
5059
6233
1265
5537
4388
6968
1617
4599
1053
4128
2306
5373
5526
4535
7781
1846
5085
2927
8930
6047
4009
723
1558
5827
9067
2111
1555
8403
5433
4370
7581
6345
8210
4886
244
4847
8580
3121
6853
6573
2707
1273
6713
2290
8781
8383
9561
5059
6173
7991
2698
2037
9251
6137
2235
6648
7038
4283
681
1187
9233
4851
4507
8871
6226
5398
8593
4638
5208
6917
7939
9822
2373
3871
8633
2524
156
8578
6802
6582
2537
4355
9508
8141
3195
8141
5533
7135
9930
4906
4931
9669
6773
5192
5643
1116
4690
5362
6776
8661
2699
865
1102
9674
2411
7705
7868
9270
2584
3757
9140
8194
1045
6772
1130
1348
604
4604
4629
3141
9582
761
7081
4439
4153
3005
3965
1877
9466
8966
9381
3012
643
2879
1611
2449
6255
8118
2627
1943
2373
2666
9517
8291
5602
9098
7137
9669
2662
8357
3008
1393
8506
2532
4016
7236
7165
1029
9793
4051
1849
4004
3154
5275
5382
1942
1984
7918
7841
9389
8344
7670
5279
9315
4405
2044
6597
4754
1683
5640
8271
1171
1530
9600
2697
7759
7000
9588
9543
9070
8384
726
3153
8933
6444
9241
7505
8550
1199
4780
3208
2595
1516
2198
2251
7523
8860
4190
4531
4705
8185
8681
6376
1792
8313
97
5532
8889
3562
1152
3281
4689
4964
4348
5996
5767
6553
5461
8924
9001
1715
3221
3892
8286
6265
8603
7390
2164
8709
3842
8683
354
7885
9898
1093
3028
7931
3318
1459
8779
9621
4334
2899
9479
9441
2664
1073
9136
3406
132
7671
6675
8955
6004
3981
8287
4882
1934
9792
1470
2454
8636
9891
1362
8117
4310
1686
93
5556
7862
5651
3747
7722
3131
459
6691
139
5834
8788
8002
220
9982
169
3038
2488
1586
104
7000
3582
777
4663
2427
2162
4219
7871
7632
3338
5540
652
1548
4708
4759
3383
1338
8562
5779
3135
3553
1023
5208
1385
240
9928
4701
9670
9774
3997
2996
6043
3477
4444
2866
2090
5255
5353
4220
8952
139
1904
8988
2284
7506
6418
380
3510
1420
734
2575
3731
3786
1105
373
843
9098
2346
4231
7187
7174
3023
8090
9093
2218
69
7384
4508
9731
6231
5117
2281
2923
9003
4860
9529
9293
3134
9603
7927
1625
51
4606
3494
3077
8558
4379
2333
676
3829
1346
9757
3861
3205
5517
8718
1631
8752
4037
5114
9351
1240
3833
4916
552
4862
7954
5845
1261
2356
5557
3145
6762
9533
68
5547
3202
5918
1486
5442
296
4297
9867
7980
9221
6431
4578
2084
2870
3084
5044
9909
9973
7445
5780
2622
2708
9872
1962
4379
1019
5389
6558
6026
1525
7221
1529
121
2517
8645
4950
2849
9502
1946
2277
317
8465
4535
4688
2312
2590
1892
9372
9418
1221
8260
1905
2406
8156
8777
6508
4627
2166
9304
4970
4773
5092
964
6715
5482
8992
1940
7464
4960
539
5522
8676
3123
2933
553
942
913
7186
6457
1550
5179
4455
5042
7270
4749
8879
5549
8961
575
6859
9756
552
8788
8181
5308
3252
6882
5022
3259
8397
5513
305
4363
9904
9289
8986
1193
6672
3340
8336
8292
5588
6764
2352
5048
1544
3652
1759
8991
3347
7605
7058
9070
3234
9851
9596
5052
4004
3713
9682
2065
573
4821
9233
2639
3311
9679
4745
9768
4155
3044
889
7761
80
1785
7573
1800
3447
5537
4013
1392
4171
120
7460
4762
7042
5464
6349
3094
6291
825
691
7592
6286
8041
7020
6226
8005
1602
6193
2865
9205
8214
1073
7706
5310
5919
3595
696
4592
8582
4450
4564
1474
2396
3654
2150
3014
3617
9869
8561
2147
2662
7299
5196
9586
4131
8732
9763
3534
6399
8879
4785
8559
3833
7457
6269
3498
2449
7065
5854
68
78
1175
8126
4460
1415
2347
1285
1420
9819
7300
8718
5130
9947
5380
7641
5398
2985
5864
4874
2998
4854
8484
7029
3675
4012
3633
5921
8865
9118
8051
6849
2198
5718
7640
55
8027
7430
2301
268
8077
8941
9651
4377
8147
2028
7841
9479
3598
4256
4620
2942
3848
1086
101
9535
7962
8704
2325
1
2829
8963
7582
2108
2555
1669
5607
7700
4870
4500
3079
1930
9978
4802
9295
4674
2107
4330
2989
796
7787
1436
6255
8010
6338
5765
1789
4668
5067
872
3666
9933
6543
3791
1558
8271
3834
8006
3623
5283
8611
1159
6187
8672
386
1298
5609
4814
487
117
2982
2103
8006
4562
1941
9809
4125
4409
7151
169
5606
8339
777
2594
844
4861
7029
4334
1742
1898
6648
1742
3974
6249
8036
9353
7441
2963
577
8316
2247
808
7717
8512
5072
9081
5247
5526
7263
8646
9845
4056
8987
5438
1221
1294
9017
5640
7195
9136
561
9687
2210
1254
5051
810
5582
8766
7628
8423
8945
8079
3114
9976
7693
5130
1986
7285
6050
6100
9211
9493
8138
3351
4663
1226
7441
5649
9913
2791
2175
730
1027
7660
9428
2849
4681
1473
9819
7952
9017
3662
4754
8249
3348
5853
6592
4775
1121
9054
7864
33
6194
9500
6628
7421
3195
6583
9556
7722
4796
8652
6709
4959
7114
7306
4585
3239
8413
1716
2892
3467
1889
1936
5792
5970
9334
4414
7858
2609
2444
9340
3204
4534
2779
6797
8705
2738
3162
9495
7504
6704
5298
1890
4784
361
530
6632
8471
5433
5763
3518
2660
934
5106
6245
744
7516
9323
7655
7916
1698
9552
3567
3863
3805
2395
5742
9481
7829
653
1564
6969
5670
2136
5061
5281
7183
9896
9215
7707
7629
423
3227
350
6193
9084
1799
1136
9089
375
813
8204
4356
229
8483
4973
1174
9768
3636
8081
8559
2295
8220
8422
7107
8252
9194
3049
9542
3355
9334
735
8523
1068
9713
8525
1638
8887
4371
8559
2307
5981
6305
6703
889
9799
5917
7581
9251
9371
5657
6444
952
7069
8828
3762
6623
1938
6480
1153
8302
2148
8212
2793
9639
4390
2428
1121
9023
246
8476
7361
1848
3893
6232
6856
8812
9028
6480
1068
8474
3379
404
2820
2855
6179
7832
9152
9554
1155
7891
8701
5356
3973
4776
1794
3545
8439
5574
3214
1733
9754
9320
3854
3332
1573
4545
3839
873
4550
8477
2123
8441
4651
488
1565
5851
1931
9512
2971
518
9401
652
2696
6046
3159
6673
1386
1982
1293
6611
4726
9284
1078
8592
2908
3091
8363
856
8407
6792
7688
2792
5824
4580
2544
2708
8724
6824
6936
2057
2078
2527
7682
674
8061
2699
6048
9674
6879
2631
1674
2060
1539
5102
3199
4420
6702
3830
4479
774
3745
7508
3723
2217
2274
5356
8973
6579
793
5491
2910
6472
3021
111
9631
4255
2911
106
1128
9325
1324
8559
2827
1525
8062
5980
9495
530
7737
1569
9601
7127
8696
3040
7300
1739
4272
4408
6708
3344
9653
210
4499
5783
6324
5187
2388
4237
2197
668
7158
5621
7709
5466
9748
7825
8022
576
4899
9844
8005
3167
3033
3064
6612
9032
5681
9593
165
7890
9838
5538
1367
5279
6381
1131
6178
6694
1257
5836
7150
4434
1668
3462
3595
5624
4000
9458
5998
8679
3070
4367
9787
8170
4000
390
4510
6601
2973
13
2603
9717
1184
8098
487
348
6994
5223
5512
9452
7635
8677
610
2693
4241
7288
2658
2384
274
9658
8257
8162
5369
2815
4468
718
3325
9789
8338
5535
3438
7255
4145
6731
5347
6395
5350
5494
8862
3345
6377
6688
7190
1241
5065
7207
2136
5109
8943
8366
5607
8600
692
1063
4612
5153
1401
2292
3595
1330
5806
7245
2948
805
6904
5378
3496
8390
7865
3521
560
888
3189
5831
1917
4383
9503
4391
9621
8111
3739
6807
581
4874
5828
1265
8381
4598
9735
7472
1141
1687
514
3201
1602
91
7337
2329
3716
8217
1696
1045
7052
6785
4527
122
5196
8714
9435
5545
4735
6827
9114
9052
4855
8259
608
1566
4266
5824
6738
2858
7164
4848
7785
6526
1188
4491
2511
7324
2111
1079
3063
3744
3583
8073
2932
2916
507
7584
3664
8396
4534
132
4773
7796
5080
8194
3086
2946
4789
7286
4116
2685
3239
6405
558
2905
3629
9419
554
6460
9334
8339
7252
5408
9266
9021
2989
3150
353
1828
8501
4371
6388
4296
6425
5943
7934
7469
1926
7646
1294
1298
9640
4756
7964
5148
5288
5589
6123
8690
9101
2527
1070
5412
5527
6511
9118
38
6540
3604
4753
7964
9458
5357
7668
1518
6938
6362
6221
2579
8687
9809
703
2150
9762
1357
6923
10
8933
8794
7113
5865
1074
4327
3588
9404
9421
9881
3458
4730
2573
6306
2608
6940
8081
4891
1839
1938
7502
1867
1649
1148
281
7095
7342
581
5046
496
2087
4264
1334
9214
4665
3579
7036
3176
7451
9206
4971
6743
4038
993
780
9468
6279
1983
7048
8542
9588
4217
1671
95
9356
3382
7424
144
852
9203
7752
3025
5100
3334
6682
8145
8155
5347
1223
9104
5621
8571
3148
1949
8540
2649
1423
4303
1644
3229
3036
8522
943
9033
8466
8210
9078
1296
981
5527
6802
3247
7453
9247
9057
9477
1578
8807
30
1959
1560
4774
6808
9698
7945
7155
2856
5128
3000
4425
6303
6508
4089
8657
3659
2697
8530
5995
1991
7017
7622
4463
889
3254
1760
4700
9357
9840
2788
8543
3446
342
5055
7583
8908
859
4797
178
1359
3832
773
8411
7171
5506
9455
1824
6766
4651
521
7900
3752
1305
9430
8874
6735
6118
4434
4917
938
1518
9745
5293
4374
6112
1603
1146
3595
4023
6607
5434
1776
383
3040
4410
1146
8182
7248
5966
3356
6225
2091
9085
5257
8525
6944
2506
6396
6696
7657
3203
7171
3586
2713
1065
3999
7872
2667
6895
1448
8086
7886
8313
7981
1571
2171
76
1145
6607
5478
5503
1951
4699
9414
6264
9191
1461
8614
7269
3534
3827
8526
5281
1231
3507
671
4772
4898
3050
7092
6132
8381
9068
5871
3855
3869
1143
1351
9003
5483
7041
3375
94
8401
1496
2279
1944
1799
4405
8363
417
2810
4635
2832
7287
9519
753
158
8222
950
9008
4439
9205
1542
6854
4580
6100
3920
6014
7756
3156
7395
3650
6354
6672
7612
199
540
8956
4044
3941
1014
1760
3168
9275
6639
961
3421
7952
8744
6037
8035
4304
4200
4943
455
8995
7273
7656
3129
1269
3810
6322
2952
1682
4045
9733
7027
8529
4321
204
8247
9839
3518
5318
11
9735
131
6817
6001
7761
6803
4975
7665
6463
2696
222
6323
1974
317
838
5125
3834
9948
9403
5962
2531
5909
8090
8876
7115
5594
9912
599
8160
3661
4431
5454
1863
9262
4075
3730
2144
2932
5680
2055
199
6152
5542
5234
80
5675
6598
4472
2957
4534
7111
9140
8027
2086
2716
3887
2459
8219
8278
7667
5691
2447
4142
1316
8707
8811
8616
8090
3847
3597
7032
1795
2829
2824
5581
3426
8571
1754
5076
901
2493
9885
8549
9921
6970
8392
286
6863
8634
8660
1647
7207
4280
5185
7222
6438
6676
5714
6329
1116
4716
6953
7514
6742
7704
6370
27
4145
3950
6980
2219
8467
8636
2564
9056
5895
8043
4444
3270
2954
7450
3888
5051
2677
5174
5987
4299
129
9363
6395
8127
8761
9542
1640
1244
2922
5819
2075
598
5391
5385
2841
9617
8351
2688
893
9661
7981
5875
2697
8790
3959
6530
8210
3271
3747
6774
7586
450
2388
3159
2341
8417
9740
6609
410
318
4420
5601
8577
1779
3697
892
1662
4145
2156
7334
9456
8823
8923
634
2416
7819
6532
9508
8146
6972
8142
1661
657
4972
5514
4996
2198
9525
9480
6180
7733
2838
5094
3289
6693
9987
8154
8637
1408
1742
3710
9472
8031
3378
6915
262
584
7624
7683
319
4339
3944
3131
4743
3385
7327
2227
2785
6674
1628
8077
1614
1101
3241
8843
6103
1429
7380
2333
3651
1394
7314
7868
4641
301
8341
1833
2099
5257
4601
672
7888
1400
9349
5060
1885
7270
4551
9191
3199
1039
4991
2275
1532
2466
5172
3714
2198
7351
7315
6343
8972
2426
138
3121
6510
456
1153
2319
9096
6166
9882
221
7090
2445
6913
5269
9969
5308
8771
907
4045
3797
8982
3536
7990
6940
3051
3063
2417
9880
4739
2696
4493
2025
6638
3915
3214
3560
1868
7488
1852
4540
7509
1862
6834
4373
916
9453
285
622
9916
77
7177
7781
7165
2735
1595
7630
6780
6766
8464
2410
4238
4941
3564
7650
7250
7687
319
6336
163
9630
8609
1336
699
9345
1928
6004
8327
3885
2922
644
4617
6661
590
7844
125
8324
2536
2863
5581
9011
7615
7420
9322
7926
1760
9400
7634
4012
870
5635
9176
3407
1182
8301
394
8789
754
8646
2331
5988
440
6411
2313
6212
6471
9891
7082
5119
7292
787
1637
5864
9717
5959
6414
634
2165
973
3001
220
4286
207
4521
2739
9891
4445
8865
209
4295
3398
8731
3084
889
4559
4290
9772
5025
3547
1870
6166
9229
1729
4901
3042
3956
3475
8468
8998
4428
4121
691
5228
1574
71
9471
100
6277
5301
6703
5967
4548
9691
8637
6922
6567
805
6741
8569
7495
1085
5133
7081
8049
5182
9574
5836
9603
9976
903
528
6436
9617
944
8181
3749
4632
7741
4498
4413
4558
4830
1295
1866
7583
126
8011
6005
4270
9637
724
9636
1849
4030
5674
1777
9800
9331
2549
5774
8000
5887
2960
3653
4079
3408
2749
6973
5163
2608
6160
0
7413
5684
7481
6894
1235
3733
8634
4917
3972
8438
5898
5205
9270
2856
7814
6549
797
9093
3177
5764
1299
2966
9800
5242
8387
2717
4398
388
7358
6680
8042
9176
8388
6762
6500
9049
4711
9342
9379
7614
5869
3620
2869
2579
9620
5730
5187
8511
557
9518
8211
9254
7424
4643
4122
4428
9453
9132
5128
9388
483
4655
4061
8860
8675
1902
9640
441
7144
4189
9244
2486
3305
38
6836
1204
365
7943
2103
5960
9706
8571
3198
3212
3541
2737
2923
8621
5079
5318
7012
4064
9051
770
9409
3161
5705
260
6018
642
8576
3247
4607
6020
3142
2206
2762
6573
2488
5555
4912
1685
7803
4071
1641
5034
3085
6365
4080
4527
9467
8602
6860
696
3954
9991
3172
9975
1347
8830
4914
3430
9243
7208
1473
9369
9448
8248
5515
6011
2083
8508
6274
9037
3403
963
5287
7778
7418
5048
9825
2408
2666
5237
3784
1618
6661
794
3660
6324
8255
3924
8867
437
2320
9045
5371
4637
7717
3155
3276
1826
7230
1490
2253
2391
7677
5528
6017
4921
1158
9090
2595
9126
6950
1489
2226
3589
1836
8620
3794
2930
1139
4372
5996
4567
5009
6027
5233
5646
1051
1923
8494
3286
6867
5191
621
5051
7445
7728
381
2780
2664
9305
2914
188
8379
6213
3364
434
8592
5781
9227
5760
557
9569
459
3402
5977
5249
5076
2555
4221
8380
1843
2071
2319
413
3037
8575
6705
3906
7558
2291
7248
1565
121
4599
1831
7451
5776
6286
5697
8287
2054
5007
1383
3316
9984
1269
1131
5226
8437
5591
5301
6521
6653
8634
9474
588
2282
2362
5530
1003
2215
1697
6785
2434
1064
8185
7689
8244
4618
1250
7525
262
3346
81
5485
5157
2332
1012
7323
3033
9443
729
112
9308
3223
1628
5561
9846
9508
936
9206
674
4409
3891
1192
3298
5217
3255
7547
5496
1777
2030
8686
1958
7756
1993
8875
2686
4219
6207
5104
3889
6029
5918
595
8262
9678
6902
3
1813
5974
5385
4565
8084
8558
7889
5434
1025
4441
2599
9439
4487
143
2855
3735
2490
6786
7538
6901
1648
9036
2827
8944
9323
1768
3688
3442
6599
1317
9979
3433
1118
599
4317
3392
7598
9726
5033
9670
6863
5290
4382
7278
8217
7641
3314
3824
7072
6369
510
6988
8912
1295
7333
1565
9859
608
8322
1761
6342
3273
9178
6419
8978
9070
4561
8959
9615
7632
332
2565
6636
2997
7183
7728
6793
3152
5834
9020
2247
6682
5610
4169
241
7326
332
9067
1444
3054
6518
1373
5256
7414
5869
3613
9054
4065
8967
7134
2491
9899
3897
7038
6700
4685
2065
8035
1526
2120
5925
4758
1677
9997
9912
7080
2200
3903
3329
7637
5031
7078
6092
7306
7099
411
3867
3489
9061
8543
2029
8207
1848
4436
7850
3581
7170
3455
2560
7662
971
8127
3865
9232
6360
5760
76
7700
8705
2680
7424
2879
3922
6701
6768
8324
6346
7929
2030
3528
9059
6830
6486
2648
5218
697
8503
8543
8568
5393
3787
2857
2687
3249
1600
9975
8253
7655
4796
667
7253
6421
3141
5628
6619
2726
1810
5962
5228
5644
7122
7257
2940
9726
728
1608
1807
8272
306
1332
6830
7956
2681
1636
5377
5408
1052
6136
9073
2027
7967
7565
5082
5967
7689
9671
6945
6937
5667
3490
9604
5400
446
2267
1011
4660
438
9736
2638
5449
9370
8986
7762
9131
7221
5580
4384
330
1444
5781
8918
3295
5810
9335
3777
4688
1950
8660
6726
3236
1042
800
88
8997
1578
6252
1908
6144
786
5269
4854
321
2641
9227
8860
7283
513
9014
5144
5044
4139
4218
3529
367
397
4827
9641
3672
5387
1164
2326
3746
9882
6844
8503
3438
3709
1605
8560
5642
8416
6120
6066
272
8295
6382
137
7738
9261
21
5490
7935
2319
6507
5436
1574
9638
3981
5764
7882
2628
6737
8112
7160
6033
7802
7951
2443
5898
8605
7942
122
7946
8314
5141
8932
1339
744
3388
824
3181
9759
8841
565
5041
3479
831
4447
7243
2343
6747
9236
835
1758
241
3124
1073
7310
2931
3880
651
5074
3658
2064
4621
9478
1074
214
8663
2307
4757
4029
9707
126
9987
3828
6875
3462
8043
2445
3789
3141
3731
622
2055
6329
4572
9897
5866
603
8900
21
9634
6719
8907
3349
6519
4463
2741
856
2123
3133
2230
5159
6376
6729
1188
8485
5396
8547
9784
9875
2675
1961
9035
917
2666
450
3765
8965
5590
6298
4999
1918
7462
7769
2551
3944
7800
5129
6452
6457
2817
3975
4235
5844
66
2201
8976
4344
1496
3055
6669
2233
1460
2131
3215
7553
159
8269
2350
3543
4263
2632
7506
6994
4234
9542
5728
480
3266
7207
7649
5465
6783
7296
5373
1725
9628
2885
4110
2912
7766
6274
8398
2348
6739
8382
1643
5361
8685
6027
5115
5776
185
1505
2919
9787
1326
9786
7177
8135
6677
3743
937
1071
3009
8323
6622
2223
9029
8855
1475
1562
8474
6996
8262
9509
174
9011
3232
3577
5564
5588
9270
1549
593
2884
8725
5218
2772
285
7462
7788
8410
6514
2275
8761
9733
1182
1190
962
5644
3268
5340
8977
4726
2224
6447
7017
7164
9853
5488
6563
322
5133
3938
6234
6563
2422
2771
2010
4306
9317
8665
3710
3851
3981
6029
3183
2575
3637
3677
450
5067
7461
4672
1370
638
462
3063
2391
7192
4287
7703
6177
9180
2906
3250
4651
1731
4018
4262
7882
5518
2235
5257
1899
1154
3247
240
7807
3094
5718
1979
9887
735
7748
7838
5349
5734
2599
6885
9879
8864
286
6560
2133
7084
2814
4395
8149
8416
8800
9043
8655
6324
1265
8597
6571
4887
6071
4568
6185
8873
224
5857
8851
2937
4026
5474
2750
8190
613
5295
2363
2294
1555
3303
8233
3270
4645
8521
5962
7949
8688
5523
3594
929
9685
7171
4136
6523
637
2027
2506
9813
5210
4289
2448
7604
5867
1840
976
6786
3506
8712
8485
3088
8098
3115
7815
1252
9564
7
3157
5388
1134
9907
8245
9236
3568
450
1363
7955
8426
7210
2247
5530
4631
4732
8795
2680
9890
4395
2244
2312
8135
5858
8697
2033
6188
8472
9620
685
3337
3042
7533
2124
8093
8602
7790
8146
5339
30
6761
1073
6935
4294
3684
4423
1756
5196
3296
9827
7749
3013
1310
7214
3305
9279
7492
2969
1893
8927
9126
1939
4138
4670
1780
7871
3863
3387
9505
2221
2004
4802
5602
7780
5119
1078
8509
335
3166
4073
4125
302
5454
4070
7559
5391
9399
8716
1332
1047
5038
5681
1549
9972
9266
8739
1458
1988
1793
7957
3581
6597
6885
3998
9254
1869
8753
4337
9654
859
1291
8762
184
1423
1679
14
8136
1344
2911
8400
9843
7445
2403
6398
7838
3004
2626
5844
6109
1415
9699
7771
4118
9574
5815
4896
7898
1951
791
9590
7294
8076
7856
9649
6568
5025
1644
985
2385
1397
1551
8913
5997
1407
5074
3438
3755
445
3043
9232
9680
7663
9725
5411
7192
4558
4186
6492
9301
1481
5590
8156
9795
4516
4604
3884
3407
7628
7538
5757
5792
5516
5775
5166
746
4487
9355
5845
9157
9652
6175
8133
3466
3344
4522
6641
2266
1622
5827
7364
7937
7668
4167
9480
780
4773
7897
6901
3438
8978
4472
5087
3996
5350
9828
1023
6526
9960
2419
9585
7807
6131
3588
653
5076
6221
9177
5508
7593
4783
9611
1467
6485
199
22
3903
2093
6964
2705
2239
8294
4879
6691
7249
9756
3415
2893
642
4884
4920
1240
2189
998
7737
3264
3105
6750
8777
10000
1036
8626
2663
7856
1270
136
9935
4073
2257
705
2593
199
1584
6427
2160
2668
8361
2949
1084
4515
9989
637
3136
3577
1957
8286
8636
2352
8752
3935
4185
8389
9656
6100
6425
5452
5480
2445
3919
6009
6853
7905
9825
5107
7752
5222
7703
8478
9198
1658
5329
4872
5251
3642
2950
7671
8574
4364
3172
6800
2585
3935
1436
2790
4293
435
5158
1563
5693
6313
6379
5990
5452
3488
7308
1876
1930
7007
3365
113
5347
9605
2518
692
142
4981
7173
3588
963
8667
2069
9802
661
7506
9459
982
9068
6729
261
6470
6671
8918
4692
9015
4465
4500
2084
7706
763
5484
4709
8639
3977
7045
4716
9370
7271
3837
9740
8308
3382
4049
7165
8792
9478
23
6809
1637
4642
277
8883
2008
5578
4067
631
93
1806
391
8575
3567
8289
3792
2481
177
4728
8320
1905
2861
2370
211
7625
5378
7543
563
6173
8247
5340
3205
4345
4151
8224
1385
6612
9008
4879
6063
1993
8652
9318
5052
7171
4427
4102
2191
5033
3139
7019
4384
5410
2618
7424
4411
7045
5923
5142
2772
1322
4626
2224
8657
6951
1825
6123
4387
6679
6612
1987
7680
1939
7499
3404
9865
1914
6874
6584
6914
4631
1357
4219
899
4317
4419
5622
4495
7298
8233
6315
258
3301
4113
2165
2678
7816
314
7572
7250
6619
2801
8403
4674
1394
5543
2221
696
3786
9419
1981
6288
403
1461
6381
9429
9426
1974
5969
6501
9147
6446
2394
8566
4369
4484
5075
1398
812
747
7954
5622
1510
4547
5463
597
4077
5996
901
2594
2725
7313
8837
5677
2732
2980
8762
9987
6132
9950
3860
2574
2323
4048
8694
4998
662
4399
9296
4325
2321
2321
1250
1022
742
568
9203
6691
5678
2233
5661
9034
1646
4028
4396
8296
3055
8592
2208
666
1683
7666
9868
2932
6660
4636
4183
2469
2417
1138
2139
6428
1154
761
4763
5086
2930
3061
9481
1492
1508
9303
5681
232
1358
9253
2530
1468
3905
6625
4591
6671
3517
456
6647
437
5705
2499
2673
9668
745
6166
2802
579
7532
2462
9668
8757
8173
3280
3734
9140
2717
7711
5130
7028
7970
1545
1354
5801
737
240
2283
2078
9099
892
8406
1077
20
3022
9680
2480
4615
106
1728
3467
6123
1369
7434
7067
626
2070
6279
7246
1486
3472
800
7337
8734
3384
2906
2471
1445
3912
4447
9701
2311
6295
4411
7507
172
1106
9986
1756
3535
7556
6528
6555
8845
3283
5238
3752
5886
8491
8798
223
9358
5513
1077
5310
3308
336
796
1807
3579
4566
6285
7924
2728
8111
3097
5115
3485
2921
2264
1339
301
4371
3557
4301
7238
1400
2972
3636
3158
6999
1855
5141
2835
6050
2137
8649
4180
8758
5216
3058
992
3447
3043
9765
5503
9072
8285
2477
266
6440
5949
3228
9772
5435
7081
9407
5339
5726
9662
8661
7449
4880
6683
3230
9640
9498
4052
2817
1948
4952
3873
9194
7197
2999
3226
7042
2837
249
9629
8773
8414
3650
9398
1405
8681
907
4402
1614
6038
2274
3286
2875
8745
5024
411
5779
8929
8276
8423
5113
5673
8
966
7175
5999
1611
1211
3902
3821
3336
1855
2044
2370
9556
757
6881
8940
4617
2948
2745
3635
6390
9160
5403
9170
1101
2182
8648
6749
4755
842
32
1449
5641
3487
4506
6238
9959
9365
1003
143
3994
1033
2959
2825
3906
6498
2437
6211
8813
6140
6191
6514
4806
6664
9536
4419
7457
3402
9350
1591
5487
4114
2187
9142
8623
1590
4640
4579
1486
7585
4102
9384
7666
3468
9015
5675
5084
3272
8453
5182
7749
7254
5265
2735
8015
7709
1085
1398
946
7490
2883
5999
874
6107
420
8266
4821
2142
8662
9667
538
2759
8706
7475
7473
2030
7955
1399
6215
406
4850
2601
8584
9182
9125
3637
8216
5216
5216
3985
7587
2620
9994
1528
9452
8432
6924
9195
4317
1298
1920
2410
2001
647
8796
8587
1175
2356
2407
6494
9717
2329
4012
7581
5693
8807
8725
310
7188
5989
5012
6693
6854
7846
7511
3073
260
4661
1822
1848
1042
3298
9908
7208
3616
2301
1410
6590
1430
3345
2978
1540
7397
3323
1847
7320
3606
2415
7632
7438
4060
9722
539
5744
3445
4461
4873
9508
4478
413
8468
787
864
1574
2269
5754
7504
4700
9098
406
1438
111
5553
4231
4907
6441
1166
9098
9647
646
2829
9984
7158
6702
3287
473
8551
1730
7022
8902
4487
3742
201
4767
3060
3031
9907
7297
4306
4453
8856
3517
4491
1135
5975
2910
717
1033
9922
7476
1836
40
3866
4615
2771
4302
8954
9745
3734
9665
5013
4107
6834
8916
407
9099
6101
1548
967
3965
2862
890
322
8559
236
1262
1385
8325
3495
113
4172
1367
2967
840
468
7493
2067
9526
8831
6820
8714
2476
1632
2976
4160
9358
9516
6014
7018
4698
9791
4109
9407
6680
9807
2915
8696
7447
6801
8036
9140
7448
558
5090
7900
155
9720
2076
2177
9168
1823
7004
8687
2206
1176
4584
5890
4257
7864
4261
4560
2252
4225
6222
5544
3011
5912
9363
4709
7807
6435
7997
5022
3735
5804
4162
9998
1448
6409
6801
9880
388
6616
73
4648
1921
3188
5945
8600
2762
1385
8847
2406
7556
9060
8282
6755
4925
163
4763
3880
9178
7041
6225
1018
79
2357
9166
4627
3033
9911
3226
80
896
8163
7852
3392
1712
9178
6169
5121
5073
9293
3045
8731
412
3956
6812
2602
7363
1554
1975
1133
4852
2736
7801
2406
3654
7034
1800
93
941
2938
4893
5894
50
5885
7869
1995
1663
8212
7137
902
2540
6937
8274
8310
5129
3133
4102
6981
766
1471
4216
5811
5871
297
9824
8388
6570
3157
5744
6307
3852
6408
4050
1911
6188
1579
2550
5377
1985
3247
7822
716
5192
4320
2291
9998
2184
609
5839
5670
7689
9550
9168
2124
3938
3263
8033
646
6411
5862
9389
2097
494
9239
9602
9422
6686
4293
5934
8417
551
6834
3205
6461
2403
6029
14
2652
678
820
432
1817
9633
6323
146
5082
3710
7714
3923
4400
4107
3168
2200
6665
252
6071
6081
9110
5232
7215
9535
1668
9028
5335
9787
8444
7773
3280
5274
3679
7729
4408
2239
6358
2755
160
9468
8883
1225
1351
870
9131
6737
7722
2014
504
8756
8355
6612
4162
2724
4981
5124
769
8817
7036
2373
4335
8984
6186
8817
285
7447
6117
8805
9673
181
1501
1384
622
398
7068
7194
4653
6797
3506
39
6048
1630
5310
1767
5262
9874
9068
1781
7065
4607
7273
1978
7903
5555
392
7165
3069
486
8979
488
5436
2679
4497
4504
2872
8424
5541
5658
6892
5789
2334
1801
5706
7674
550
2388
1378
6459
8957
9933
6918
9562
2856
63
1021
1962
9356
7441
6385
9914
6018
3395
4
9190
6065
3468
7366
7442
8462
650
637
5067
9625
8896
6901
3498
4079
7419
867
7967
9895
258
9381
9666
4665
5
13
1456
2797
823
4701
4734
9273
2543
3887
9590
7886
175
9755
2972
8320
2446
9736
7416
1872
9748
8771
8721
1835
5973
535
4558
7901
9683
457
8458
4776
7209
52
9323
45
2826
6879
755
3594
1592
3825
2402
9946
2626
7450
5444
4658
7736
8672
5029
4521
2364
3305
8547
8077
6859
9023
354
4196
8925
2902
3121
7274
7473
5001
5369
3455
9720
8450
6908
8023
3080
1456
4268
5192
3689
1884
4057
3106
4141
8217
9883
3411
5490
1475
473
3545
3787
441
8383
569
934
1907
4455
6227
7644
9185
3217
2051
4338
7589
5765
3150
5217
3173
4726
9984
8679
9073
3821
9891
9884
3394
7984
2695
8076
8748
9302
3872
6617
3820
6134
5152
2340
556
5249
6896
4264
775
7049
3858
8969
4949
7558
175
528
2967
196
1694
6893
2305
3051
7713
1865
7481
4087
6830
4082
2636
7416
1007
6590
1194
1160
205
3628
8574
4974
8357
5006
2162
2684
9742
3073
279
3944
1564
915
3773
9185
2708
8261
6654
8421
193
8239
8733
3804
1072
7665
9418
4544
5293
8203
2663
4306
2537
2488
8701
2764
3301
6970
6540
5912
4576
6637
4660
9183
6720
8596
3470
7236
4481
6524
3610
6744
308
3907
945
3349
6263
4772
2340
7186
2635
6769
2180
6952
8716
6287
2892
7633
7692
9929
991
7259
7899
3181
3753
7405
8830
7695
6464
848
1309
1499
7093
62
3113
3474
9184
1172
6308
6926
7991
7896
8835
93
2338
4684
3458
4856
3173
488
2045
8585
2403
2800
4553
793
5501
9862
4630
1945
7182
1729
1558
659
6732
3758
8440
7842
5078
4469
3023
447
3508
6298
4580
7853
6329
373
8331
3048
3770
681
9492
7792
4972
3900
7251
8403
7311
1494
1552
7769
8316
3482
9915
3271
1752
6979
9113
1246
8293
2610
3913
4590
1713
3646
2859
9462
1172
4110
6353
1503
7823
2994
6310
611
1369
8394
6570
1645
2977
2945
5015
3556
8043
9230
1456
6026
8159
725
7311
397
4096
7909
5661
1321
8612
5218
8405
1221
2356
6617
6068
8757
4213
6810
9697
9130
304
5014
3003
3412
399
2963
8504
1090
5786
1492
6419
3230
7051
381
5182
4355
2317
9659
7258
8599
3820
2576
1822
7889
8698
8387
9903
7513
2728
7819
4703
5957
1130
6067
5939
2637
4496
2139
4341
3638
3771
7276
6916
5950
1556
6732
1264
4606
3562
9736
6777
9913
4375
6092
1101
952
7679
7378
5968
5081
9703
6754
1902
3835
9027
9923
6180
8190
2999
6628
6206
8459
7329
5521
1746
5326
661
8899
1943
4718
9612
5347
1285
1509
2426
8762
5154
9653
3037
2319
5599
9929
533
2667
1289
5922
3787
5100
3869
382
6229
4008
8151
3662
4046
2897
988
653
4497
5528
4236
7749
9392
4818
6032
2145
2560
1040
3467
5711
4419
155
174
4255
4299
8251
6432
952
7088
1678
684
3122
1311
1972
6405
7434
8048
7523
2563
4411
4068
5379
3460
2775
5056
1243
3565
7980
519
3733
7130
9374
6282
7248
3576
6427
3968
4227
6522
5658
5585
3421
6760
1902
1790
8558
8633
50
8787
7608
4238
833
9347
415
5413
8423
9541
3730
8623
2618
2899
4067
9492
3695
354
899
1366
764
8936
2593
608
9617
1988
763
5116
2678
9829
1726
4832
399
5643
5292
3855
9160
5795
9752
4513
9006
5865
1276
6149
4832
7033
9434
4755
6281
7830
453
1362
6882
8732
2807
8295
5783
6110
9196
9733
4245
7892
6656
2018
4727
6784
9977
3417
6322
8383
1200
7619
6114
5495
9671
1339
884
749
3202
3432
9924
6746
9785
5907
7650
6267
6293
1261
1435
6102
576
9335
3432
8041
3141
7219
7064
8836
2866
2194
1933
8577
4781
2645
5717
5649
4789
1541
7534
4773
1260
660
8460
8802
7630
3157
6163
417
9686
8286
8537
2842
1421
396
9520
3566
9319
3289
4880
2729
4403
1090
5767
4867
1396
8178
2054
3093
2457
9574
6190
4384
7550
6730
9163
3668
7937
4396
9615
3329
3144
85
3279
2777
3322
1882
4134
3404
3210
2016
7390
7786
4058
9937
3709
5831
2478
7186
4060
7548
8222
2677
8874
4370
4591
1293
9602
3408
7614
312
5549
9563
7851
2465
3752
6579
8288
4373
3537
8606
6341
2413
2211
9887
9737
4172
354
9831
9389
7067
7845
2687
3891
3592
280
5619
3487
1484
5456
2319
5881
1367
7946
7051
8896
3876
3348
6002
1718
9402
5407
3701
7951
3890
4103
2054
2659
4298
108
9020
4735
9386
2737
8555
2757
7866
9071
9658
8242
8559
9759
1605
316
6919
4512
1255
7453
2846
9721
3090
9267
7825
468
9687
9705
2006
2822
2243
4961
6329
5892
980
8583
4985
9423
6457
4171
6397
7246
1376
5278
4161
4357
133
6795
4264
6607
3163
6950
9754
550
7238
7173
8461
1279
1239
536
23
2864
4040
8481
8514
6304
4627
3355
7232
3404
6796
7451
3992
1978
8456
3057
9990
3345
9690
5996
911
3152
9830
8583
8993
3213
3178
7609
2229
9404
8105
2978
7240
2116
9313
4020
4801
3382
8314
1078
8881
2921
7428
5608
3697
1970
7154
3062
6511
495
2530
860
8010
5554
8646
1876
3242
8538
2913
3283
5068
1486
6683
8821
2898
7460
40
8311
7094
3628
6266
2735
5551
3670
8255
3130
8221
1823
3652
6748
4508
7943
4204
8629
3825
1479
9674
3053
1944
3743
2711
6763
5097
4172
1228
9887
9131
6398
2040
1202
7011
5423
7686
9187
6126
3517
6122
419
8919
1175
4234
2473
3516
1634
1784
9400
3394
5811
1630
7881
6476
3917
4792
737
9891
1313
4604
1241
6203
5913
5565
6354
4683
9924
6094
9073
1608
8204
3909
9718
449
79
3719
8724
5232
2572
1542
5928
6663
450
6734
3689
9413
8497
1308
9159
2012
4069
5508
1043
1027
4436
8341
683
7425
753
7510
4724
8800
6524
7719
7404
1029
4848
2201
3045
2671
1738
9526
1751
5253
9674
7240
8742
6544
6584
7867
7892
5660
9954
2437
9053
6571
3817
5102
5717
3763
1993
7551
580
1434
3128
5952
4477
2181
4154
3709
4769
5888
7411
5590
4735
3451
9345
3557
1336
4684
5174
4158
4653
4792
6962
6514
5289
8119
5107
9012
3634
6565
704
6115
2300
7826
6982
1454
9869
3878
9935
11
3291
1990
8805
4857
7993
3694
882
170
8047
9219
9815
9784
6889
2519
1919
9400
3895
1581
1577
4641
1251
2711
5750
944
5172
5732
2261
6683
6581
4326
8278
7257
1107
133
1845
6935
5894
8287
6552
7978
5996
1647
2754
217
6115
7409
4829
2962
5926
4966
2105
5521
7024
8347
7972
6927
67
2220
6051
7380
9034
8789
9998
8740
5044
9410
2422
7584
8454
9025
2614
2433
6065
4498
9120
6667
6272
6540
4007
8187
6425
8032
6993
9000
6314
2708
2617
9868
6378
6875
2081
1690
5993
2507
2996
6535
4537
8669
9997
7418
114
5338
5609
4670
7040
1570
2804
1450
3790
4545
4131
6803
8692
2443
2252
7787
2563
6737
4981
7658
6941
1219
482
5867
7596
1068
4227
9233
273
6253
133
9022
3981
7197
3955
5058
9321
8885
2356
3113
5855
9674
9682
9024
5095
8982
9190
3509
1993
1012
8395
4572
533
9985
6558
3689
2862
8059
5488
8753
9337
4502
9666
1872
3717
287
2334
4541
4831
3487
3720
6311
3137
2660
3523
6181
1668
3056
842
851
8590
3236
9877
4019
1916
9466
9486
5205
5566
5905
4263
1923
5595
3539
2739
7330
1496
3743
3127
9640
1575
3520
4923
4577
9791
8701
3368
194
3256
5012
7972
6411
2820
3273
2267
8078
8530
62
4883
7946
1536
9098
5504
4111
5611
3635
7977
7662
6251
4431
5942
9941
3054
1729
6504
9095
658
7081
8994
219
9006
576
408
8309
682
4133
5517
6503
1457
6750
7542
5512
6723
3751
2445
4948
6796
5987
2763
3906
1645
9750
1370
5555
3254
5228
7136
6081
9326
8972
5170
3307
9211
7475
4843
2506
1400
643
208
2403
5029
9069
6708
4125
6594
4079
4040
2336
4340
9678
4708
1219
6351
9164
6434
2334
7510
3604
7351
2232
6911
2743
1782
9642
138
9439
6052
5176
2653
6745
4662
8152
6389
2794
9674
2018
8776
8436
196
4951
7633
9403
1136
2315
7536
526
5569
1294
8579
6208
4178
3894
3917
5012
5267
6954
1032
7973
6402
5521
8507
4371
5793
5005
6253
2014
2144
585
817
9102
4630
8542
2603
4828
9258
1226
9584
4400
6862
2646
9149
550
1602
9605
7717
7399
4833
6291
6254
7165
3087
3375
3664
4048
2747
4668
5782
4284
8042
4978
6906
3680
7509
914
7346
9182
126
7239
978
4841
6538
9635
484
2546
5698
784
6797
8534
1390
3222
2314
7131
8152
539
4686
2207
8929
3657
6516
4892
4564
4801
6197
2463
1744
5230
3709
4768
5510
795
5756
1469
849
1287
7703
8851
9251
5042
543
5912
9585
1940
6289
9904
8898
9920
738
3183
4103
466
691
6355
2759
8727
4736
6313
1843
392
2030
3224
8876
9863
1037
3301
6240
9695
2117
6408
7289
3989
3618
4165
9340
7844
6247
3920
836
8192
5104
6426
7815
4636
3351
159
4938
9671
7438
808
9338
2750
2731
7670
7846
240
694
232
1702
7735
5523
3501
7488
1803
4128
6151
8981
7939
447
4110
2574
8561
2173
9727
7757
1878
5163
4292
1604
8178
8718
377
8620
9530
5322
8517
7666
7204
3740
2622
7358
1522
904
7136
7791
434
4419
2373
2004
2749
1270
9478
5042
7952
3365
1208
7481
3412
5674
5053
3697
9415
1739
7534
6056
3840
6331
6637
5420
6007
8672
2800
1787
9644
9173
2382
6542
6215
5404
1010
257
6395
9298
4586
5244
7224
5625
4404
4889
9756
9656
6405
9468
130
7691
4054
4481
1866
4499
4536
3961
8564
3713
1990
647
1573
7502
5875
9550
2256
650
4181
1187
427
7469
6162
8884
4616
7314
9619
1715
5952
8422
8304
5926
8924
9936
5537
3503
212
4234
7129
7215
8480
8642
2288
1565
5696
466
2589
5377
1389
2327
4092
3116
8032
3018
9775
976
6017
8672
1814
9440
416
6536
3991
764
8375
5944
2021
6461
8315
1716
3941
1509
8088
8008
6749
6058
7261
3603
9371
5984
5205
1206
58
4404
413
525
7174
4322
899
8712
8745
5417
4314
147
8112
7008
9603
4768
1142
8882
2976
2264
5872
8611
7186
602
3978
4104
7995
2275
372
3380
6044
5621
2810
9065
3700
8471
9488
5849
6240
5196
1562
6884
8396
8813
7371
5946
1963
6929
4416
3386
4502
2441
4751
5162
8773
2643
4713
905
4253
4858
9081
8527
4384
6482
17
174
4541
6837
6885
4250
9588
9342
9214
259
2213
6771
2391
8029
3524
5077
1153
3592
359
4647
8641
1192
2401
6150
833
9959
2708
8958
7381
6102
3503
886
103
2359
5049
9476
4208
3614
206
6153
2682
4538
2416
4261
9306
2676
9989
7856
383
2297
7706
515
280
1979
5984
6762
4245
1116
6361
196
4676
6896
5795
7428
8138
4665
1757
338
3015
6892
3491
8343
7882
9237
4655
1378
9907
5887
4438
3657
4482
2573
1685
9033
6385
8358
8121
5020
3009
4822
6423
7391
1446
8398
8488
2958
38
5639
696
1212
4067
777
7765
8821
6095
3722
4545
1408
4791
7670
9725
6350
3978
937
2273
2919
7812
8867
3052
4658
317
9601
1344
3442
4870
8928
4745
8470
1414
3435
1052
758
7611
9864
2909
3525
6127
6664
6895
2449
6952
7808
2205
8334
9692
7881
7509
4979
5166
1361
6094
5910
9559
9100
838
6921
6205
8446
5695
6534
1702
3159
6669
7009
6890
4712
1877
4709
7895
8289
2054
4631
2403
8298
5823
1192
5436
6562
2027
3259
6726
7186
9937
6583
3601
3382
2407
2153
4308
2640
8569
8
7058
3000
192
5431
5877
3216
934
1321
3514
960
5645
4936
9130
6621
4285
1419
2634
3493
8933
7157
6577
9912
2250
7952
1853
7768
5723
9585
6645
1927
6276
9158
1221
6727
1640
5507
6765
7232
4611
5682
1398
1946
8705
485
3323
1647
9583
8415
4166
2713
4225
5371
8928
3723
5959
923
9496
7626
8434
9300
3770
7922
2188
8119
5715
9457
6062
402
9880
1143
270
8878
6221
4221
362
5531
2505
8832
3515
9445
4408
1928
3840
2811
7594
1800
2929
7813
9948
3937
4969
5648
5225
5200
4946
64
3078
3515
8348
8372
6121
1510
1737
7271
1273
4355
2903
6037
4510
2677
3376
539
1502
3692
6398
1886
4830
7
3249
1841
2677
9541
4225
571
9422
6628
9131
2481
6314
7254
7372
7630
2446
1427
6751
2777
7021
7093
6319
61
4725
9433
4095
1476
3506
3461
4274
1423
5923
8166
9446
2206
6385
1706
3784
9534
5463
4742
1098
8981
5925
6731
9460
6998
8304
7783
3842
3565
184
2994
8926
889
2568
9221
6701
855
7418
4600
5748
5098
1677
9783
2346
9617
4317
8939
7133
4646
9662
3553
9040
9845
3351
1270
1060
6635
5641
5305
8628
4596
2750
8110
2923
4578
7341
9764
9435
6654
2473
3236
502
3036
1555
6521
8634
9642
6934
4117
6948
3902
4516
8863
8172
8660
363
2908
7310
6382
9984
9570
2815
409
8518
2248
6683
3240
1298
7481
6438
8432
8644
2046
4854
7813
1655
2020
1523
6999
6891
1639
6833
1158
2644
711
5297
1016
7144
1965
8292
2750
8323
7019
3191
5487
2941
357
361
8725
1807
1321
1469
2583
3185
188
8735
8510
6980
8493
3097
22
9320
3993
6083
174
6285
7374
8622
2392
66
8243
6866
8287
2245
6665
5275
356
6651
1882
6521
2538
326
6102
2740
5804
2613
4697
6954
8967
7502
2847
5828
7240
1635
8861
8120
6715
4070
4881
1275
1061
5812
9027
8614
2998
4267
2935
7241
470
1359
6290
3128
702
8346
7980
6425
4026
57
6766
7658
9982
6913
6004
6735
1125
9237
520
1108
8328
6789
5634
746
9725
2967
773
5486
6648
8444
8213
5741
5337
1792
3216
1034
869
2288
539
8214
1091
790
3090
3478
6011
4905
7873
6319
2079
8736
4544
6748
7271
6389
5408
8553
2445
4348
748
2373
7402
7191
1085
1670
8912
2598
1915
1259
8744
5247
3030
6601
5568
9343
3138
4428
9102
3857
4749
4466
4925
1740
5518
603
1029
3711
9530
6319
1286
3559
3970
558
7702
8318
6489
3488
13
8980
3498
5003
2555
2975
3588
1538
6610
3554
8280
1372
3681
9205
8672
2983
4574
5517
8437
9345
4339
5136
1103
1309
6995
976
4368
3346
9520
7997
9612
7625
703
1653
8077
6233
5828
4457
6695
8692
2497
8850
8908
7995
3593
5849
6881
1664
7828
2
7039
2325
3046
6329
8020
9022
4165
6988
8710
1153
4894
5568
88
3951
4844
8135
54
2332
8277
5877
9846
9786
1749
964
1419
9157
9302
3142
3466
7706
1490
6079
4548
3938
9056
506
8812
4762
5706
5244
6459
5782
3308
7911
1977
5357
1573
379
9426
4195
6578
8182
2252
3397
441
280
308
9199
1810
2744
3896
2962
8439
4694
7127
3213
3086
1415
3192
3981
90
3134
385
4847
2770
4952
1440
8595
5738
9857
6939
9090
1384
3336
837
6605
6257
8729
4542
3247
2330
2315
9002
4884
6050
6731
8671
3275
8407
3285
8177
451
3899
9319
5573
1940
4758
3015
7492
9195
3138
5719
2894
2058
6406
3362
3667
8229
2572
1818
9856
1825
9071
1955
264
7931
8740
6481
5106
463
2553
5603
5348
419
6519
8898
2268
6517
5357
7464
8823
2737
9278
6802
1615
599
1820
882
6590
4126
7786
1039
8951
5737
7854
795
9587
5624
6050
3683
2701
5081
9453
1116
5385
1714
3524
1457
3507
8811
8943
1349
1753
2571
8154
7970
755
4279
2294
2185
7517
6056
8455
8038
525
2306
7023
2739
6792
8657
7140
178
2198
4091
6059
9790
8332
4778
9371
7090
1547
997
5337
1799
9178
964
1781
2533
7146
4191
2003
7453
884
4961
6303
9817
5881
5442
5638
1764
6213
4854
724
3558
254
1274
5274
2332
7565
7277
4527
110
6276
4016
2381
4725
9040
2741
6176
3544
5877
8709
4406
5846
5686
6329
4674
4171
4444
9565
4520
1180
8901
5507
7015
6522
1530
3656
5001
1003
8677
8992
5214
437
7069
4237
7903
14
7116
7323
9809
6332
6085
7372
2949
8112
9928
7376
98
4367
3332
60
3243
7291
9855
5944
8779
8462
2637
7849
2097
4570
524
8497
8091
8119
9137
5344
8970
3558
4170
9759
5269
7912
8113
602
6286
9541
9443
658
9950
9018
5719
112
4488
2343
9427
342
187
792
7838
6043
9415
2430
7686
7939
3095
3669
4521
3988
6144
7841
1546
4010
3620
9055
6995
8147
6450
3107
1510
9137
4838
6699
5108
5631
6260
407
1176
2857
6515
3406
9845
6838
9629
3423
317
9581
6674
5027
6003
5087
2546
975
108
6979
1717
6920
1795
644
4580
10000
3464
5048
2822
7621
2332
8527
4496
1110
7213
2275
6147
95
5747
6892
1495
884
5015
9483
6124
4549
401
2179
7006
281
750
7039
4582
2438
3608
3894
3813
2072
7648
7063
8268
4051
1350
550
9870
4652
9657
1044
8812
5493
425
1961
3511
6447
9051
4578
1381
6763
1807
4340
2733
1072
6260
7348
1748
6760
4671
6880
7078
4512
7487
9877
9521
666
6298
3733
9104
7749
7198
6505
5672
2959
4055
5612
1708
3305
7338
9154
3539
866
7514
6774
6991
2700
576
5465
8542
9280
4954
9458
3196
2746
1491
6203
8116
5024
3135
3102
219
4346
1154
3612
6073
4513
3594
7351
9265
8256
9884
469
2711
4930
3449
2851
3956
8110
9822
6726
9262
916
70
5432
4235
4156
3692
7148
9043
3503
2479
2955
5391
6876
1135
413
9655
8106
3953
1662
6978
3895
5994
2928
3169
1303
5687
3145
9977
7206
1843
8430
1965
3920
8179
4260
156
4070
7268
3875
7090
4608
6803
1364
7090
4435
6267
8580
4355
5947
8413
8568
1635
5507
323
1656
5344
5899
5403
8876
856
6145
3100
3617
8402
6061
7254
2387
814
1288
6869
3998
7803
9719
4552
5138
5050
2108
534
4202
1714
7610
8349
7963
8672
616
5319
7880
6386
6103
7784
8759
9383
877
1036
3513
4278
3729
9956
6223
151
8513
4876
3987
1316
5239
4494
6866
8517
7554
2295
8429
5902
843
9548
9391
1613
6523
3831
1728
1676
9141
8316
3494
9508
801
6141
9319
6672
3514
856
3510
6171
3734
6048
4223
166
9669
1813
3516
3041
6985
483
2087
5716
6169
3534
9587
7857
297
7326
7986
2535
3572
665
3776
834
2879
1649
9302
1377
534
6297
8687
9493
4813
1904
4811
2396
1076
3150
3315
2841
5968
5827
8167
3505
8162
2321
3397
1109
5641
5586
6337
2170
3002
6387
7149
3555
1941
9299
2834
5338
9909
961
2236
7169
9752
7841
4359
2525
9313
8921
5888
1379
9229
5939
6466
8573
9700
7280
6246
1260
474
3400
4076
9555
95
8444
3247
3029
1807
7430
4840
9109
5626
5215
4249
3584
4036
390
3864
9816
274
2224
6879
521
4103
1857
7270
4267
5614
7913
7092
724
3005
7277
7502
4770
835
3941
5668
5701
6011
2459
571
4791
3781
6530
4235
2403
9409
8116
632
7333
4464
1133
4174
7909
5793
6057
3535
3728
8078
1839
7756
3144
6611
7119
6260
796
2257
8262
2718
961
1087
6667
5966
6071
3727
5264
8917
1765
8668
7609
5283
6388
6358
14
5325
9934
3832
4014
7209
5998
1437
8815
4746
5780
2169
8182
3493
4834
3575
7702
6996
5582
5196
3839
7254
2400
4101
7167
567
9400
3732
6881
258
3443
3503
7686
1208
3466
7390
4911
7909
8694
6725
2675
3822
9911
8845
6068
5907
3764
528
5722
6707
1165
9003
2486
8311
8249
8488
585
6124
2699
4175
6490
6828
5972
5290
6259
3634
9832
5377
9265
6408
7879
8498
8079
2711
1361
9088
4171
3343
9117
7049
5641
7728
1382
1117
6433
5670
3334
841
6567
2054
8353
7477
853
4200
3513
2388
7118
4802
4755
2308
5830
3358
6809
4741
9416
3911
4768
6240
1907
6667
2144
2421
33
6499
2644
5985
9145
3830
4299
5771
8692
5449
742
4779
6697
8211
7791
4673
5770
2461
4597
6431
4871
5176
1787
9272
2497
2479
4588
2486
5532
9298
3530
4996
5297
9794
9192
4610
8387
5235
376
7224
3536
1057
3514
1156
2717
1160
7131
72
3848
3782
4823
5302
3076
5971
98
7851
2348
4132
5900
6882
8953
2863
1190
6626
2107
2765
6880
9902
3801
635
7306
1916
9853
7183
3226
7655
5951
9509
2882
2104
5877
1722
6627
8379
8238
7430
8850
2225
6090
7201
6612
7044
5957
3377
9374
6896
1002
7127
3137
4624
935
6708
6142
1553
6393
6349
6847
7369
6255
3434
392
4878
418
7105
8580
4604
5028
7111
5623
4077
3178
3653
1811
1047
8639
3092
3542
1202
9860
9513
5319
8513
3799
7249
7814
3255
3766
2468
7540
7485
891
5536
6292
8245
6088
9377
4378
5404
3585
6947
3344
2382
8445
6961
2180
5194
6087
3128
3093
7326
1020
6689
4503
4460
4867
6240
6194
8410
4035
9671
8979
5347
4620
1605
4510
8927
1652
6789
1054
376
3930
4609
6278
2798
4599
1137
6810
7738
1881
7651
3845
6356
3531
51
6367
7351
2817
1369
1188
9285
7407
5801
8698
562
1750
7129
2505
4236
7656
6350
9334
1671
3345
6145
5862
3167
5548
531
8674
4772
3224
5872
6989
821
443
5325
2695
9888
3875
1997
3000
7197
7927
4227
3708
4276
2293
9796
2208
1969
4993
967
9662
6013
7181
4806
4131
3223
8864
2551
1742
6070
1977
3262
3134
3684
3090
220
311
6893
7797
975
4078
8878
7564
8427
4616
1891
7352
2195
7468
7298
8069
4638
4536
6492
3901
2969
1818
8208
3009
5173
4840
7926
2289
672
2753
3553
671
2228
9602
6363
2893
9557
3180
964
306
6369
8104
558
5081
7285
9015
5532
9337
6357
7073
7156
2476
3838
9260
9281
2721
9078
7524
8012
6553
6733
8890
6246
7389
185
2166
2358
4313
2992
9874
5128
6575
4848
9082
7532
167
4829
4680
2309
4064
1700
4044
9179
