602
1762
1048
1608
9140
6499
4141
2307
3198
6885
1520
7064
637
3760
4370
5861
5713
8266
7511
3586
9857
9878
3008
620
5132
8578
7581
5896
8907
850
8631
4898
3070
4267
588
6849
2590
3434
4361
4393
2781
9757
9834
2844
1558
9765
5916
4363
1513
6908
1278
3395
4796
2980
372
5553
5369
1917
5662
7749
1303
58
3227
6048
7139
85
7210
7908
6685
6309
3377
7969
3216
1283
5817
41
7734
4555
6566
4908
2855
4316
5910
9340
5016
3464
6903
1581
329
1042
4206
5626
8094
5054
9901
1150
6148
9602
4546
3640
2747
7946
4704
973
5488
6321
3438
2118
6320
7247
1258
4494
917
9157
1409
9308
6028
2699
6167
1835
6571
7555
9293
6675
9104
2704
5419
7957
2540
8478
9824
4895
8027
4051
7633
723
5395
8342
734
5090
4978
8972
142
5459
4496
6371
4506
9225
3615
3116
1496
1915
7792
669
3314
9178
565
5497
7204
9421
9647
8250
1247
9181
2436
8901
3010
7639
6934
4429
7797
6747
1992
7046
2012
2228
526
1323
257
4433
5125
9337
2359
3533
2853
7735
1308
4267
4160
2374
4189
8379
4975
5341
6175
572
2597
2905
2418
4006
2294
6826
7893
3088
580
8006
8117
4648
9100
8893
5555
1911
2953
6712
2998
8651
6457
5809
1192
9397
4691
1039
141
354
52
3527
9440
968
1315
4523
914
2930
8140
9771
5112
3733
7796
7359
2430
7891
5964
321
1186
9835
8710
9066
1470
3805
7054
764
6966
2812
1989
9223
720
9469
6309
7591
3399
7747
5177
2550
9114
3880
2421
9891
7441
3809
7322
7348
6718
5485
4809
1055
4005
1065
1831
2715
1204
1123
2047
4274
1143
7667
3516
8435
9752
8615
785
9296
6101
943
41
2760
1592
8972
1681
9847
9152
558
9105
4242
909
6341
3220
3275
6166
7892
241
6675
5705
5042
875
3273
7747
7760
8059
789
9235
7765
7624
1782
7231
9113
4960
5079
7569
4672
2152
3728
1770
9228
4406
2062
994
736
1416
9519
468
8666
4268
5099
6672
5253
1366
6352
1989
600
274
5877
6556
5471
3030
6552
5495
7331
2582
4711
9251
1543
9318
2574
3318
1453
4052
3257
4444
9322
3655
8516
9089
5180
3623
6263
6022
363
2188
7360
9130
1184
4929
1521
8161
3949
7232
5475
2392
8239
51
3857
1614
2739
3528
4928
7322
8174
59
1651
9696
9114
8052
2399
2946
2756
9737
871
4927
3154
9439
422
1865
8660
3805
9196
9286
7892
4730
2359
932
5886
3253
7435
744
6308
5437
1760
5929
4626
5354
1345
4831
5963
7754
1641
2615
5974
3682
2979
7845
6486
5935
8010
2033
5595
1264
4212
2095
6731
3569
7281
6400
9923
6341
1634
35
9117
2241
22
7609
2390
7598
2271
4510
4103
2641
4358
1305
1374
1450
3103
1704
2008
3865
5450
2940
9510
8605
9463
3456
7492
106
2637
6763
2313
4346
888
4163
8457
8471
9543
6246
1509
7764
7037
8596
6155
9919
1306
354
6354
2903
5263
694
7562
5537
8134
6875
9790
3904
34
4399
7026
2350
1902
393
94
5920
7366
1796
7443
162
7256
6498
6326
3606
1824
1834
2085
559
5953
1126
3246
7135
5836
9670
2786
4646
3650
9157
6434
2171
2975
9167
692
3992
2946
1018
3984
8550
2376
2295
2870
542
6525
5237
2676
4164
1082
411
6853
2761
7054
3986
9132
7324
5590
9149
9107
5629
2178
4081
6526
5498
4825
6529
3481
6052
2434
4081
9233
465
1910
9037
1084
6257
624
5779
6661
2514
3809
4258
6324
1278
3933
1500
8194
9646
3296
9421
4926
5573
330
7904
5054
8461
9012
8640
3834
3238
443
4988
5099
726
1930
6967
5582
7835
7828
6378
8559
7435
6774
9575
7555
3879
3892
6823
5632
9462
732
2672
2133
496
9142
4729
3918
5651
7617
129
5725
5751
1278
429
3030
5742
5933
5792
8129
7096
2633
8548
6308
2288
4216
1251
6111
576
8389
9666
6862
9752
8502
2275
9462
3692
9566
7541
314
8814
8216
7134
6248
5641
5737
3327
6263
1307
4009
6651
2086
4254
2749
9441
7948
1194
1811
584
6241
8790
9494
8403
4876
5389
6860
1111
1005
1996
1245
9266
1298
4765
3243
1542
8039
8282
8307
1423
6742
3279
3017
7880
7266
3448
5429
3573
9940
7122
5616
1279
4924
5359
3345
4933
3304
9168
2298
238
649
1886
400
4850
7996
5757
4023
7102
607
5682
1732
5770
8849
2074
4013
2297
2589
9980
7215
3337
6254
5678
3231
566
3183
4126
3815
4711
4621
3467
8016
4423
2891
9122
4579
798
2135
5429
1590
607
1537
8737
1268
8024
5677
8937
860
8169
5022
8072
7180
394
2680
4942
4600
5982
4277
4084
645
2619
3258
6899
5201
4198
3564
1568
3754
8486
4215
1111
3906
5265
9156
9576
5377
1081
9340
9470
3784
315
642
3573
3736
8713
5377
5583
5852
6189
745
2536
1979
1715
3737
1066
5670
3450
7298
6949
6822
5503
1171
5646
352
9594
9675
5274
1590
5934
530
2379
5465
963
5433
63
8115
8
2698
5492
3738
9344
951
5414
91
3544
3753
9695
3647
4678
1045
4364
1025
5653
3753
2974
1577
7798
2127
9231
5072
3711
7084
64
9644
5697
307
1630
5993
9360
4371
1075
2040
282
5616
8816
6455
7207
6256
5149
9273
6153
8068
8945
5304
9472
6024
612
6599
1350
9959
9899
1538
3159
4868
9762
814
6430
8020
6587
804
8123
5292
299
3184
1793
4253
7751
4257
1833
1331
9618
9224
2110
4034
3722
1135
2512
8153
5275
2887
5617
5012
5105
8755
4054
3718
1013
8371
495
5311
866
2137
8044
2862
4520
6791
7232
2823
3656
9898
4111
555
5231
8071
3991
2107
6087
8691
4299
849
1915
1273
3250
9295
3429
7284
3923
6129
7972
4902
7881
4431
5897
8235
9026
5668
2920
2538
4001
8325
6239
1263
1318
1502
6111
6852
7810
1557
8347
5992
5059
2787
2672
9507
5227
3841
3320
5681
895
2065
3531
1834
5118
458
5405
448
2870
9168
258
2338
8762
44
7014
3857
1342
3832
1008
5895
2318
8699
6463
2065
3748
6834
2344
6746
971
6233
5096
7786
4934
8564
88
6056
5469
6984
6753
9266
8534
7457
5566
4595
2752
8651
4771
6054
71
5651
9796
5900
4102
8280
229
2118
65
3554
1330
5777
8097
4342
8959
5367
765
3416
1940
4168
8993
5343
8713
5985
9180
2189
9504
7072
6766
671
6114
3177
7858
6296
9530
2085
9079
1352
885
3575
4106
8579
8758
5826
8639
9960
8043
6359
8669
4964
2662
6664
2856
528
9062
3913
9217
3756
4724
8553
4507
7782
9177
956
4939
7463
2648
8987
6175
6236
5472
4490
8280
1127
467
5893
81
7399
7088
9672
3961
39
8359
3696
7382
5295
1283
3952
1243
2666
5758
3249
7583
9995
7637
8528
3831
327
3401
1302
9007
7429
8707
9950
2178
2534
623
9116
4057
3227
546
7633
2057
259
637
3915
1759
6473
5219
1743
438
6619
5920
9686
1746
2269
4915
9686
2943
3163
7250
2912
1973
26
1541
9964
7039
1100
3641
4792
9015
8966
4354
7039
2975
7447
2466
8435
386
6810
2200
479
2952
9998
9925
980
7634
3515
9422
2398
7468
1353
9371
3591
6437
1269
7811
5839
5013
1042
8670
1686
3282
9552
6774
8308
7030
7134
4200
4129
7035
6412
9135
8902
420
2774
6933
1793
4681
2941
7983
2592
5067
6397
2355
568
8090
4941
5544
2808
7837
4148
8310
7591
5121
8202
8773
1314
20
9511
3958
9770
9647
3432
2074
6198
5963
6746
987
5399
138
6449
9819
9678
8893
776
6482
3005
8047
9785
6736
7168
6804
8957
3406
5067
6792
9796
5094
8147
8992
3032
3522
9245
724
7448
3143
2862
4390
3618
2348
5235
5165
273
711
925
3540
2945
7396
647
1673
8555
7788
9542
6562
9079
6986
1066
6101
4949
440
6439
8561
549
1188
2113
5523
9762
4376
987
2129
1486
2408
6424
6863
3233
9588
5545
4174
8705
2563
8650
1430
7144
410
9157
1532
7702
9348
6901
5839
5437
2150
3567
7480
1821
9639
8883
7650
3822
4963
8560
7523
5860
9317
7164
8847
3379
9659
2273
6558
1251
3775
8533
3760
1660
4261
7981
4944
1400
6451
6339
6568
3543
9413
6456
3200
9521
2218
56
4080
2283
5422
2855
674
8632
8191
5069
981
2847
1819
842
7615
3797
6527
6493
3681
1837
9062
6900
973
5063
1638
9067
8386
4348
7516
2810
1463
4049
6020
7401
4446
8275
2290
3291
7801
3239
4408
3774
4927
5079
7751
1708
36
3405
2468
3044
2136
4425
7867
7393
4329
1902
8581
1432
958
3842
9259
2290
2755
1294
1825
2878
9787
2212
7840
4418
1076
6655
5914
8467
7683
9377
4604
977
3895
9994
7793
4832
8191
13
5097
2014
4063
6576
3277
8684
3131
9424
4965
6985
2881
8967
9187
6853
7157
1023
5271
9003
9334
2107
9460
6803
5228
8877
5295
1005
5543
327
2385
1047
2168
4217
8789
7730
1594
9645
6640
5746
6915
2211
4997
1171
6723
794
349
1345
8571
2957
9917
9847
7319
6579
4681
4893
774
2592
8586
7128
5243
58
6781
7258
1858
3602
2746
6373
5070
6585
2538
631
2687
5670
3686
6762
3925
5178
4847
7769
3736
474
1388
9530
3775
597
719
9167
2180
4105
4598
1250
6023
6889
2742
8550
1031
1054
6345
6688
6443
9851
5790
962
4784
4466
6506
5024
8978
2531
6190
3067
2269
3774
2402
8369
9159
7754
2558
4782
1729
9486
5599
5124
9912
1820
1
7728
8985
179
834
1502
1244
7105
3121
2424
7935
3198
