413
115
8802
9535
3336
9422
4817
7002
606
5359
4694
2845
9657
9468
632
8858
6814
6554
6297
8264
9268
4730
6718
9835
4743
4872
1671
3664
4729
4920
9581
5232
1714
2429
8531
7048
6196
3172
6726
1962
8076
577
799
1245
125
2551
5232
6930
5247
526
8687
9462
3962
2850
8325
159
6192
1829
1468
2205
2617
6949
5106
1950
6121
232
4688
861
4529
2284
6591
1683
5574
7719
3457
4999
7333
263
211
5359
2787
7189
764
9640
2091
521
5571
6347
8122
8845
3312
566
3143
7561
3656
2558
3432
3508
604
9196
8363
7642
3183
4231
3415
6201
6028
7001
1431
5350
4818
6844
3599
4319
5751
3102
6053
2415
3995
671
1904
5207
2045
9381
2631
7953
9751
4536
3678
5704
4543
114
3592
7244
3119
8416
7987
5159
4292
4257
1070
1523
8224
5655
4374
4072
9771
7761
9345
1641
8347
2238
6430
2581
2273
95
2254
1679
1798
8606
4132
8500
3882
5567
6262
9951
2509
9959
1952
710
6756
892
6336
7515
5210
9719
3212
7181
4682
6302
7641
3709
1299
205
3557
2272
1052
4014
7794
5412
9139
6747
7450
4842
849
8574
8455
6455
6226
2594
9128
2704
8468
6907
1543
8952
3411
1653
1136
4651
5201
6132
7570
5753
3236
6132
655
4188
7284
7797
9519
589
2719
346
7676
5302
6673
5234
5099
2530
276
541
6702
769
6072
9118
9697
2258
9641
70
32
8374
7155
6479
5815
6714
2659
8623
6674
7868
2955
6878
5939
7498
9749
3424
9505
470
4474
5596
9745
8376
361
9012
4013
2038
3068
6520
5836
5867
532
5330
2147
6469
4494
6090
2359
4069
4709
7483
9633
939
1510
9758
3753
5141
7644
2272
9952
1514
1468
8487
2152
9732
8296
6892
4339
304
9864
1206
8655
4819
7194
3553
6805
3507
1156
9767
3432
2550
9229
3828
3387
5212
3722
1523
359
8038
3923
9300
7250
5396
5711
9711
1402
7466
5560
8163
2154
3037
4148
3728
7783
5172
7078
4348
7379
7244
5395
3602
6978
1120
3079
5822
8935
929
1122
6845
9617
4723
4206
920
2083
2185
9522
1794
8095
5813
5798
952
6257
4150
1337
1411
8280
7493
2329
7904
6004
80
9167
5682
6043
257
1211
9371
1827
3703
2201
6800
6284
9189
6243
4611
4599
3822
1177
1662
1829
1915
210
5903
8476
66
243
8765
3052
2434
7127
8134
7782
4124
8295
7089
4143
3913
8026
4427
6576
3883
5737
7760
9127
1319
5870
5784
2959
2320
6747
9359
1463
5072
1012
1578
8827
9627
3186
9200
2666
9540
1185
4915
2947
7282
8218
4754
5609
7314
4611
9189
9657
5818
6009
7855
9940
762
1742
2405
8620
1681
2060
4177
3119
3348
1424
8763
3327
8983
4686
1581
186
3480
9236
3476
314
2927
5298
9570
2695
5406
8928
6319
1921
4479
3961
2909
1443
5901
724
5128
9326
2382
9647
9516
9387
3866
9640
7082
6659
8411
2253
5744
6546
4332
9855
7482
4272
2343
2609
7292
8315
1030
557
3587
810
2486
5361
1069
2640
2989
9618
4912
4033
1835
7992
3503
8347
1220
1218
8791
4363
1036
8154
9070
9744
1599
1683
9153
3833
8225
7402
1323
6143
4733
7470
1949
1082
7140
5758
9785
1919
9332
2819
8078
6705
8602
2521
3625
6353
6169
9464
8558
1070
9890
3793
194
3755
6364
9561
7862
7050
7728
2810
7876
6736
1625
4675
5346
2498
4476
4372
3701
6077
4279
6677
359
7644
6349
5763
3104
2333
4456
3731
3654
8551
4832
3436
5331
532
9455
8467
7460
639
7441
5212
7895
1471
3934
806
9912
9663
2134
7046
6731
3861
2597
5585
9892
4513
7785
6703
4191
8926
7084
1140
7339
3842
1840
3453
9231
7635
4438
9762
7063
8879
7657
2130
6485
494
5572
8264
9866
4735
6367
7168
1098
8870
1520
7340
2432
5967
1396
3622
4421
935
1007
9354
336
1792
1719
2668
1485
1862
87
1958
7554
4827
9869
9781
4211
4642
153
270
4802
4316
4109
4936
3835
7087
1476
3882
2972
7297
7216
8192
2827
9899
2334
6124
2652
2089
5280
2540
1277
8711
942
6620
3493
3784
3355
688
6822
1979
9109
165
343
2768
2492
1042
2771
8612
3223
1997
2337
6563
4127
605
7126
1280
7974
3167
8612
883
9941
3495
4293
4329
3977
1714
8199
5532
4195
1630
167
4033
8224
6343
779
8591
8308
2393
8746
3529
230
2033
7568
7781
9025
1637
737
1363
3591
7258
3973
9055
987
4413
3639
9415
9616
4875
1734
3832
9804
5619
3061
2804
7993
5569
6659
7781
5093
634
1202
2823
4054
9782
3271
6851
1674
8689
9190
1715
7349
1584
8346
5481
1687
4252
1056
2100
1240
9916
2376
6223
6516
4341
2172
3084
9379
7627
3658
441
6497
5096
2316
4721
3080
2369
2832
4384
8291
6064
79
8199
2201
831
7965
2980
1917
9320
3244
7095
1801
4092
821
1583
438
8792
6645
569
7564
5120
3197
5002
1136
372
7990
4625
7417
663
3519
6152
2349
8019
9791
5993
6880
1942
6292
8996
9177
2683
3575
8130
2818
9990
115
7000
9910
7040
7876
5919
5318
2880
9693
1505
4075
2788
6911
7642
4370
9961
8363
1693
2431
6887
6506
2840
1492
2669
9934
6429
2511
1332
1710
6284
9549
7089
364
9155
4726
6063
5705
1882
5536
5078
9124
9025
7109
3242
8375
6657
9191
2094
5298
5511
1119
3913
6944
830
6726
317
6456
3935
8932
2802
9025
2351
7282
5307
139
3866
4888
8588
2275
8495
1658
4613
248
7320
9407
9653
7285
2578
4423
3968
7888
4949
4106
5188
6910
6184
5296
1990
9598
5334
2211
7247
2017
9315
7479
7879
5729
2898
8294
5267
2102
771
2528
626
1563
647
9386
4836
7023
9430
1710
518
3111
649
4860
9173
714
8758
8836
7565
5762
0
4295
4656
9969
2724
1955
3050
6131
8375
4548
2823
2395
8674
892
7094
1640
7416
753
906
5053
5523
6730
7916
908
7692
1456
754
3635
5447
2455
7275
7735
8554
2663
9789
4895
6783
9711
1180
4952
2613
2315
7541
568
5228
3974
7870
3198
5152
3902
4453
3505
7993
7522
6738
196
5510
4781
6260
2032
2880
4263
6111
2253
3672
2016
4661
2882
9760
4009
9444
7406
8465
9171
6920
3454
9091
5550
5191
2571
511
5110
6336
875
7562
4607
1615
7760
1025
1269
8406
4299
5636
7730
6802
6514
7767
6183
6817
1989
6867
4755
596
7787
8092
3630
9685
5857
8546
8905
7269
6908
9027
9502
1742
5040
6519
9328
5042
6664
44
2230
9061
2539
805
6296
469
4806
8317
4749
519
4703
1315
8465
9285
972
4258
7947
2113
663
7351
3067
1044
4382
8845
2651
5106
1339
9288
7249
5258
2246
3153
5041
2827
7538
2513
1209
7613
3631
7081
6028
1689
9673
3917
7813
952
1578
4067
9799
1949
8572
4044
6395
255
1310
7894
8544
3180
4063
5579
7938
3956
8308
6599
6079
4280
8747
1207
9100
9506
8905
1580
7969
1924
8123
1461
9232
311
639
4422
7347
3553
6770
1282
5578
1815
3603
1003
5492
2749
3596
3652
657
4568
7431
8815
5833
4693
1852
1330
7721
3897
5539
5572
7375
5609
9573
2665
3592
2629
4369
4862
5481
9023
786
3480
817
4010
3726
3565
9514
8255
79
8854
2331
1442
5059
5392
5774
6295
6023
1060
5361
5342
238
9022
1293
1512
7663
1354
2507
7183
7203
24
6285
8029
4454
9201
5665
2541
3831
6995
3665
4679
947
5858
2421
3082
5982
9794
8905
4331
9579
9022
3567
2165
2785
8919
6771
668
7389
3403
9138
5003
2480
4146
3360
1490
9197
7844
4411
2026
3050
9150
4015
2583
8775
8408
2882
5291
1135
8442
1276
7775
945
7561
7622
6000
1983
9
242
7033
9499
4894
161
7938
8781
4315
3438
6586
110
1336
1147
5598
5305
7621
5697
679
6686
4523
1634
9857
3081
6806
6425
2390
7223
5329
8948
3965
9402
4542
4553
5602
4478
951
6035
3594
5475
8599
7635
6093
3053
3934
655
1224
6229
3083
1061
5801
3996
9075
5215
3770
5989
7956
4381
896
3396
8044
726
4296
1591
8331
8676
7478
9814
8145
3763
4050
5270
5036
5998
2766
92
4631
3169
5125
1866
4080
3846
7693
9539
1544
90
2310
3109
102
1313
4817
7799
5307
1660
7961
4546
2096
6347
2647
894
9076
705
6032
2500
5333
5969
7645
7566
1554
9593
5432
5653
4492
8572
8015
8801
2893
41
9416
6760
7160
8757
5923
3839
513
2962
1317
2953
101
9647
4471
7554
1987
9170
1467
7708
7753
8549
3590
8273
7511
1742
1090
7838
2578
7125
7809
8856
5709
401
4300
2982
8932
1821
8718
261
1531
494
8494
3456
6513
2580
6564
3329
6655
8499
9896
524
3928
9170
432
1819
585
305
4012
59
5000
235
1266
9800
9531
3750
2563
9494
3029
1616
2402
3837
2735
4757
1593
8456
9866
4715
8686
6321
739
7722
6569
3617
9496
1925
2759
2850
7465
3645
4415
9531
2119
2269
9776
1185
1671
3785
7222
3514
1345
3805
5595
5556
3203
6396
2159
9393
1644
1407
3951
947
5649
6794
1361
7565
5037
7009
8045
4829
5864
7612
7868
7805
1396
61
6366
4880
723
4699
4754
935
2177
1750
2746
9310
7203
9799
4981
6053
4537
8013
8920
2385
7121
427
4717
4829
6045
3354
6847
2918
2119
7347
4360
9862
8721
5855
29
6685
3316
1744
8721
4903
8145
4787
6220
5319
5793
4256
1896
2911
654
968
6184
8844
7572
166
496
4307
3652
6018
5982
2955
4137
1950
3434
6063
1336
6955
2312
4535
347
5542
531
1290
5610
4924
6264
5514
7079
5641
3777
9134
3777
3895
6765
4998
5505
4166
4535
9571
7088
8000
9762
9772
413
8034
5328
3018
4828
1908
4600
4619
4505
3766
8214
8536
1001
9830
9182
389
7581
5101
348
5316
4251
3893
7609
2934
9343
6165
9137
9666
5431
9631
9628
3140
7390
4494
5139
6081
553
1258
7597
9772
8740
3926
3360
460
861
1670
7795
3849
8354
3833
5749
8035
6862
9149
3031
7524
2769
4774
6869
87
4967
6943
8323
778
4202
7659
3702
926
8664
9457
7075
5123
9328
9622
2139
1588
3188
4706
9933
154
9670
1049
7196
7460
1926
6156
4233
5912
8097
7323
4080
2935
180
6436
9448
9006
8198
578
9644
7725
2276
6858
445
2896
9451
2917
6410
5633
9644
8106
5065
7410
4712
2502
7029
8097
4406
6443
9707
2294
8663
7522
8645
49
6879
8556
2724
4077
2596
8116
9020
1477
5680
1548
4089
9583
4558
6694
114
5624
2598
686
9619
1625
1428
44
6279
5899
1974
1205
9357
4870
7105
5047
3717
4862
3793
909
7750
3570
1674
5136
3071
5826
9266
4729
7700
2804
9419
142
4679
7569
4831
8337
1169
9761
129
6122
5246
5271
6418
3526
1249
2309
7384
9253
4934
722
7955
4064
1785
762
9226
8695
4187
6670
4087
8356
539
7875
7784
9542
5444
169
972
7392
1236
9787
9808
6901
1244
4746
2503
2205
6802
2159
780
8486
5334
2887
9663
3289
3344
9067
1556
9592
6119
2774
6393
571
2935
296
8224
5479
17
9532
8667
3427
8674
5919
7662
1806
1525
8860
3789
1127
6214
2975
58
5863
2573
4457
9793
7732
8068
6868
6919
4564
3643
2888
8721
7600
687
711
1195
828
9339
4522
2065
1678
2123
3180
5512
4409
9346
3181
2706
593
8330
5071
8990
7755
5703
9511
7585
6438
1375
6331
2961
2244
2090
6145
3622
8997
7811
9068
8947
2903
2815
688
127
3363
8289
1731
4365
3669
5353
4601
9263
4810
2300
3170
741
1341
5468
7729
3368
9928
2331
8111
3770
128
7382
526
2322
6273
1770
2261
2151
4683
3761
9257
3517
2604
7237
7736
533
2372
3609
6958
8926
7449
9590
2878
4937
4879
5148
7215
673
8314
9291
804
10
8919
1373
4584
8480
1470
9081
8000
5981
9144
7733
588
7960
6623
6005
5180
4658
5554
2333
2256
641
8310
4699
4521
5009
312
4968
4217
1789
4851
1372
8732
9226
7247
145
6132
1674
361
4903
2037
3238
615
712
8555
5691
9585
7000
3932
9337
5537
7656
9673
1591
8720
8632
2148
2527
8769
8479
7851
4750
5857
9676
9683
3385
5169
8839
1082
2162
2125
1278
425
4919
5794
7812
7832
4325
3963
709
3305
2183
7957
6370
3718
2731
8772
5598
8164
2976
3027
5787
1257
9990
8379
3953
5513
7005
5080
1226
1809
369
3787
2178
6708
53
7166
7256
8231
6318
9496
3808
813
2828
6427
5840
7574
502
1824
6185
1839
4425
9736
5858
5964
3464
7097
7304
568
6589
3300
9190
8331
7946
2795
1293
3342
7307
2267
9723
1922
5838
150
9002
1328
1800
4251
8203
4107
5178
9016
2158
4707
615
9774
8163
7835
3641
6932
1450
8126
690
6405
4631
9835
3660
9956
4108
9195
9071
9322
3114
9625
503
8164
3378
6700
1777
2169
4628
1234
4082
1347
5857
5569
9615
6445
7504
4520
5138
684
8047
6165
2186
1336
3402
9912
1705
8893
7690
4741
9870
3031
5531
5268
1826
3006
1762
7758
5345
4758
1737
9874
5575
9118
1850
6554
2084
4082
3587
7604
6834
5
4079
4636
9138
4394
5953
8848
752
8190
3883
3028
2729
986
4558
8627
7146
9356
2385
6629
7283
6540
942
6932
1623
3413
6344
2360
6071
9687
6785
6653
9222
7941
6538
5765
9874
9321
2707
3817
4620
6088
4867
9984
4608
7430
7683
9212
2649
1941
7424
4949
9525
5814
64
1382
6739
8287
703
3187
4794
7764
388
6285
268
2643
2530
7206
8809
3466
668
573
9862
8396
6409
3499
9550
1369
1326
4639
7069
2445
6582
1900
6697
9293
1242
9379
4623
4754
812
2824
9059
1161
125
2610
5820
7197
8543
9872
8617
5351
8417
9020
7305
3346
6439
310
5866
3263
5010
8467
4914
1298
9993
9768
5222
8907
6771
1810
5662
5755
1249
8584
6288
9096
160
7642
3410
6397
2903
1809
1343
2977
1586
2039
844
769
5382
6027
99
9465
1202
7325
8097
4554
2928
3023
311
4697
6130
7639
1153
3457
478
7857
9518
1023
9820
9385
2217
8346
2084
4859
1869
6543
1290
3361
9284
2299
5255
5193
6746
4573
385
1449
5058
9506
5260
5761
7215
3974
7403
5616
9463
2366
5498
3444
8481
8812
926
8220
1372
4332
2310
1006
3166
7270
3767
759
3721
484
6388
1253
5229
6071
6971
3212
1635
541
6679
2402
6414
6361
9415
1843
5085
6885
1756
698
4500
5781
1072
6730
3857
2932
8180
7989
5653
3004
5858
9595
9130
7379
9641
3717
9159
4530
6020
438
3771
2515
1305
3845
1478
9531
6295
8485
1723
6129
7187
5370
1909
712
3088
5632
3294
3812
7984
1031
328
758
3175
375
518
1221
9317
1132
7277
1444
2431
5156
5001
67
9810
2596
1669
9193
1004
5693
3397
7028
6999
8204
3008
4296
5458
8650
8083
2475
5018
600
5920
8803
9439
6435
1091
351
6714
4372
5401
8619
1496
9880
3461
7446
151
9566
5225
4568
1328
8484
6576
5551
4724
6550
3508
2999
1691
4540
9079
6192
5117
9821
6955
9928
3288
1410
9616
4360
3424
552
3811
1424
1392
4925
8063
3220
2108
6141
3015
5931
7782
3774
5946
2069
5686
8239
7896
433
7850
2792
8817
24
379
8902
7956
9919
3184
9406
7605
7456
2698
7119
6764
3361
9967
1586
937
6737
2786
8238
4511
7917
5869
4142
9357
8203
9178
6945
8894
8621
6305
7267
2976
1625
9993
6382
4938
6934
658
9648
274
9483
8566
9920
4461
2598
4883
101
7670
3811
8871
6407
2136
9257
273
6869
6920
31
7746
3220
2877
229
4468
3172
5661
1545
2809
4833
8479
242
9587
5943
3134
4513
7013
4251
5890
1273
7792
770
7757
508
8532
8803
3219
6305
2951
7474
2083
9144
30
7217
7200
7652
4152
6736
4158
7399
7789
4494
5175
6395
4062
364
7259
9966
3
8514
9652
9101
4118
7655
8271
1053
7643
4349
2002
9233
8060
1388
9868
7547
7519
8496
8945
9825
5452
7781
663
995
9266
5171
7517
9644
9516
2344
8520
7008
3553
3106
6075
3670
1594
7578
3469
8194
4945
6215
5432
2748
4172
4340
2000
1485
3757
3314
9603
1699
5102
5549
2881
4894
5921
1951
1311
5816
6676
8298
7559
5667
9962
5496
6297
5287
2576
3177
9611
6462
1597
6020
727
8861
5873
6321
4355
6364
7537
786
9446
4765
1769
887
6906
197
2596
9732
6159
832
309
9564
9379
9600
5209
6900
5316
5088
1361
6465
6987
726
5036
3586
5990
8206
6367
2683
2501
1706
1313
3343
3097
5639
236
9128
9005
8142
4273
861
4521
2692
5070
2447
1038
1004
3480
1884
703
2505
4024
6718
3269
1487
2557
8842
7483
9355
4199
2797
8561
5149
3113
8159
8585
8429
1865
8424
476
8301
5717
7463
9666
8056
5855
1137
7104
3585
2926
5102
8094
8371
8750
3603
7192
6585
3028
3961
3012
585
4648
8754
7380
5657
7166
3015
5285
2189
868
870
3738
2640
8328
2065
7776
7416
245
5808
7784
5651
1129
1927
8499
8154
3310
8314
1481
4953
8734
1397
7985
5676
3636
1400
1210
5094
5549
1613
918
1735
6145
139
198
463
9238
3895
4404
3364
572
2889
5525
9567
9090
8292
8972
4472
7256
3244
8102
4705
856
4222
9438
4181
4308
4596
6781
1702
1300
2543
9959
2260
7080
8253
8662
2054
8535
5438
8511
4276
3843
1114
2621
1805
5359
3769
7810
9178
5418
6885
6592
5086
8075
6985
9967
9541
5649
75
632
2878
3469
6533
8652
6995
3738
4337
4280
4014
2366
2467
7213
3693
2174
5451
7368
2995
4206
4378
2461
122
5981
6309
3084
3699
6591
9562
3382
4312
6542
5542
6794
8289
404
9501
770
1994
8558
7440
8044
4122
1026
3961
1158
1206
4512
1380
2086
6327
968
5039
7541
334
5985
6907
8900
5698
7697
2124
3679
7034
5738
8666
9479
3539
711
428
9751
3740
7808
6476
7498
3171
5333
2054
1155
4005
2918
9980
3020
8320
5480
2145
8782
4672
3029
4382
5596
2456
3966
4033
5573
9780
2507
2833
3245
1568
3481
685
9843
7586
4534
5507
7133
847
1693
6719
949
7034
8010
6675
6851
1712
1096
8445
4119
6646
6098
3067
1250
6601
4918
7299
9158
2783
8338
2767
9796
9271
6672
4530
8171
9538
2801
8870
5086
8165
8424
6046
1334
759
8736
5171
4788
9134
8037
566
6815
2345
9052
1021
6917
807
5330
2670
7582
6559
8866
5289
7292
4687
846
5759
8324
6209
7046
9646
2462
8183
3325
3949
8554
2431
5972
6753
1881
4431
4322
4018
4097
9033
8472
170
1838
9629
7565
592
7476
3192
6545
8658
3807
4594
5654
2777
3039
3309
1582
3746
8392
4866
5747
2890
1318
1102
3734
793
6796
4000
452
9333
594
319
8512
6112
3599
1597
3454
7109
2714
4527
566
4335
6159
8834
938
3983
1020
9307
3570
9143
3874
5070
4420
2635
8870
2273
7211
6705
3723
8895
1600
9135
3709
193
3092
9013
8809
3754
2417
507
409
5769
1141
9089
4274
4595
3747
5799
5038
9037
6905
7233
761
7741
246
3312
4390
9733
129
8602
4147
2899
8031
6282
6123
3328
2138
5045
8561
3857
4007
2078
6830
9933
7850
4983
527
4184
8394
8086
1934
9218
4755
2297
2479
4302
7807
3691
3582
6058
269
318
2436
4034
599
5561
9340
1684
8119
708
1191
7565
7395
7715
7488
2658
1232
8739
9848
6189
255
6420
8774
9645
3331
9704
3453
4704
524
8497
1214
1323
2180
8851
6806
5367
7825
6016
6676
3118
1502
934
3295
9743
3192
8539
7474
9641
220
7082
8779
3310
1263
8475
160
7737
4127
877
4097
4129
5509
3677
6221
1357
2706
9439
1319
2506
5196
3990
2564
8513
6299
8403
2705
677
9553
6867
1600
4370
1524
4603
7276
8960
7018
7427
3055
9317
3441
8584
7365
4749
6010
3160
6357
8426
785
2020
8492
658
2053
5362
9189
9445
5702
2716
496
7314
4895
8667
8522
2300
7431
7905
9871
6231
4887
1164
1345
5828
8978
2676
4726
7928
5316
3739
6527
4342
105
2867
8133
345
9715
7367
9852
1454
5737
6194
5884
7713
7793
865
6917
7377
6412
9212
6066
7339
5978
484
6937
802
5334
5018
542
2411
7344
1862
8818
5172
5154
3416
6761
6691
8984
5700
179
9232
4807
4383
9267
5976
139
8157
1246
4866
9241
2204
5218
9264
6795
8345
3172
8754
1715
1226
6022
7251
4435
24
2178
351
3467
1598
4981
3938
2729
964
8066
2778
7565
9631
2920
3720
3117
16
7242
962
4479
1467
7156
3600
541
7470
3513
7514
1286
2393
4212
3658
7360
8656
3819
5596
9245
9132
3564
5788
4834
1766
1322
9322
250
2174
4932
734
9360
2387
582
6162
9716
6874
9961
3597
2909
6951
7733
2192
6672
56
2521
1702
4015
3225
2881
7452
712
558
5552
7258
5413
5708
840
4063
4166
4901
8766
3966
7047
6597
8221
4783
2025
8548
1025
4496
879
5390
4299
9377
9802
3608
8732
751
1426
1774
7102
4904
9649
343
7618
9654
4057
1046
9759
9290
2695
2585
136
8306
7808
5196
5139
7115
4420
3387
1834
6893
9853
5085
7715
967
2922
5487
6301
8775
5349
5414
5088
3014
5250
4528
9613
9720
5773
4633
257
2539
6914
1881
5901
7929
1956
8624
7209
5851
4996
4241
9567
7001
4948
2341
3169
4216
4797
2505
9955
5419
5309
1736
1019
6979
2559
7363
2056
1181
227
8745
1476
72
3832
2391
1090
9323
2602
9053
2993
8811
2853
8436
1422
6696
1066
2407
9066
7669
6994
2910
3281
5149
4434
461
8120
4198
1279
9126
2876
6436
3230
308
4553
6347
463
9170
878
54
2245
7720
8950
9719
6410
5477
337
407
6234
8453
6113
2991
1867
148
3954
8753
5601
8742
9067
7099
7182
3158
9779
9107
5604
3894
1657
2480
9784
1639
9113
7360
4969
2236
1957
4450
3986
641
7239
2503
5890
4184
6739
6839
7891
6778
6715
7754
7571
8317
8191
2494
3275
9143
7130
1675
2791
2077
250
8254
8058
4252
6674
4960
5418
7460
7194
6808
5115
367
2597
4537
1376
4521
5921
3915
5952
9529
6596
2808
3346
7772
1703
2682
5104
5861
9483
3331
6322
5634
1849
3077
2838
9536
2533
320
2813
2720
1627
7490
1720
6691
5861
1801
4953
1149
3582
3899
7808
6070
5473
7740
2141
1899
6209
8835
2699
4734
2362
5950
7233
1173
198
6455
7208
7584
436
4197
7484
3343
5005
6282
9650
1753
3371
3711
2689
9586
1525
4848
5601
8975
7341
6204
8829
9444
7502
7804
5938
2873
7403
1673
1690
815
1416
3733
8794
831
1075
2590
1546
8413
3596
5576
4759
4497
5763
3317
4833
6006
7393
5811
3883
5761
4552
1277
5875
8285
9302
2469
7126
7797
8577
2098
9177
3755
7505
623
6185
206
4727
228
2650
7856
1284
5358
1920
7855
4359
7703
5667
2650
1852
5217
6716
3836
5439
5149
8343
235
1350
844
7013
9723
9233
291
4695
5185
9128
6962
183
6411
6786
2525
5271
6914
6059
9530
1995
7169
8695
7147
5184
3700
321
3735
1190
2256
6819
1859
5665
7760
4546
7646
9578
8885
2611
4943
768
8338
7002
560
9388
6327
3190
3900
7630
9346
4655
3947
3087
2090
1204
2298
7413
3369
7426
8794
5003
2235
5052
3587
2556
4710
4686
2607
7343
7077
7224
8379
2427
2403
6776
3451
5730
9624
5655
6137
7532
79
122
9403
6854
2361
8243
2510
7809
2315
3084
3817
8599
8022
7183
3299
5846
9820
9195
8792
2097
4712
4913
1830
3562
3476
3641
7415
6790
3204
7193
463
7993
3728
6503
3467
4123
2273
386
452
505
9864
4737
122
4073
1922
1829
5125
3564
3196
2797
626
2042
1914
3795
367
8615
709
4540
32
979
9000
2255
7607
9289
2030
5614
9959
8947
214
8707
4824
5101
3611
2374
8328
9527
6099
8442
706
67
2799
2285
665
7604
6698
8234
8782
4062
6270
6162
7819
9662
4504
3507
1684
5401
9984
6064
4994
6517
4091
9665
5337
7473
6350
9228
2518
1240
7375
2667
6321
834
7901
9266
5467
9613
6762
8820
1974
353
4525
6162
5223
6477
3020
2725
306
6475
2738
6945
6375
1819
2850
4829
5565
7951
8500
3249
4814
6339
4610
4572
341
9607
395
577
9983
8272
4678
2920
5740
850
3491
5873
5486
9377
5155
6610
1095
7489
1439
3579
151
7640
7326
2133
8638
8776
6544
3266
2379
9776
5113
6070
3923
4649
5410
5888
9809
8096
5839
145
8582
1288
3560
8709
2119
1278
7655
8230
4026
4223
9979
3432
9767
6650
7607
548
1134
1448
4751
1231
5783
5899
6175
6338
5247
2148
9905
498
389
7394
3195
5918
4278
1361
7212
8134
7574
7420
1564
5276
9702
5928
8079
7848
1407
3955
9698
6448
8707
6083
8800
5124
4484
2772
4516
5779
9203
8267
3211
570
6694
4323
5729
697
8916
9302
7699
2653
9337
9619
1176
5971
6582
1130
2589
9555
9446
6270
4160
4787
4139
5062
7550
9163
5151
3675
2497
274
112
9529
5182
5299
4400
5939
1056
6273
5156
97
5995
7443
5505
2684
2282
4890
5554
2793
4681
5246
485
7179
8783
3688
6992
7708
6002
7209
408
9920
6125
3991
1091
2846
6235
4529
9963
1798
9179
8000
9945
7363
3523
740
8802
2994
2705
1684
4240
8880
1483
9562
9919
7315
7675
7715
3682
6637
9905
4612
1901
8483
4022
1517
5100
3883
6057
4284
3777
492
9840
5375
4312
3491
4852
7571
2095
2326
5881
544
7657
7788
6737
4268
3833
7240
9062
6112
8466
1299
4925
2666
2215
6458
380
7805
9293
1186
2506
3176
9598
2047
8472
2174
269
8765
3882
3810
9061
2289
2994
2692
2483
9136
1151
742
2119
1623
8780
8606
396
9782
1076
975
9315
9540
6535
5189
1877
2070
2293
1515
7462
9854
4321
66
8610
8426
4113
5936
7283
6247
5679
6440
7539
3495
2012
7624
2576
4129
3717
5022
7747
1446
5747
8630
6985
3901
6860
7757
4937
4203
9608
3473
5517
1971
1416
8127
7463
1820
7867
3080
863
3593
6785
693
6723
8799
5057
1999
2827
7464
9222
2933
9234
4131
225
9697
9796
1278
520
9745
8008
6657
9799
6489
3346
6320
9154
2940
967
7306
640
1470
8402
4516
3338
4958
2354
7756
7202
3443
8616
6238
1435
9853
9428
3868
3011
9494
8167
7039
3165
9213
4269
5041
8451
1508
9693
3797
5855
8672
1207
3017
662
1488
2152
57
1428
451
6792
1835
3668
7907
6757
3749
2797
6613
885
8436
4278
6824
3938
5535
8990
7332
9341
6517
6390
7464
4609
262
3520
9242
7769
3089
6330
1694
4569
6186
9687
8518
6216
5586
6918
9614
1686
2209
583
8311
8769
4445
3006
6101
2660
4642
3708
9581
9416
6861
5442
2560
639
5126
7292
4697
5426
5117
5865
9496
6743
7490
2709
3209
8676
7757
3469
7719
5704
2007
7961
9664
7312
5721
3900
3502
3239
4606
3498
9043
4312
3483
3810
4418
9904
2118
1728
7400
9415
7963
7330
7207
1963
4640
5695
8043
8187
9099
322
6638
1996
5588
306
3621
373
880
5886
8529
3847
2081
9989
5081
9102
1176
1601
6130
87
1901
5653
5843
8051
7065
1200
5279
3512
723
4132
8901
516
7180
7374
10
5702
2016
9954
9783
578
8954
2775
7403
8869
2397
3976
4832
3290
7220
9916
3654
1892
9492
1671
8450
4151
5146
8161
4092
4727
8499
4470
3128
516
6116
182
7490
7280
5044
2536
6486
336
1374
457
8689
7402
642
5655
9466
8238
6550
1256
8069
4474
7578
3264
1235
7558
3574
1267
2562
523
7521
3189
5580
8518
6143
1305
1328
5169
394
6790
148
972
2357
4414
1028
2215
8434
516
5131
7119
3622
2747
7731
759
660
5214
2556
9575
4007
2859
2457
7151
7732
2934
7018
2252
3477
7296
8329
7479
618
4744
377
9577
2594
8378
5198
8771
7350
3597
2797
8547
3960
9601
6113
1471
1011
3242
7370
5484
6884
1259
1421
4203
5049
4237
6924
7695
5536
1234
3865
4243
2827
7368
1898
2510
8481
4230
3208
9991
7785
7750
6864
2427
7455
5238
5327
4664
4802
468
280
1971
9670
1202
535
8481
4141
2515
8355
8097
9991
9310
4332
8067
6529
71
3379
1597
89
5100
6068
1530
4717
7644
9805
5112
1366
3600
994
1398
8127
5347
1287
1719
2785
4873
7182
3803
6325
5362
7086
5288
4393
8021
4969
9057
1357
4467
1728
244
5678
2475
3601
1699
5851
8038
6862
3729
8168
926
3909
2752
9632
7277
4807
8444
8472
5837
7047
2854
3025
9646
6369
9788
4021
1701
3837
2519
2801
5253
981
4932
4640
4859
4141
6085
7304
2167
4760
9937
1907
8023
4867
1133
9184
5421
4611
4715
1137
9940
9837
6795
2788
1908
3909
2870
2272
3827
7702
2833
3850
821
5495
2548
1924
1975
1578
1254
1692
543
7733
4924
7038
1133
5217
2646
4236
5933
4097
6246
8311
1812
5
2693
9557
7026
166
4450
336
6978
2579
8925
2573
9198
5380
3040
1967
9136
3598
6114
5267
1997
756
9264
5731
2595
1130
1246
8454
5659
3568
9388
8445
693
752
3641
4333
6288
2794
4061
7547
1069
3385
6561
9766
4665
2383
7941
1536
8783
3595
8216
8058
1294
9082
9400
3946
1951
7771
8826
9831
9978
5937
3471
5365
9076
6167
526
2684
4744
7858
7540
401
6209
8980
2759
3677
8137
963
8235
6746
2891
3807
4673
5528
4870
5397
5581
5318
9207
4013
6928
4195
6038
6188
3095
6048
6922
1932
2647
8995
9534
6556
809
7923
6251
1442
1215
9080
5899
2112
4186
1869
6157
628
9581
1502
4797
2151
4463
8655
9054
3043
7487
4470
9865
1333
8856
9951
6008
9243
6313
3346
1008
4847
8349
3236
1587
7864
5265
9958
7013
9141
1372
4083
4868
5638
2185
9081
2536
5874
6029
9884
8155
9058
7005
2536
7918
3122
2205
7510
6705
2546
7212
1336
4404
1099
9791
3309
5115
5559
4950
7486
984
960
9123
8232
5404
6771
6321
3893
1637
3356
3026
7571
4707
5800
5399
473
8481
1788
2163
3837
2448
4256
4134
2134
5079
5979
740
4610
3018
7774
2081
981
9463
3425
9777
2139
1560
2589
7107
1763
3192
1037
7795
8418
5780
3094
1022
8572
9556
8554
6437
2443
7111
9757
1343
8961
885
5034
4926
4071
3652
6558
7913
7861
3367
7461
3467
8379
4164
7664
4060
7207
2953
4447
1615
133
436
9455
6279
2942
8397
9962
7289
1370
1336
3281
6625
222
6442
7517
8511
1883
1563
3859
298
4675
2145
8826
4761
2140
108
3926
4933
8816
1392
2253
2664
5263
1860
4732
6093
4481
7098
5536
9186
3039
7293
3848
9970
5223
5635
6910
792
6710
6890
4827
8846
492
6120
6983
2698
169
6028
4373
3816
5447
9399
799
5469
6791
3993
8069
4753
756
9815
3963
7500
9148
5931
459
219
3435
3394
6775
1607
9947
2497
4187
7841
5430
9140
100
274
2307
5384
5319
3965
7380
4068
3741
5081
2281
2473
5394
1834
115
1220
8235
5379
3238
1359
8977
4553
8704
93
1206
5240
7210
1770
3661
1482
9296
7530
2700
742
9742
9500
4130
1367
8912
896
6380
4397
4057
8931
6510
8403
2959
3522
4231
3010
3140
9188
3294
163
1566
5572
6276
1486
5370
670
7679
3568
6328
1360
34
9365
6142
8308
790
2750
5222
4138
6936
6673
7848
8263
419
4189
7777
8915
5522
6880
2722
2825
667
8762
9102
3031
4935
9328
8525
7880
7914
4816
1171
6645
3324
1227
3308
1234
9743
8892
8470
1726
2955
8138
7316
6778
7795
6019
9428
4176
2803
1376
5606
2540
1918
5651
3148
4305
2244
6278
1407
7828
459
8596
6288
9594
153
2767
2360
240
4288
2568
2249
840
2328
6168
9106
8823
6166
9137
777
1018
3861
6506
6090
5513
9152
3924
9498
6803
8729
1318
3291
7646
7875
1457
1945
5094
7027
4522
8757
8839
8230
7170
6666
6559
6439
7150
7041
1280
6009
345
7977
3585
6310
317
7161
5851
5502
2150
1007
6617
9038
5991
595
5917
7963
2578
5739
7859
6154
8035
9632
4643
6073
7554
1809
2521
4981
2147
9877
1485
5425
1449
8227
9213
914
4894
2998
94
9950
19
5421
8681
6147
6048
5609
8771
8528
7411
2241
188
9491
8486
7520
850
8609
4910
9773
2254
6611
7583
386
2078
4361
6327
7455
9944
4465
504
1229
6922
1243
4060
6887
725
5861
5674
4136
5520
8019
8727
3387
853
7226
9775
3975
698
9273
642
9924
4190
6014
5115
7242
1925
4887
7815
573
7122
5941
3239
5840
9745
8198
40
1531
4336
8948
6963
8763
1450
8588
1861
594
7266
90
8749
1856
8170
9680
6724
2910
1166
4666
8830
4817
1628
5627
7941
2531
7949
9682
6486
7223
4249
1288
8638
5652
2951
558
8837
9653
8590
9599
212
7516
1706
403
7414
3025
757
2814
8661
419
4438
823
5379
1388
1755
8602
6886
5702
8240
734
9811
2157
7124
8421
8585
9732
5142
4287
7227
1847
402
3481
6362
56
6707
3088
5674
4430
1734
1810
8074
243
705
164
4569
4282
280
620
5016
9572
997
9232
1937
4974
8664
1779
37
8123
5029
6171
4348
766
4689
9887
5668
4255
2840
6431
5525
7238
5637
4990
3985
2240
5266
6619
152
7559
8759
433
8339
78
4198
80
2377
9642
3669
4899
4251
8955
7195
8044
7191
450
6897
3616
5621
6480
4237
1153
4471
4167
2575
1439
763
3264
8108
8619
779
4428
1994
2300
1364
4066
2383
6565
9355
339
932
2510
6368
9356
2788
5320
3898
2908
5930
8919
7601
6617
5747
6032
699
4531
8323
248
8317
9519
8061
375
3194
9928
1493
1204
6216
3326
4355
230
5660
580
8614
7482
7175
2571
8634
7437
6288
4967
125
7804
5774
2854
5624
3743
1837
1028
2873
4905
394
7570
1717
4612
8720
8639
1154
3146
6181
6631
7291
4618
1555
8530
654
5136
6252
1915
2254
6151
5183
1022
4980
4026
4486
5793
4711
6422
2706
2311
9328
3073
3072
2424
4040
858
5471
9634
1629
4206
6204
920
9824
8436
7484
4379
481
4513
4407
6081
3275
7693
7609
3147
4433
1595
2344
153
9975
30
5642
777
4735
2704
8868
4604
5199
3326
1144
8772
4727
7574
1932
7330
9410
8410
3459
2306
1232
1254
8363
3354
8864
3390
5805
7486
2048
6227
2969
1319
9739
8195
4524
5589
1041
2156
1056
8018
2228
7353
1778
8467
4759
9060
2416
3294
6001
3045
4901
6045
4901
212
7567
3019
4274
9662
2731
282
7848
9115
5077
3390
5474
6185
1088
8553
832
8363
7303
9411
2713
2759
4938
9466
6965
6231
1567
1044
7707
9905
6686
2461
9802
9392
7548
2296
9171
608
6652
7023
1742
6146
3758
354
2595
1173
9663
7739
2815
938
9764
5624
8087
4777
9016
6884
6516
1591
6450
6817
8044
757
7717
5851
3545
5013
2233
9137
878
2942
6913
1417
9213
466
6133
7172
8490
1350
2407
8750
2222
8365
7900
1904
4373
6251
1266
6769
4472
7968
8654
7173
9482
1966
181
9705
9728
4847
5182
1128
9620
2748
4164
6841
59
7736
6350
3645
1537
8026
4481
9682
2466
2242
1767
5370
6530
1322
9153
3802
935
8101
4034
8758
6404
5310
7851
4902
4196
818
8450
5891
312
5918
8932
2880
1007
5591
7722
6891
9714
3254
8949
7851
863
6418
5266
3540
8356
2224
5202
3711
2216
6724
2537
4795
5722
2758
7339
8690
8787
8743
8259
6319
8509
4517
1565
2511
7186
1674
8114
4861
9666
4920
4860
3406
2988
1076
605
6191
3802
952
9906
9786
3118
113
6581
3604
7414
1167
9907
4342
8417
5967
3015
980
7157
5994
4329
3690
7636
9637
1828
6232
2987
1133
5410
4388
5023
7893
8120
8869
5600
572
9466
7771
5406
4532
5661
5058
8538
4171
2104
3959
1006
8362
5008
8994
1896
4745
5734
476
3976
7688
9979
4727
5802
6670
4054
445
114
7361
5080
8348
6604
5061
4603
2941
3238
7373
7397
1443
1739
6440
4778
6173
6847
6712
6900
1261
494
3775
9197
2931
1444
4878
6279
3119
2301
4508
516
3359
7479
9342
7998
2714
8029
8003
1912
7566
9485
2161
8252
7262
9652
3101
2635
7930
5958
3023
7881
3581
7396
2580
521
313
304
9698
6941
1262
807
9640
3011
8111
8034
9453
1296
4374
1553
8264
8005
111
3491
5981
2753
9102
7965
797
5060
8968
9686
1101
8712
2304
1988
951
1642
3006
545
1822
8221
6355
8969
1443
1742
9765
3474
4555
3800
6003
9822
8283
1020
9601
5728
5592
3651
1557
9131
3641
6502
3590
5506
6242
6244
7466
7841
9456
7323
1916
8328
4313
726
5693
9321
5700
656
6910
2167
1375
3193
9266
339
507
8094
5002
1373
8871
4773
1795
2092
8173
4728
9481
1035
7942
7746
4798
8651
6310
5871
1747
8456
756
1059
3522
5801
4919
3858
7614
4138
7919
9720
7846
9573
8035
9799
1723
6709
1295
9620
5228
1570
8389
9719
5601
7289
5160
2525
653
3365
332
4699
8994
487
3521
8366
294
3257
1809
9637
6871
3780
8659
7897
9572
7468
1344
365
1624
2331
2546
467
9253
2171
6180
9360
9581
6077
3474
175
9247
4570
658
4435
1727
9271
2361
2376
9428
512
776
5743
9308
6151
1510
8739
8168
8396
1630
4586
8378
320
3064
6250
5965
6932
8488
7911
4171
2448
5671
3373
9205
6758
5321
2823
7324
170
6217
9315
6901
7382
8297
9856
8171
9947
6163
9262
2007
13
6236
4429
8089
66
4639
3032
2490
3440
3753
4889
558
3614
9048
6491
6853
1841
7943
886
3237
1481
5232
836
7063
3892
3376
5052
8801
9672
8568
1517
9358
3934
6352
1263
8258
3323
7957
6792
8861
6037
6890
2581
6827
8753
9631
5183
2160
9850
2744
5592
960
8676
2980
7638
1017
903
6180
602
6472
7408
1237
1836
9536
939
9365
3331
674
864
7665
5036
3682
434
1368
9364
2345
4905
2076
761
6703
9901
3009
5929
2715
4326
3224
9196
7106
1591
4730
3071
8741
2368
6307
2633
4902
5157
348
5079
4992
1352
4812
5119
6928
859
6440
1179
4277
1075
4414
1139
1564
2162
5075
5337
8128
4536
4473
1526
3682
5976
902
7545
7024
6818
9014
860
3673
7354
5780
2804
4859
7725
6662
3505
4058
1050
4940
1261
9779
9122
5576
4116
1882
3359
3768
8493
5826
3827
1589
3369
8043
6482
5722
866
7065
1634
9564
6293
4722
490
9925
295
7550
2390
7613
2405
2559
6780
2435
5815
5883
8063
3242
9317
7079
2519
1565
9839
1673
9082
8213
7295
2427
7737
3047
8382
1099
941
8261
2648
8123
1110
6920
2254
9372
5434
2536
3082
7623
5376
3027
9118
8007
6719
4585
8192
7542
2309
874
8409
7482
3345
6803
3805
2283
5247
2393
5987
37
3279
4200
1835
7193
3175
4980
8263
930
2379
9256
5543
8997
3043
7410
5344
8760
926
7250
4904
2313
4322
9786
2340
9935
3092
3593
6428
5475
4892
7258
2402
5081
2846
1101
2685
7536
1144
8001
8957
1334
1644
2906
1876
9446
6827
7912
8841
1567
5794
6995
2735
879
7465
2549
3654
6040
8817
3001
7759
2250
1677
9593
3238
3769
7254
7373
4276
3317
3825
2063
9266
8423
8953
8934
2708
9802
7714
7711
7053
3841
60
2440
8662
6718
5961
3798
7932
3649
1393
3892
6666
6561
7390
2417
6508
3551
2046
3176
1403
4054
4705
8457
1353
1613
8172
3969
6344
9898
2314
4091
48
6720
6130
3080
2489
6145
9935
5614
9858
1136
8447
5030
4903
6008
8062
7053
1773
4302
7092
5090
7435
9266
5725
862
1126
5392
584
2628
4647
7216
2498
8705
2956
3864
4285
719
4740
5906
7866
4683
5036
1151
5066
954
8492
6026
2490
8627
791
4303
6193
5632
4006
1337
8083
4901
9678
7381
924
538
6077
2691
8842
5170
6815
4668
6839
3805
5792
8033
8195
5520
68
6384
7526
3271
5952
6120
9213
156
5394
7729
938
7800
5422
4009
3079
9673
7714
8592
2226
451
1090
3368
1139
1959
1084
8282
9977
1564
8453
9784
7199
9168
7026
388
3709
142
4944
9464
620
635
5314
8310
3812
2093
6116
6252
3746
6475
5150
8580
4524
763
6246
2971
2319
6655
2964
2450
3760
9122
1060
8014
4461
7910
5107
4685
8786
3017
625
9135
4037
5753
3583
8309
5141
4382
1314
2787
122
6229
9630
4616
8046
2411
9768
932
5749
2968
2990
4618
6790
1683
9526
1777
2692
1127
6941
7102
3805
7139
8942
5481
9267
4888
2785
8590
9130
7563
2579
4422
220
4435
8284
7237
7979
6540
4571
1502
7081
249
2595
5283
7993
7344
2630
1637
1254
3724
5164
7018
2724
1760
9295
5106
6315
6039
803
5422
319
4533
8792
2842
2733
4680
6068
5573
737
2098
8628
9198
8243
2171
3917
4297
8163
1521
726
2191
7123
3548
7768
3234
8540
6622
6052
1424
354
1270
153
4319
1695
2251
7659
3132
6742
1640
382
9124
679
9319
8635
7734
9937
6219
7126
9316
4579
5469
6325
9537
3104
3078
6559
7410
618
1946
7590
4281
1780
7257
5225
9038
8608
7522
331
2486
9078
5042
4438
3914
2161
4608
725
9348
6285
2921
8815
2178
7174
8359
45
3030
793
8454
4798
4713
8892
6943
7179
6887
2633
3215
4736
6821
9050
7367
2049
965
38
6352
7590
6894
7106
1291
6446
7516
2718
1776
9454
6531
6456
2840
9784
1410
4083
624
6966
3037
8212
8353
2757
462
9451
950
1994
8229
2953
8713
3928
6461
429
2849
2265
3311
4954
6797
8511
5014
5095
9366
9470
1500
7292
344
2869
7006
9190
4829
2437
2811
3140
5462
9079
8750
1687
6043
995
4072
4932
1819
5684
9555
1534
1312
4106
1782
7884
2155
6921
1823
8778
8476
9698
2976
1555
3239
9569
1940
2486
879
4411
9924
3144
2706
4085
1582
7025
1320
6562
9920
4092
6918
9771
3248
6904
9584
1454
4961
2400
7988
2399
1939
757
9063
6309
3436
1303
6047
6844
2795
2744
9727
2111
3725
6441
5909
8999
4869
1098
8147
6925
7038
8836
3513
60
4656
3770
7450
5216
2909
997
9239
2340
1508
6546
4660
93
4292
1903
3764
3263
7461
6926
6337
3420
7559
5258
9608
3127
617
3891
2718
2351
3070
3778
7118
7292
1613
5967
5893
5083
7697
6163
7459
6874
9879
2023
7056
2207
7314
2844
5331
9699
7578
9379
832
1924
2894
9149
1600
9334
6705
1355
5505
1035
2225
2610
1172
9824
4721
6211
7485
8326
1933
949
4019
992
6729
5756
8253
4158
4549
8801
3826
5391
2040
6611
500
5172
347
3081
6909
4757
5147
772
5992
8535
4505
6273
2410
585
8939
7123
3037
5276
7912
3753
881
3787
1598
1034
1610
9559
9286
1932
3353
6414
1269
1829
2958
915
2274
2437
9828
5154
287
177
1705
2690
7681
5315
1804
344
5703
5933
7787
8707
2172
7228
676
7470
2205
9528
4161
5232
9752
6711
249
8301
5721
9515
2407
5602
5349
1942
6583
8134
1837
9006
6873
5906
7051
3017
6685
3787
443
9272
6359
9871
5083
5855
8686
1620
6298
5315
5957
8621
5594
2949
5149
8087
2457
8880
9346
3204
7317
1508
3790
613
963
7778
3130
6961
7123
7103
9408
9183
514
8093
5742
6163
7947
7619
1939
2299
1286
6876
4853
8703
5364
1219
8666
9399
8586
9423
6779
1050
3088
4734
3313
851
2154
3359
6775
6376
236
433
7285
6400
7177
6898
6986
6024
3951
7712
7462
4136
8556
8735
8359
9067
995
9670
589
2222
3201
2162
3044
973
76
4596
3725
6454
6568
9856
2729
9570
7639
7907
5718
7694
1290
544
8606
5615
6404
4448
6050
4518
3093
4722
8593
26
4094
7063
9748
2779
5954
2307
9914
5597
7761
4951
2412
9456
619
5451
2561
2686
7279
7024
4633
3741
9793
3973
8483
6974
8218
132
156
5887
5458
7348
6118
2568
1882
3258
354
123
441
3966
6027
9337
7768
4246
6759
9943
3286
1013
5205
5300
9344
7750
3673
6523
2022
4344
1474
3071
52
7820
2399
684
6312
4596
3790
562
5779
7898
5996
3771
5855
3283
7595
4631
7873
65
3727
5121
6947
6837
4197
9208
8434
4888
6360
9075
5273
44
1166
3988
3232
1915
2979
852
8185
212
5751
9956
5194
6134
7189
4546
965
5345
4283
8053
8330
8736
8987
9899
1498
3437
260
8916
5175
7444
5088
1563
4108
8537
591
3229
2395
9184
9297
3785
5619
2251
8086
9598
3391
1836
999
531
7136
5361
9980
2555
950
4600
2534
2837
6842
2504
5210
6259
7336
5635
9842
6062
4130
2482
6734
7200
3678
7815
5201
6989
2718
5414
3564
8688
4375
3680
5187
1488
9087
2481
1183
4982
6170
1109
8809
4181
2602
8420
7512
3318
7422
1310
441
7170
2478
7982
4410
184
8649
438
9208
7186
9548
1101
5526
226
9645
4163
86
7168
2218
2927
5714
6589
454
7463
4040
5840
7193
4323
3639
1218
5864
7786
6885
1372
6035
3424
9579
6288
76
7092
7637
3807
2297
8605
4833
6507
2153
977
8103
2237
615
429
6887
6859
8514
8484
6914
7907
453
9970
9598
8183
3784
1566
9353
1722
3889
2682
7674
5799
57
7349
5319
5870
210
2439
8997
8679
5488
5414
4965
448
2500
4736
445
4927
167
1037
5745
8408
9051
9706
6060
8877
9041
7638
7190
6651
4781
5566
131
5097
5500
7209
6547
6903
2403
742
4479
7934
1903
8125
3011
2515
6041
7322
1994
1504
3485
5774
4396
4508
690
5404
6354
2327
4094
4578
2765
4183
6534
6622
532
6251
3713
5299
2792
843
8147
9113
3044
2838
4374
1295
3637
5738
3601
5448
5297
4160
8682
1066
3766
2436
5070
9302
3399
4391
4699
3347
5546
3024
8607
7083
1331
772
6881
1338
1899
7928
9776
2116
2575
2094
2153
7245
4733
4824
4277
9796
4573
4982
364
1775
5974
1186
5144
2752
6176
6250
819
3930
8195
8620
4166
3710
6526
5791
4563
2565
2866
1285
7732
7790
8439
255
5522
5403
3211
7798
617
3682
9613
351
4631
7816
1512
527
6393
7426
6344
52
7847
991
8321
6958
9412
5240
7788
5549
3120
5895
4708
9806
1329
7206
255
9431
5640
5141
3946
3814
1582
5620
9167
4881
6635
2678
7408
9930
7364
6314
2531
8771
7342
5265
3255
478
6418
550
2486
1564
6367
2670
4649
7379
3824
2091
2136
7771
9949
3813
7731
8310
8724
9880
8997
5347
2972
6876
3221
5472
3628
7338
6393
2657
7336
3794
7140
7146
6732
550
3928
1333
4416
895
3308
1322
4430
5570
4278
1389
8384
527
1053
3797
9873
3690
9647
4000
0
4893
6492
7023
6119
1340
2475
8597
3166
4181
7430
8845
7171
2370
8229
3014
9703
523
8024
2757
4943
4808
6903
5294
5715
2700
6842
2219
5498
2120
1543
5356
7909
7953
3868
5886
8316
189
7062
2674
179
616
5617
8956
3477
224
2448
1368
6858
5225
2878
6702
7734
7503
4951
8206
3043
6806
1801
5233
8465
1108
8821
9681
76
7614
7035
7514
740
5336
4236
393
6308
9826
4056
1915
36
4255
5063
9608
6427
9078
3285
7014
9229
5803
3141
229
8392
4838
7494
2897
2494
1
9348
4018
6916
4834
2580
8219
3108
5321
4692
4727
5430
9846
6435
6643
3289
4635
5955
617
3740
5822
4953
6940
7643
696
6504
6639
308
8033
6390
2430
7915
3146
7983
671
6777
5319
7464
41
4753
9429
626
228
3209
9754
2783
2685
9921
8345
4998
5814
5290
8050
2240
411
3115
1095
5704
9392
1217
5711
5019
8443
164
6623
7702
5533
275
4991
8968
9036
608
1664
5115
6681
4824
8716
4526
1024
9457
1339
6986
9023
6182
3648
6618
3923
19
4175
3129
8060
1985
8451
2315
5315
284
3589
3499
268
2289
6877
7073
982
6859
7041
7958
3202
3063
3413
4937
5659
4389
9651
2985
3963
6252
2399
7091
8085
3552
2166
8840
3321
3268
9908
5537
8436
9111
8830
9271
6094
3641
3159
4521
7945
9675
6672
2865
8657
5721
3969
9108
2668
3917
4408
4850
4911
7221
3419
9884
4575
3392
6961
9877
8791
5358
8294
8038
4330
8169
7134
2209
1099
4460
3821
2865
3707
3451
3573
2754
5260
4637
8872
3733
631
8371
3371
6675
7860
4878
6085
1644
5291
3988
653
3150
1631
7482
5012
2846
9480
9811
8757
454
837
326
4217
9929
5390
4297
4174
3987
932
4145
2991
1372
8290
8193
5128
4009
583
9196
272
6222
3170
6080
4056
5958
3527
1628
9618
7673
5640
6720
6051
1880
1789
5812
2732
4538
5707
4326
7550
6995
3983
649
702
7687
9864
9318
9248
7567
1447
4215
9294
2998
7711
2825
7924
254
9495
8516
8050
5027
3346
8549
9464
2168
917
256
8187
8336
7576
567
7166
6113
8332
4910
2125
5426
6802
5264
8751
8953
8980
5946
201
314
5298
6710
2014
2749
4114
4994
4359
8816
4953
551
3382
7
6858
3376
655
4542
7349
7746
1136
1333
1168
1710
2693
4233
5749
1356
5966
4642
8983
361
6360
3000
2450
1588
3908
7492
5003
9726
2762
1846
2267
784
656
5768
769
6760
795
5640
1110
746
9151
7032
8094
5448
1854
6420
7136
2915
8948
9095
5284
6670
7628
9325
7123
1545
1395
3622
7518
2563
2601
506
6214
343
8136
1788
8268
5096
3935
4388
3086
3104
7217
6481
4633
3146
2623
5668
920
5291
9784
8333
2685
2477
568
3635
6912
5363
5447
8392
6093
547
7312
5219
9026
8713
8976
4753
222
7927
4410
199
3259
4620
2650
5305
288
4888
9552
5273
5743
3115
9329
3596
2290
1961
3392
5560
7051
8036
1255
3540
2702
5616
9574
8711
2495
7686
403
6330
9954
7985
4378
6665
1731
82
540
1290
3913
1818
5847
264
5524
9195
2665
8775
4142
5573
5976
1431
4068
9963
483
6978
361
43
5663
9183
4254
4278
1726
7037
3185
7551
6496
308
622
3062
8722
7015
7818
8469
5790
1260
4524
1243
8468
3673
2631
4819
1827
3204
9079
6478
5801
7335
2379
3045
3161
4788
4348
3821
7529
7130
4057
6367
3131
3867
3835
5887
2054
8236
2897
4224
7637
686
2442
491
2063
2417
1205
8082
9564
7338
7699
2738
8681
7736
3126
1473
9461
5173
9304
2478
4187
2936
2741
9104
1838
1349
4218
2963
5759
1670
6383
6903
7950
4316
8745
9864
6356
7225
7908
7824
3712
9598
731
2791
3982
2084
1426
3712
6550
3762
2382
1708
9135
5774
862
7232
9316
5866
7227
9923
6760
4524
9012
692
5645
9098
6344
5150
7847
1451
6394
4376
4882
4009
3841
8600
8587
2209
9399
894
6516
7414
5479
6036
1889
8871
76
2000
3583
8890
6446
4990
2001
3156
7605
9728
3550
503
145
213
9184
8041
1066
3280
2156
4941
2103
7837
2850
205
7801
9241
6634
5516
2996
4776
7196
1959
8865
7868
5332
2376
1595
7989
5608
3760
1284
5393
4824
8300
2657
5160
8324
3054
7041
3432
7704
7830
9385
2645
2844
4025
5851
1249
2496
4883
9211
4183
7020
8085
5764
6437
8279
961
2741
9501
831
8709
4548
3136
9223
3850
1248
8307
6585
9767
9138
830
3666
9614
7959
9303
1329
5509
8879
8754
2102
3652
7005
1388
4530
1654
2852
3834
3211
664
8983
725
8990
7482
4580
5481
1978
363
9416
9049
7669
4302
2881
64
8147
1362
9696
8134
9842
3968
8444
6691
8027
5867
6832
4973
47
1109
2244
9687
5389
4439
8898
2872
4510
3438
1000
5799
7405
3454
5135
3507
2684
7309
9143
2113
891
7512
4953
711
2166
4617
5161
4365
8623
3793
4366
9519
2126
5429
9635
2637
6476
3822
1088
9490
4896
6808
1212
4493
5191
8546
8745
5410
3161
4945
4481
6574
6469
224
3013
1004
3259
6782
9066
6988
2391
1462
8215
4017
9601
792
5155
2835
3059
4994
694
5190
5941
2005
771
3475
5423
2973
6202
369
6684
7251
7818
3522
1023
6858
5100
1497
3295
9614
2846
1097
9318
7997
4576
6364
3998
1365
562
864
5587
5017
5641
7681
8544
2839
8332
4560
2988
7148
311
73
9267
7366
1543
2213
4648
1883
3132
4913
750
9001
4182
4491
5127
