8021
3584
5803
7844
4659
6613
3828
7790
4559
5624
2663
9363
7531
2969
4715
3007
6563
2660
5813
5281
6329
8696
9883
907
8310
9145
8285
9630
9305
5696
1722
3249
7123
6369
5108
3334
3283
1078
6664
4625
5722
7424
9582
3549
5932
1080
592
1553
4609
808
7775
2509
4796
1514
2567
8337
5723
3515
3351
2341
9398
1373
1034
8447
844
8062
7640
1755
8849
8638
3829
4835
135
3807
3566
0
7124
3823
5735
7762
6420
4168
8234
2134
3336
283
7937
7868
1386
9209
7135
2695
9603
2271
5005
6059
1616
7706
7787
5953
4945
3723
9684
5932
9267
8562
5779
4080
6050
3802
8810
5645
2706
58
976
5272
5173
3744
756
778
4809
8518
1036
9365
1047
9573
6823
4159
1509
4349
7444
3577
3843
9332
744
7388
5532
4867
4042
332
4492
4543
3199
8023
160
1720
9870
8443
5934
8608
9455
454
423
8738
1589
4495
3234
3042
8759
1520
9458
7253
7018
5471
7851
2593
2006
4766
6313
6483
3610
696
5493
9592
1264
934
3385
3614
3137
9113
7758
5005
9508
9418
2649
3142
1389
1685
3924
5623
6157
795
3983
8359
2034
9417
7188
7458
757
3687
9314
2653
5658
8782
7155
6995
2829
3981
2383
7105
4409
9300
9842
8017
7192
440
9074
1952
4210
3555
7649
3891
8072
9959
1534
4642
5431
2004
8133
1267
9751
4970
5556
9520
8827
7684
5220
4563
5286
2479
6669
8169
8927
5966
405
2220
5755
5665
5759
8899
4990
9112
4365
3437
636
9311
822
9575
2121
5911
5875
3260
7158
4478
7556
1318
1884
6688
6023
5181
429
4244
9705
6554
7135
2583
8394
3566
2346
9333
7511
1894
8744
4937
714
6119
5789
5615
1786
5575
4966
8877
5442
3193
2131
7632
8807
8910
3477
5627
1353
2923
6108
3630
86
8205
6017
9174
2695
2910
2332
7371
7803
2195
397
6168
7894
4577
3066
5097
6950
481
5482
3943
9256
3930
7801
394
4509
6052
9571
3696
6130
2293
191
1420
7078
4249
330
1301
350
4250
6852
1839
9377
5635
4279
1972
4827
8000
9903
3418
4415
6388
2942
2001
5445
4437
6271
7813
9634
9381
3220
553
8958
5421
7807
8999
8418
7757
4158
5904
5143
8340
9765
2010
1166
4164
6065
1991
8040
9125
5526
9962
5434
4146
2691
5154
9813
4112
2727
7239
7466
4862
6369
692
9330
336
2438
8428
8260
8300
9473
2016
1442
7194
5577
9470
6516
3583
7249
3337
5417
4372
2462
4950
9557
5584
7475
7077
7458
2216
5576
7023
8597
9648
4188
7799
3779
3898
5412
8113
5699
5560
7428
4521
970
2124
9211
6974
1801
892
66
7814
1242
5231
1186
4802
1468
9525
8169
2126
6579
5019
4232
5933
3006
4780
4197
7600
5228
3968
3
5059
8471
5735
361
8149
6553
6292
9570
7015
7661
4489
246
3426
5795
2007
6528
2613
9963
7570
964
5752
5763
9261
3007
792
9517
8697
2825
7572
5612
4955
9149
5957
830
7094
8859
8491
2407
5068
1122
5873
6179
4799
679
7963
9776
7692
3921
2027
1149
8470
6172
6949
9869
1499
8885
719
7710
9517
153
8117
5938
1731
7408
7604
857
7122
9311
8515
4703
9362
1666
634
4153
5254
7651
134
5050
8694
7846
296
6578
6833
6495
9611
1513
925
3092
8404
9588
3808
6402
2001
3975
3569
4585
7824
6747
4031
6043
1065
2481
8862
7429
2642
97
2956
671
1401
4270
7570
6558
4855
1743
8147
9106
4053
284
7020
6050
3568
9811
7524
7108
2215
2965
4198
9562
4814
6025
8632
2969
1784
732
1409
6443
5568
4785
6696
434
6709
9657
4257
6788
6824
1353
1085
9791
335
9499
6175
6016
3055
8925
6379
2133
6748
4351
35
9707
2545
6421
4947
2141
8900
7953
4549
1149
1403
4646
7702
4807
5907
1503
2128
4668
2180
3434
5234
3275
4651
6268
8981
6264
4147
4494
6008
298
6714
9292
4326
4491
9733
2823
1860
3153
3124
6058
5601
3875
3393
6091
5246
4849
5107
4639
8278
9714
6123
4281
1505
3733
5420
4775
6169
1243
4357
1345
7260
6734
8571
8437
5720
5446
4554
8138
2107
8308
8718
5351
1036
2786
1287
7742
3495
9266
9555
3739
6144
304
6626
9013
6221
7270
1517
3704
2441
3877
6888
4318
3319
5537
3629
121
9153
5440
8978
1732
8403
1798
5119
2000
5694
231
6083
6150
8984
3700
2129
2712
6091
3649
4367
7095
935
8196
3725
2059
9843
8954
9445
9803
1638
316
2302
5324
689
9980
4160
5066
165
1625
5408
1246
2244
9166
9342
2673
1962
6439
6329
2500
5816
2663
2004
4042
4424
2804
1312
4338
1819
7211
5044
356
9370
4975
7941
5305
5832
8564
5234
4653
2744
987
2744
6745
5626
1977
8872
8100
6700
8135
3908
1592
9119
7695
9839
7971
3312
2213
1197
4445
2240
8690
8438
9847
4047
9832
9123
2620
6320
284
7324
1923
1629
4225
1851
4292
5670
45
9928
2229
4890
8642
3975
2253
8125
202
1084
3703
2296
3310
3947
6394
9187
4257
527
379
1307
8225
4112
8569
6023
9378
127
1797
228
285
8217
7652
1149
2338
9472
8305
3308
8005
1311
1457
5717
9779
187
7828
8601
490
2591
3142
4779
7943
6346
5692
4392
8116
9468
352
4386
6019
9289
361
5537
308
9574
9860
8091
4512
5444
4795
1940
7298
1797
821
8706
3359
4020
9127
2317
196
8604
7355
1866
3845
4439
1619
2050
6039
1883
2918
3450
4538
3183
4629
6248
4764
4641
3515
4899
5393
151
5890
7768
5219
8196
2957
8771
4
1340
6053
2326
2143
7033
4101
6312
3578
8645
5951
7810
4984
608
807
9227
8850
1632
173
1410
3033
6374
8908
7105
5402
3238
2457
4670
1503
2073
4878
2941
8891
8844
1788
7820
9490
6749
2114
8474
9966
2146
2590
6694
3172
5358
8521
9314
7953
3316
4906
8016
5821
6564
3151
1276
120
1970
4819
9113
5849
2334
8189
7392
2486
774
5663
8134
4506
8903
908
444
9402
2580
4721
669
2249
2746
4491
6399
3124
1614
9073
8290
7213
8287
1409
572
8354
9846
8759
6575
2665
6559
8029
7945
7258
7336
8725
4352
7408
496
6548
1001
3968
8135
7717
5144
7065
8196
3286
8287
7483
4736
6438
8832
6205
7536
8754
8489
9560
868
70
7226
136
9798
8575
524
5647
1237
1151
2874
395
2112
4998
2715
2344
5400
7260
6723
5947
9241
482
5841
5772
2846
7718
7744
6593
2764
6875
7666
3323
6836
1156
192
9141
9541
9141
4633
8501
1377
1972
7432
3861
4395
6821
429
4432
4742
2401
9673
6875
1047
3826
9740
2943
3038
9374
979
1188
7138
4860
4369
2754
5429
1216
3437
2185
2693
7134
8520
8695
5060
1030
9212
5823
8149
6881
1384
4207
1713
9972
7577
5647
372
3817
2291
1764
2935
3360
9204
4926
8372
9711
2683
8549
7575
6353
7304
3598
4476
9035
7931
8083
7580
658
6437
6459
2864
2188
5906
5106
576
3543
4916
1883
4861
2601
1665
2486
1305
4919
9452
4003
4050
5090
786
1631
2623
4411
1218
8666
8741
6196
9991
6739
2542
1132
1590
1242
3195
8434
2565
5093
566
8304
1803
2442
4024
6558
2124
2418
6914
1893
5564
6334
4880
8819
27
5716
6211
6607
1930
8322
7349
9610
3233
9677
6384
5820
5816
2983
5117
4746
6356
6961
9580
7502
4652
7222
2942
6294
5140
33
2376
5982
1971
934
5409
9691
2083
8971
4142
1727
4457
7625
1427
627
7333
4297
8800
7391
2174
7015
9399
9361
8804
1357
2369
8639
301
9825
8579
1861
15
976
1486
4933
6705
6180
3444
2902
7162
5319
5897
183
729
4183
8329
1451
7080
524
3599
2681
1837
6181
3596
4441
2916
9855
3298
1743
5555
7112
7586
7138
9200
1244
9015
5978
7997
2562
148
6996
6366
4587
5345
7789
476
2924
3397
4003
8705
1486
8544
5346
2707
2577
5614
8249
6792
7431
3932
7731
1849
8878
2131
8905
7335
1174
8273
9897
2749
7593
1112
7177
6386
1408
4751
3741
3538
4713
311
6356
5932
1142
6628
6054
9325
5645
9271
7590
7612
4736
8567
1681
6695
9786
5887
1127
9981
8239
7200
944
4989
6711
436
7931
4434
2811
9099
8956
6206
9089
4551
682
8916
2366
2511
2406
8085
9606
5071
1891
1270
9948
4074
9117
2016
5499
3086
6042
3773
4352
9124
3983
2943
766
804
3722
366
5194
2648
5991
780
7030
7317
5520
6490
555
7463
2120
7389
4008
6444
3546
9741
3588
3789
8094
4317
4918
3877
5525
7873
9770
7481
252
1263
9104
8426
9081
8102
9415
5451
8358
657
1451
7282
5478
5670
8768
1247
6901
84
5503
6161
1941
5143
6142
2497
2395
1534
1540
3224
3869
4783
2341
1324
3175
4628
9202
1028
5494
9672
7708
2635
7824
8637
1540
5530
7338
7554
4958
8316
7283
9281
5652
8295
751
3729
7428
8996
9765
8829
9443
9963
7764
1757
7162
8801
334
3753
7866
1093
7344
7910
7200
4634
7872
5313
2500
7090
3836
7792
697
5307
6708
7145
8695
7995
1048
8523
846
9599
2772
1104
335
2970
9334
4873
9921
1884
8322
2723
1996
674
4466
8284
2940
9237
6571
6966
8366
4518
3726
5594
4203
5818
3462
4634
4071
5811
1599
6034
2160
9748
5581
333
5615
9640
8960
2330
7738
4798
7021
3703
1905
9943
2304
4363
566
3631
2455
9383
4930
1137
1466
7745
5246
2648
3065
949
6996
370
4537
4025
1719
781
1600
5258
7435
6729
7142
9073
3035
3651
2696
931
9671
5270
5954
632
301
8331
7411
3091
3700
2566
6300
6327
3449
56
8760
2033
6916
9314
1664
82
5867
6493
9441
7147
1151
5803
7864
1543
4779
5203
3845
2444
2342
4954
862
97
5964
7621
3124
3929
4850
819
6176
9082
7207
9988
8624
206
7794
3518
7819
750
4763
5891
4706
5450
3028
9257
2795
9185
3754
5775
546
5383
9084
3636
7150
8001
6155
2727
1352
3464
1892
9535
2607
8730
237
7808
8086
6764
9548
4359
7859
3274
818
5757
5075
5773
7723
2490
5937
306
5044
5945
3202
7431
3446
2173
9420
4415
7542
3288
9215
7411
4996
9193
9779
8159
6614
6326
1655
3200
8741
2367
4385
428
9175
6227
5408
5096
1430
3260
2125
7499
8605
1322
3797
3508
6715
4974
906
1433
8997
7284
7795
6044
2374
2052
2958
6405
5628
8097
8774
7732
4377
2895
3704
8839
9850
6251
904
6582
5973
8751
3732
5352
6603
9958
7656
3584
4765
9070
1876
673
4054
6558
4770
5992
1200
5604
9729
8989
1784
9940
1451
1582
727
3420
5584
6321
4706
5292
7726
5964
4431
1319
2100
7137
1719
6688
9112
3194
3669
2322
6148
5
3499
5548
2549
5259
9111
3695
1786
5807
2608
97
1144
6114
3595
5716
1996
7619
6664
2186
3881
6146
7514
46
468
8246
6706
8361
4656
5964
3539
8797
3845
7254
5663
6846
4990
3314
6628
6622
4787
7560
9972
6383
7433
641
9941
4729
5383
981
5330
1556
2075
9205
5920
8968
22
103
6166
5071
996
6440
1848
9918
8839
3641
9500
5062
4795
2848
2672
2870
5480
2589
8292
5755
7483
5448
9378
2696
1956
7108
4771
5295
3251
6556
4884
5271
4624
4399
582
8325
1837
3258
5127
8515
1029
7935
9693
7438
5159
4204
9141
2222
5094
2543
7688
2087
8030
3114
3277
3607
2412
6726
4114
2339
3324
6951
2646
6907
6896
3147
4035
9635
2287
2431
3196
6812
1011
3203
7900
7562
2917
7703
4414
9152
3122
5727
8781
9193
2150
5562
3021
5794
8269
800
8291
8245
2387
1546
7297
8889
8361
299
5594
9381
3409
3086
197
2860
3147
6448
5067
1867
1526
2748
5937
6843
8582
1026
6055
5945
4546
9931
7142
8561
4667
8352
2122
4475
3599
6368
4316
6499
9202
4730
1945
9335
7347
4936
4262
3606
729
2239
9978
9998
7146
5649
6150
7900
446
223
6193
2475
7677
8413
898
8278
1250
520
9347
3234
3864
7743
864
9447
6308
178
1100
818
9848
4449
9883
4662
7431
828
4734
4620
811
3897
1705
5497
7139
3822
2921
5352
2853
4513
1765
4131
8042
638
667
1541
5420
2017
7223
6293
7314
7165
4779
6282
3981
3296
6594
3387
1549
8766
4231
5442
1809
6292
9175
9694
1602
3170
904
6299
2791
2420
5288
3064
2014
637
5504
4394
4652
2553
1525
2945
4748
690
1221
1002
4885
4170
9226
4753
6937
5218
3915
1406
5275
7307
2530
7615
2042
2910
2922
3207
2363
2565
811
7962
796
5802
881
2378
9702
7105
4479
2624
4589
7693
4501
1243
5990
9686
6864
6781
1168
6766
7182
9751
1139
1187
605
7165
3948
8855
6110
2633
5423
8177
9191
6182
5540
9591
175
1193
8307
3887
8786
3379
742
909
2817
9412
9800
7982
4004
1038
678
9959
7177
2782
4280
7772
5024
1159
4002
1341
4393
2775
5029
5008
7611
2018
406
8800
1169
4315
2411
6695
5804
8884
555
1500
3534
3420
8371
1695
4224
5485
7951
986
824
5192
3934
4863
2078
3835
3809
2274
3189
7977
9495
5845
5051
6568
3683
1395
375
2898
1078
3498
8358
2336
1051
7730
6369
3729
9857
2117
2544
2399
1237
4311
7677
8156
2567
9447
1312
7185
664
6769
1015
476
6903
3463
560
281
2098
4341
8703
4731
5018
1599
2779
157
8237
18
9022
6584
7794
5963
6329
442
7576
7842
5892
4237
5900
2792
9692
5521
3800
1370
3245
7833
8970
2072
8727
5658
3373
8157
3104
3467
483
7311
6042
1095
2558
5586
558
6193
5772
2008
1963
2020
7411
1182
1843
9281
3519
6346
4051
6770
1635
8774
1218
5155
994
2904
155
8937
1913
8308
9050
9522
3902
8421
9299
4449
9230
6165
9716
1781
1086
2604
1233
2295
8619
6321
7641
7458
3811
1375
6308
1080
7649
9583
1804
9175
7691
269
1794
969
512
3352
4379
6633
3748
936
7521
41
3009
5012
9759
5418
3167
9659
2088
9998
7256
290
4995
333
2938
5413
2172
4191
7918
8578
3081
3016
6946
5784
9781
1605
1015
5370
5893
8332
9993
1083
1265
1883
1935
5235
376
6813
8253
3232
5368
6420
3641
6320
7962
7809
345
1185
6310
654
433
8559
3748
9015
5773
5114
3458
5998
8805
9879
3193
6297
1003
1527
5797
9197
2928
517
4521
296
873
673
49
5000
5077
2797
8737
5744
8670
5954
4006
8111
2237
1889
3100
1892
3837
8672
4013
6041
1852
8220
3261
4509
6864
4717
3447
7121
7729
4690
1522
6248
5138
3711
1371
7481
305
6211
2235
2239
7544
2820
4525
8661
519
6002
5407
4409
6923
9282
5480
4515
9089
8872
6790
9260
8852
1129
5447
7519
5966
8628
8054
1723
8106
301
3965
7913
3551
2059
4972
6453
9532
4264
9107
230
4355
8930
4639
3251
5690
9647
3784
5527
6445
9127
7113
3934
6463
2782
5543
3845
8797
8884
8845
2144
2170
2773
7214
1656
1993
2276
5359
8669
2052
1290
1427
3378
6109
4864
472
6341
2847
7705
6901
8970
2876
8071
9402
560
2816
9464
6360
2273
6771
1719
7917
6958
6754
201
3602
771
4028
8175
2284
5133
5640
2067
6817
7179
6921
8159
7888
3262
3522
1993
8973
4870
9593
8260
4923
4973
577
4628
9203
3787
4170
894
3796
548
9954
6611
2492
8560
4187
9701
7595
7898
6607
9566
4359
806
7022
5670
2449
8701
1086
698
1082
1754
5518
7204
410
3611
4108
1620
9092
8313
4054
671
2868
4725
8582
5694
8675
4575
9091
8216
6820
4533
3917
9065
8852
3225
2841
3664
4762
1652
6313
7779
4274
2874
6406
6490
5377
8790
1231
7083
5277
3078
6167
3593
3898
1910
8110
8816
9542
7844
3600
649
5218
7891
2913
7971
114
1238
8088
1835
4689
7036
2910
6350
2803
4299
808
8561
6625
3947
1
6570
2541
4385
7474
6296
7432
7303
3837
9880
6913
8272
2503
5019
2381
5041
9928
530
4108
5586
2438
1672
9577
4258
9463
2398
3374
1359
1761
3086
2131
1056
614
7728
1982
1266
7755
7558
355
4386
9139
3834
1837
7506
9088
6858
4289
3443
8185
2946
5444
4929
9214
6424
3479
9944
5490
4373
7816
3484
7959
5285
6154
2748
1162
2696
895
2469
4826
6861
6632
8667
1197
4255
9609
8767
1969
5000
9715
1594
3445
5417
7757
9301
1560
1676
3970
4381
5566
6645
670
9875
5667
9239
8730
1082
6590
1855
7036
9316
3931
4106
7861
1213
895
7480
2324
2006
4662
8007
5292
3218
3330
4141
1527
9261
8483
5037
331
1221
569
9793
9059
1324
932
1058
4124
7110
5818
7172
6604
3370
1369
2559
2571
8468
2765
8845
1953
7044
1354
4722
4235
5852
2858
6654
7157
7126
4763
4635
3394
1280
7945
6610
1866
4976
216
8920
5424
3432
473
5857
4998
4335
5627
6096
6770
4810
8790
9532
6027
6659
8363
5291
9008
8489
337
5204
4094
5638
8842
8018
3317
3628
4872
6195
1843
7276
4424
2301
6487
7005
9982
2516
2804
8674
155
5782
4587
6122
3063
3875
9806
7023
6515
9469
8181
3686
4756
6351
2081
6665
3216
9726
8174
6781
7415
2513
4488
3770
7506
986
727
1987
8818
7831
4528
740
6411
5107
6719
8473
3315
4291
1189
9673
5396
7103
9653
600
6051
2824
8638
1298
4619
8220
4508
9218
5510
1777
2462
7118
4122
8159
5920
8800
7213
4144
4980
6094
9179
8799
4930
1071
1597
4287
2506
210
5757
6882
1389
814
5733
6991
2836
9412
8895
6415
8796
6614
8480
3661
6813
3936
823
6524
8446
6716
622
2346
9851
8014
7996
1898
2469
6614
3328
8808
5458
359
5420
989
3120
3558
3133
5694
774
1451
5885
2254
2692
2618
6061
9214
5811
3551
1947
3581
1592
6732
1033
6187
3221
636
6459
6857
9579
178
3812
2095
5651
4433
4348
9223
7962
6538
328
1749
8680
6800
9496
9213
9620
2897
7750
9574
4408
1394
3583
40
8200
2760
7387
520
6846
9958
4754
9450
6460
3485
8580
6753
372
7578
7073
5564
6896
1689
3986
6978
1646
7449
2534
4195
4309
503
2846
5352
7441
3227
7591
9052
1581
8129
949
4951
8674
8093
7175
837
7691
4943
7628
4850
1126
7988
2445
692
5735
1257
2818
3663
9356
9980
2855
9749
495
8813
652
5623
9812
803
910
8921
2998
4775
1164
3676
2748
684
363
4224
9025
6780
5261
5874
195
6378
6424
6345
4530
5768
6951
3221
1020
1908
4730
6362
9970
162
4534
8228
3043
7871
7342
443
7119
3564
552
2091
7743
4609
6943
6528
6104
7892
8423
8944
699
2018
8462
6380
1498
935
8
1417
3359
8427
1284
8271
5540
3757
5826
7834
5256
2677
6491
108
482
7672
4944
7854
431
8906
101
9520
868
4084
5173
6702
8218
4137
2940
2744
4094
3196
9067
7509
1675
6279
2641
1577
2103
8565
628
6094
691
9974
4065
2833
379
5950
8191
614
9455
6159
539
2313
7003
6376
2270
625
9069
5141
8860
853
6057
7373
5486
8558
3171
9783
4232
160
4356
7535
3760
5735
7171
3598
8479
1959
1971
8805
6240
3184
2817
9933
5985
2039
749
4650
5259
9298
8859
4923
8409
982
6197
2575
3779
5150
6410
2909
2699
9039
4035
6112
2910
827
9286
2367
9609
4532
5962
61
1931
4080
8893
8160
1693
1105
9195
3945
1064
3659
7870
7730
7297
8887
9980
3279
6945
677
7993
81
2646
1091
7104
670
7280
3169
5540
1866
5824
8529
6452
6384
1402
5820
8980
3048
690
1395
906
4479
5003
4712
7805
3164
2023
8475
7929
3693
2576
919
1923
5639
9195
2323
6920
4786
4650
3511
7576
5108
5744
313
5454
6683
3726
926
9482
9513
1734
2767
7931
5726
5529
8496
4460
3345
1749
3639
8379
2067
5503
327
759
3407
1568
8880
4134
5957
9227
3098
9069
2395
7860
3388
3950
9633
8223
3180
6650
4444
8532
3735
8348
348
1286
1353
8154
4424
7293
4046
2616
6704
8666
3673
6507
7906
2146
7374
3042
883
2272
7592
6513
8066
4105
3362
3737
2349
4304
3361
3634
5178
9161
8944
1494
1204
3390
2631
4369
334
7939
5865
104
7231
6064
5777
7724
8624
564
6417
7170
7496
9875
5224
2780
4405
8864
4464
9803
4579
1999
7723
828
6407
1206
7410
690
4138
1525
8648
3657
8943
2994
9986
5564
2611
8998
1060
778
5725
980
4220
1954
1778
3801
1842
8163
2083
2941
5902
3388
5274
9082
3422
5807
8494
3605
8876
8912
4511
6616
6700
2502
5547
8402
3930
1683
1007
3187
3447
5922
5850
8269
7839
949
596
5727
7855
5793
5655
9852
9112
4925
6574
9221
1453
506
1417
6226
2872
7750
228
603
9951
3278
6427
498
40
9467
2347
1568
8268
7664
136
8407
5237
4795
6531
5917
1447
1510
5957
2566
6254
2984
9981
708
3373
5065
7453
3182
7535
4506
4012
1617
9502
7232
6532
8936
1276
9373
8880
3863
7295
28
9715
5150
3849
5640
9630
1486
7247
6013
1606
7402
4
8892
6149
4937
2853
5084
1849
4435
7201
6918
4544
6153
9929
5846
1326
4242
9256
4565
2337
4974
2368
761
2817
8688
7032
9470
520
2930
6239
2570
1961
6686
4563
5901
4941
6102
8794
5435
6400
5565
8151
6008
9000
7765
5710
7089
8702
7112
2394
1021
5118
1796
1980
3207
8108
9978
9659
3654
4040
5713
2177
8785
1239
7218
7975
5795
8229
8988
4946
8473
4317
8668
1815
6640
6737
5812
628
755
4194
9800
9000
5058
2296
5959
5869
2024
3961
6129
9535
1464
1
3744
7829
903
9396
7420
7792
1087
3711
3197
2413
5392
7441
5863
5203
6204
3391
4889
2292
481
6798
4039
146
9010
9429
601
3434
5592
5369
2212
711
7502
5207
7397
3691
6825
6899
638
2579
7889
793
1145
4975
500
5660
7179
8249
7226
7296
5385
4638
6781
7476
8316
1428
828
687
9310
1449
1624
206
9149
841
773
8307
2693
5773
4877
8614
4112
1885
6127
5945
3395
289
7986
7811
1997
8557
6297
1745
2982
8337
8215
8160
4532
7990
384
4537
9224
3498
9195
622
246
5907
8755
5497
8685
4802
6819
6601
4381
3990
5810
7535
96
7663
929
742
9336
485
5669
8210
3173
2817
6165
8223
2765
6026
6954
5658
5948
5074
9504
1686
6939
46
8380
8496
5570
6526
2635
8308
4534
4000
718
7493
2629
7881
2522
2253
5829
4195
3607
3865
7558
7444
5729
4522
8842
2404
3558
7595
4954
8383
6405
1059
3148
1144
3033
2915
3938
8363
5034
7062
5652
9853
2957
428
2917
8368
6125
3416
2510
2864
9741
1236
2085
5567
3129
3854
7081
5997
4249
2639
8725
7550
5105
2813
3315
304
4781
3662
3767
6114
9019
2960
5523
7272
6227
5293
9976
4970
6597
5563
7107
3431
2920
4763
4958
7191
9
1869
4835
5012
3517
1943
425
3378
3637
2105
1448
8637
2903
1088
8500
9211
7763
6697
6483
5812
8997
5437
6765
5295
5092
8252
491
4447
5232
1552
5176
1302
4645
3949
1529
5107
3666
2438
3772
8552
3154
7793
4207
6377
9632
8812
2698
3511
7113
8117
6808
3195
9640
3290
3495
4573
6547
7292
7586
6028
4514
6432
1318
3934
4887
4914
3103
1036
5180
8348
4471
7226
3380
9000
8330
6112
2052
3487
9286
174
3734
9992
3372
7026
4754
9249
531
320
1304
6997
1648
3553
9570
7536
9819
3389
848
8900
9924
9759
7706
3805
4527
3171
1199
9258
6147
9608
1400
745
2387
5948
8439
7247
9908
3968
9670
7766
7870
5145
2532
2247
7405
8025
6611
9842
6647
7569
1175
6071
9506
409
9035
505
626
9744
5702
3986
2273
85
9150
198
690
7851
6421
8738
2447
3720
3573
8297
6446
8918
1155
8529
1277
1834
5698
4593
7861
3106
7776
4487
4736
9587
5180
6291
8699
264
7258
8235
5416
8948
9784
5844
7538
5602
3809
477
1261
3973
684
3566
2092
5235
8817
688
2351
7378
9432
4086
4065
1479
1892
5197
2816
443
5679
3222
4814
8624
3656
192
515
7123
943
1274
4663
4521
1236
9399
8037
5297
3484
9211
2191
8174
4733
1929
2622
5684
694
1190
4944
7781
6142
9982
5431
3005
9719
9247
3546
5029
1080
2973
8206
1376
997
5104
519
279
6163
5818
7254
186
9155
5496
6488
9543
5893
1785
6359
3688
8031
4001
493
1782
6187
4500
3911
5119
7651
9812
5856
9998
1813
3868
9868
6529
259
8504
3842
9101
2205
6576
5162
9843
5537
1024
886
2607
8075
4316
1161
9115
5048
4023
5018
2695
8353
2253
5546
6779
2006
9097
9067
3177
4417
8572
2338
3985
4040
8276
3789
4969
5785
2727
9735
4894
7554
1011
9997
2262
6932
6497
1239
5268
1617
7229
7242
2051
1665
7608
275
1940
6935
6591
1070
5014
1748
8655
8161
5900
8741
9979
664
9238
7464
766
9231
9710
7508
1569
3066
9011
9586
2298
6125
5706
2556
4431
7017
6749
7731
1914
9727
1243
959
5960
2118
3470
5582
1237
9417
5420
1554
8388
4090
7670
6216
1452
6272
4581
5524
8931
8283
6757
5575
5695
7252
8860
1324
8459
6498
990
6529
2385
1168
3457
2615
5723
5527
1966
3228
6593
4130
4452
8420
8896
8076
5635
9430
2753
3428
5075
3658
6544
1607
9277
7446
407
3299
3973
8695
5027
4845
4116
2911
7549
2311
2988
1189
8279
6442
3010
459
4131
8240
2844
6773
7849
3716
2680
8838
4383
6193
1582
9721
9847
5751
8222
7536
3360
1548
8020
6129
8134
2974
6175
7888
1423
9886
9697
1549
6575
2639
3272
461
8495
6030
7570
6947
6525
5414
6082
7937
6331
4824
5224
2836
4705
4966
1606
1776
8421
8017
7709
3009
6687
8409
7709
3103
1299
6463
7314
8278
7061
4067
6981
2912
9367
4256
6248
1072
5369
5818
8440
5670
934
5710
8795
6900
2693
8663
6133
882
355
8089
1583
4203
118
1545
5809
5867
7688
2201
6765
8633
8985
7922
1814
8089
4208
1536
2482
5179
8035
5349
3969
2197
5848
936
7723
3654
2886
1247
2589
8193
188
5313
8732
3293
3687
7434
2957
6549
3465
7746
603
2202
1454
583
2924
6086
3023
2576
5610
3656
7710
9430
6778
3210
7069
7001
9188
9586
7708
1487
612
895
7461
9425
5021
7627
2564
9121
2385
8393
2872
3764
7023
3699
4494
766
553
7205
3744
3554
8361
8200
978
125
5385
2171
5646
2856
4375
2816
4711
8900
824
4808
8672
3783
5598
4951
2949
481
2224
6477
5901
8895
2033
2545
6208
3754
1217
5341
3040
9185
6269
3255
473
2894
739
4591
4917
6901
1576
8111
3533
7802
260
8635
5776
8529
4351
5631
5480
916
8787
9119
1640
4910
424
6815
6291
5617
883
1270
1884
7098
1824
3419
7955
3373
4529
377
5717
616
1014
9649
2479
6188
9423
318
8052
9842
9459
2046
4203
4588
4447
2879
5163
8765
4847
3029
6820
2569
6517
7299
5762
7763
1042
7706
4980
1847
7736
4565
7000
4806
7097
620
324
8593
594
9982
2766
1953
9848
9002
3200
9683
9533
1902
9640
5163
746
6126
9671
8177
7419
8064
803
4676
7684
2800
5895
9870
6503
9532
1511
6705
4280
5263
1369
3989
9274
9130
4920
1333
3518
9825
1108
8756
301
6061
9267
8794
890
8573
6599
5274
6138
3544
8852
8994
5224
4643
8678
2015
4684
4926
5701
9230
3215
342
5450
2780
5668
1044
4577
5477
3035
6939
120
9447
586
3823
313
1720
9791
89
6793
854
3537
359
1183
9817
8071
7828
3020
1410
9818
7418
5267
7947
7390
1839
7627
2285
8502
8904
2361
627
5537
7711
7400
1765
6126
7867
6882
9310
3147
7917
4569
1725
2035
2625
1000
9331
2740
7009
8821
40
8651
4016
9931
239
3309
7141
1299
8700
1759
2257
8682
5980
7086
8475
2415
2850
7725
1929
1789
2941
6473
4669
2406
7850
7630
5379
9566
5366
7294
555
8377
9788
3526
5269
5993
2681
2418
4307
8684
2993
4800
4563
850
8451
4385
3431
9875
9352
6462
3523
433
6381
7470
3515
3295
4626
4677
3461
4140
8962
3914
8792
3787
5855
861
8751
3381
5716
9773
4919
5928
9606
926
4262
1395
8691
5866
2595
5302
9032
4037
5688
2412
7504
9412
3533
1805
5954
5900
5990
3570
7084
6878
9920
8470
6683
5978
1987
9905
8265
6923
1357
7430
2897
5024
2335
9153
2953
3866
9867
7755
3328
4694
5572
6202
529
1935
2705
4576
1437
2507
5701
2493
4461
6965
0
1532
5657
7232
2883
4000
1875
8295
4145
270
5479
3253
3165
30
9094
9174
2745
1624
4408
1906
1456
998
9034
3122
1473
9552
7222
5815
7840
102
5709
4207
3594
965
1010
1156
9266
5508
1878
8866
4438
9694
7337
5207
9698
4295
4435
2679
1321
2825
4757
7421
8097
5437
3385
9557
1510
1561
7115
6225
4933
9284
9391
3472
7356
5326
7835
7814
499
5032
2861
8510
7772
1355
6521
4043
6050
6991
6212
7803
3119
6925
6810
9889
9913
8198
8674
6734
275
9060
9155
2064
149
9671
8687
1014
8552
7061
3202
2425
2964
658
1408
1331
3319
2116
6333
8513
6840
2336
4567
269
9935
1062
3044
5128
5456
893
7505
1850
5949
9047
5327
9494
1112
1700
4193
533
3105
8013
6216
1266
7944
4082
6263
6213
2325
4146
4
1016
4682
221
6163
333
2764
399
6355
909
5182
5358
5614
8095
466
1869
7329
1961
3830
8825
2643
8291
7598
5172
9824
1917
8124
325
8524
4400
5757
357
5214
6569
7859
3343
4295
3925
4419
6103
5387
9489
1996
6279
679
5470
4349
5385
1490
8063
1664
9843
6371
4083
7483
6770
5012
955
531
5430
7572
1682
4557
8451
8855
583
3187
5813
2748
2377
1207
5254
8890
2101
1910
166
5195
2035
2333
6391
3054
4844
1745
2700
2058
4375
5450
290
2523
2806
6696
6637
422
9034
9139
5886
557
3613
4701
9775
7848
2432
8520
8091
1241
4108
261
8557
9365
6452
5473
4922
2681
3298
3560
8
7686
3090
3395
7208
9131
7008
3074
8524
9595
4683
2432
3910
2902
1783
3626
787
7377
1291
7887
6999
4391
4824
2636
6842
20
7039
2314
4574
2510
1228
5154
7477
2045
7059
3836
8823
7673
5081
4028
2724
4414
4461
6989
715
3067
9291
5490
606
7236
1520
3228
2441
8902
9811
5101
3214
2818
843
8979
5166
6951
3477
7060
1558
1567
4593
3877
6980
9916
4697
874
5897
812
3916
1972
8394
2250
9948
8125
169
6904
9534
8141
5920
5571
3159
2171
3800
5163
5077
3280
161
5652
1615
8411
5803
3504
1143
5822
9496
1068
5076
6519
5980
5820
8125
6671
1670
8647
5437
7750
9814
489
5438
8154
7275
3773
5868
8087
4681
5221
6949
5481
5958
8171
9521
7516
9192
8031
1045
1716
572
6314
9255
5748
4754
126
8893
3234
2757
1735
3502
8565
1934
2831
9339
8644
3764
6377
216
7061
9062
202
6145
5474
9817
1478
4578
2447
8064
6647
2945
9961
5191
9397
4549
4355
555
4221
6487
1083
9199
4399
3133
1739
8694
8260
9769
7512
3121
4018
798
1577
1792
338
4459
7220
5938
8939
4675
4697
3515
3810
7341
7386
4321
9691
7519
3702
8318
1859
2685
7133
8425
1324
9214
6255
6175
4616
2144
1046
5177
6773
5202
3369
8177
7185
9842
4483
6353
1419
8069
5771
3842
1333
1939
145
8048
4443
9183
1671
2332
4961
1705
7173
9436
9325
3987
2062
4722
4418
2850
4071
8916
7815
366
4309
4588
701
3867
5235
3626
1944
6612
4075
9506
3858
4770
3039
682
7402
7474
4361
2618
3921
9523
9720
9585
933
5486
3832
4470
5504
8829
9293
4839
7551
3287
4915
4051
6013
4288
3025
9507
536
844
7802
6398
8450
4172
4378
8638
778
6658
4625
7709
6600
7382
3564
3517
5424
2458
1061
3196
3860
3586
7414
2722
3429
9630
2295
5293
4601
3016
5425
2422
3260
3649
2692
4729
2320
9479
2869
435
7775
6145
5820
8464
1475
1272
7318
227
4414
4971
7110
9289
5140
8313
4025
6674
4406
6942
572
7188
3979
4283
5404
9917
2514
4564
2863
258
6237
8471
3015
7786
4910
217
2949
876
463
9825
1130
4986
7231
6620
7728
481
1607
2345
8547
2042
9002
9508
80
5214
2722
850
4768
5087
1715
1181
9630
4450
4949
3653
4611
1053
8055
1202
9768
3352
6924
771
5305
9458
1071
1735
5357
2044
6748
325
4916
8577
4272
6017
6440
6063
1807
6414
5942
7345
5858
947
5618
162
598
3685
5171
8686
7750
9214
5547
5203
3794
1128
9960
7490
3514
3079
1581
2411
8664
1185
506
6700
7213
7421
5876
9926
4266
224
6355
4068
5162
9779
7480
4613
3367
9770
174
9900
6390
442
6682
4661
8893
1768
5128
65
5513
9599
1661
2142
9731
9104
1013
2939
5631
179
9115
5905
7194
3423
6437
1087
2794
7117
916
3961
8807
9441
1241
9670
5127
8050
3028
4379
6970
3983
1850
9864
39
9158
5757
3235
2005
4119
3986
7456
3980
3438
165
9784
7274
6844
7039
3462
2837
9704
2541
9925
6047
8996
7767
7357
8385
1689
5554
7325
7174
8634
9582
3122
4914
5056
1596
3826
9023
2491
6868
4732
2026
6874
486
7742
4893
7881
1198
5217
4577
7252
3178
8689
9153
2816
6812
5429
1924
1180
3018
7103
3644
8449
5615
2600
5166
6730
9795
5164
6587
9168
768
6961
2787
9432
651
6022
3802
2851
8646
5572
2060
34
153
3537
1934
4764
2847
4989
5144
6818
4232
4852
845
4750
7525
8653
9517
2816
7875
4772
6889
4507
4823
4515
6610
9131
1742
896
9753
5813
4189
5522
6319
6584
1745
9389
214
2074
6899
9692
5512
7899
7324
850
6793
3878
5479
5372
8591
8198
2141
7386
5183
2782
3762
8083
6786
3955
155
3640
1271
1419
9449
6318
307
611
5127
4913
6580
7449
2460
1028
8505
4853
8366
3648
6818
2461
2584
8750
6329
6429
2804
481
3176
8497
7045
8533
5075
1033
3604
7730
6924
3336
4899
2949
2838
8444
1079
8866
534
1806
7796
8872
3085
3333
4428
9334
4722
9121
5325
4982
3239
6968
1867
3953
4081
670
9939
5293
6626
5755
7101
9080
5853
7310
7951
8500
2904
7638
5317
1001
8870
602
4736
1438
8830
3561
6619
9650
9311
1187
9680
6881
4527
325
9244
6547
1730
7721
1077
9820
1866
9399
2547
3040
4495
3598
5097
3851
2471
2309
9709
4816
378
7077
2618
286
4265
6399
990
3755
8542
1109
7790
8307
6146
856
237
1675
860
1448
7734
5168
6753
1437
9741
652
1613
9489
6605
8857
1240
765
2413
4583
4003
4584
2334
5554
6785
6463
8730
6259
550
8037
788
6343
7444
3532
9360
1551
6821
5692
4798
8209
1938
9096
2952
768
4426
2767
4813
2308
1664
9319
9229
4680
3138
4015
6368
6505
9018
3694
6706
303
5385
1414
9864
1626
6658
4499
3365
7643
2355
1313
8811
6568
9869
2900
1974
9404
4177
2611
2789
4240
1678
2998
3012
4349
9237
6184
8774
3452
5337
7349
1628
9641
5
5477
64
3007
3118
7432
259
1574
4574
5083
7472
4489
2818
3617
9632
6225
5627
1482
1579
9436
8265
7652
9650
4253
9387
2328
8380
3822
3255
998
903
9191
1808
1150
3048
2133
2344
6016
1550
1753
8889
1916
9853
4148
7103
939
3627
9380
3244
3068
1582
8952
5037
2294
720
8236
487
6178
4483
7830
2239
5119
1242
7664
86
9952
1243
8405
5213
4291
6445
6681
98
6695
3978
3758
2808
359
5792
9322
871
4833
8122
3319
6438
7868
6126
8065
7045
6054
3561
2225
9653
1013
9249
8053
7080
6378
8745
1345
7983
76
2247
42
8738
2157
3576
4673
487
1381
1925
2598
8279
2790
4387
6831
3215
8924
2247
324
5824
4520
494
218
2611
5420
2863
5494
9753
740
1706
6647
5407
8280
7710
2068
3609
9522
3130
7146
2303
2547
2488
9785
2302
4656
6255
1704
8445
676
9324
1031
6897
5803
3416
5306
5741
4192
3892
9430
7644
4919
7189
2000
6604
225
4659
2423
9520
3164
8822
8450
8786
2417
4049
9397
4054
9615
9918
4143
6219
6634
7427
7067
3683
7816
8265
3976
4656
5381
5971
7294
278
252
4114
2077
4501
3003
9474
1632
8292
184
3719
7197
4662
9841
8850
7138
8538
1772
1241
8074
7063
6269
8837
922
4023
1475
918
6666
2898
6329
3733
8487
4121
2824
1806
6615
2569
9122
6966
3151
5105
4059
6864
8116
6600
4160
9036
8211
191
1329
7120
4828
9958
1493
3243
155
8208
6394
550
2800
8532
9156
4509
3102
9605
2136
3219
9779
7780
2018
8728
6869
8237
8121
4795
8883
3267
3145
2804
9473
178
7688
4091
184
7748
4749
3169
2127
4217
4835
2359
8818
3611
2345
2298
9731
5526
1829
3190
2458
539
2057
8926
5062
4635
7797
142
4639
472
2740
1352
3352
6076
4860
6116
437
218
1733
9510
5328
8329
9443
8530
1401
358
4796
5523
7559
9702
7844
9129
5937
8190
1541
4432
2790
6944
8738
156
290
2089
3837
1601
1804
4679
3855
9740
7883
4067
5647
9097
6993
2719
5618
5651
218
3342
933
9036
6704
848
2691
1117
8912
2059
3100
4769
8844
5051
4718
1534
6347
9111
7600
3314
9865
6172
6441
2542
6711
4882
3963
7457
5947
4617
2568
7120
4532
7597
3773
7286
2522
647
1256
1611
8263
4360
9019
2056
5814
3919
2959
340
5688
4141
6337
2464
35
1905
6926
8291
3888
1088
1627
458
6454
9871
2775
4484
8024
8986
2983
2843
3624
9441
6797
3165
8285
1473
6064
3935
818
3486
3378
5310
8033
9616
9903
4839
1356
862
5821
9860
6055
6593
7457
8814
678
1169
8739
7246
4630
2409
6754
3839
3145
6563
3760
6489
5871
2844
2887
6355
3091
6861
2669
6086
3998
3018
1232
6781
8976
5752
33
2344
6919
5072
5687
116
4017
8903
5797
67
2766
1392
9137
1665
2889
1293
5018
1564
5187
1824
9490
9762
885
8790
394
6944
3244
9368
6155
7463
8130
327
6988
3141
4313
706
3177
1060
8383
4476
1149
7182
6864
5953
2849
5444
3212
1408
2033
8027
8649
4719
9881
2722
1946
6695
6816
3306
7597
925
1639
7746
5478
1170
710
862
2921
7214
9749
2422
904
4350
517
4664
7658
4116
1087
9632
6626
5376
8644
8665
3979
2737
3139
9723
8275
9852
3806
1902
3499
7711
8944
5071
6897
3587
6361
8480
9862
3972
2903
208
3650
7356
3708
8916
7581
9396
368
6531
8706
9504
4276
9608
9814
3420
5095
429
7343
1820
187
3318
3250
25
5516
1297
9010
5168
8867
1649
2211
2660
854
6732
6904
6868
7411
257
6744
6186
3337
2756
5334
1786
300
0
5217
1022
8967
4790
2703
8753
6401
3671
6643
939
4225
2554
2618
453
203
2491
4510
3551
9524
8531
4736
7776
4516
8336
7400
4511
5245
7659
8897
5843
4059
7180
6595
5328
660
4340
9001
2410
8859
2717
2079
4412
3401
7649
8675
5304
765
8756
9788
8165
737
4805
1999
6251
6669
6257
6324
2007
2174
2562
7722
7695
4054
5242
3066
8539
7936
802
277
2708
1395
4439
3808
8655
931
5000
6139
4456
3270
4691
4273
4957
119
3442
9668
4706
5817
2506
8733
563
4784
9803
6588
3992
9515
1727
471
9776
544
9368
6458
1280
4075
6830
1217
5515
6533
8626
2399
5587
7519
8128
7805
6066
6430
7254
6073
4601
7121
7962
5854
4795
3695
3630
7141
2534
6438
1579
6452
9484
2700
4894
235
4388
5024
3695
5018
3113
4503
641
8949
7081
2003
9198
1222
5302
3539
4286
5044
8887
8850
259
4939
7874
2806
9147
382
5108
1419
8234
6570
4997
5149
4135
9816
5664
1091
4997
7936
7599
2582
2691
6190
8736
7224
398
1077
3449
8684
5898
3300
1494
9702
3951
3880
7666
5664
3983
3414
4476
841
2456
6798
5941
979
3667
5356
6437
5083
1842
5514
9329
8313
4465
4342
1061
1105
314
8839
152
4162
874
3963
11
3390
5343
5940
9071
9062
1468
8093
5776
6396
7194
3976
3014
57
2579
2138
9292
9009
414
8617
1611
6752
4748
6947
1366
5944
1205
6123
48
7402
5579
5939
1185
7104
605
9567
3061
2475
3446
8254
3156
1617
2631
2737
8976
6731
5596
4809
1398
3838
1526
1549
1553
6909
8075
9843
9536
8130
9687
2342
2208
3610
3877
6627
4292
5330
7403
6089
2950
3174
6804
1123
5533
6761
812
7318
4205
4083
3774
3821
1864
9080
502
5411
3809
9831
713
3430
3974
5740
4362
6742
6493
5781
8358
3901
7545
9430
5038
9309
5610
6881
7099
7224
1813
5124
7706
3791
6138
2547
518
3732
7313
5574
595
5906
2767
9850
5469
2326
4548
8027
1967
6384
6818
9748
6432
4956
2739
3934
5140
8235
6620
8772
3116
3571
6347
6091
3271
4157
2295
2766
5384
6250
9477
2083
4048
7969
3171
7490
1018
2365
7546
2737
3593
171
3156
7441
4967
746
6902
3221
8937
813
6807
6601
3691
8267
623
3348
4736
3666
682
1364
3950
5593
3229
6392
8493
1682
5258
4510
7576
7516
139
3711
8651
6233
4201
9757
4459
9930
688
4851
4979
6485
5054
8345
2431
1836
4869
9807
8472
1081
7111
3443
1473
4369
1924
1615
6363
8417
8477
5913
6360
5806
9488
3176
2371
8346
3070
3641
888
6198
6865
3236
1274
9378
2815
1462
65
4526
6428
1649
787
2743
5564
8674
419
9649
4987
1292
3398
7774
612
2890
7656
2974
5866
7048
5401
3204
7162
9563
7812
1375
1316
5944
3377
3935
5372
4797
4173
6598
6729
7252
7573
7717
2453
3901
6608
39
4853
6002
5357
1986
8316
5042
2894
7547
4082
4447
6572
6964
8943
463
4217
3473
4863
579
3251
4951
2286
9517
9838
766
9366
8600
2416
7401
7343
5379
4237
5574
3605
1658
9016
1599
2112
8764
3332
346
3128
8391
8192
9520
7310
9113
2203
2408
395
2804
9809
8459
1061
1702
9006
6859
3402
1941
2707
769
9119
3031
5202
5980
2920
599
9811
8837
7260
3798
2912
7822
2975
1971
174
1055
6194
5452
7426
4356
2371
9426
8195
5163
3621
5976
7055
6950
1302
1109
8151
6428
9416
8246
5681
52
1193
6890
9816
1896
9722
8968
6935
824
3516
7500
465
4504
3742
8680
151
7296
7666
6605
4635
5987
4169
2487
7596
5200
9267
5991
8108
4290
2141
8293
9572
7605
8479
5683
3225
5152
7932
8293
525
4059
8280
4179
1536
779
7652
7382
6291
8126
4918
9495
4823
1092
6138
4696
6539
9768
4831
2041
1728
2091
4718
1899
7242
7933
9060
2111
1976
201
3927
1214
2001
8909
4059
349
6080
8313
3751
9215
3039
3863
6490
7418
359
4582
8233
8640
6199
3834
1042
3649
1523
3672
4310
7370
8640
4428
4535
7275
743
6035
6310
7452
3316
1314
3442
2996
2745
7340
6337
3620
3876
2601
1708
4743
3655
3869
8472
448
9959
2771
3644
9879
3802
9074
2654
9930
4473
803
1925
5953
7860
1301
5066
2053
5115
2379
8314
540
101
30
6769
6659
4837
2622
6324
5644
9294
9898
894
6671
1401
6368
1063
7553
4664
5940
9034
8463
5104
1471
7063
4061
6227
8785
727
1285
224
5947
7459
8324
1776
2197
2687
5379
3958
4824
1930
8012
1663
3062
8646
2110
4650
1921
2825
2830
2199
40
4108
2880
9628
4882
9771
2442
4232
3442
8902
7000
6275
2959
9441
3263
6894
341
6898
9351
6206
2576
4530
8103
3422
9111
2163
1654
7834
1686
8033
5321
5718
2772
5234
3039
7434
9726
5836
3049
2217
6865
3762
8996
8612
2719
1059
55
7509
9868
4654
7100
1310
3942
693
2603
3726
3843
8485
2601
2916
5825
5871
2916
2247
3322
440
8095
8129
6157
6622
5405
8502
9992
9147
3711
7672
231
9029
6615
5169
3824
4224
5121
8986
1021
1027
3703
8604
6035
7909
371
1786
3001
3209
5228
4451
7245
1542
3038
9616
7575
179
4827
6956
1165
424
3300
2693
7167
6007
3175
1355
9883
6726
7475
8053
7205
8724
6478
1899
2604
4480
1672
4150
4053
7900
3470
5937
3388
7370
8317
7349
2707
668
4982
415
9572
1475
3122
2003
6294
976
3906
4882
1756
51
6340
6512
2482
6010
5979
1844
9293
4328
5121
5817
9558
5413
991
1737
6561
1182
2994
2018
8759
6314
7099
9752
5227
4406
5124
8751
4166
695
4450
3284
6951
7792
4892
1116
8545
8866
5709
9293
4714
6514
171
2406
1514
6698
3336
6020
9474
4157
5096
133
8447
7354
4910
67
4
1640
93
9992
3228
4378
3675
8906
5030
6879
9741
2672
9843
2083
6166
2839
2725
3021
6643
5508
8421
4072
166
1029
2863
7378
2281
1733
2922
1159
7656
4570
4835
7877
2337
1402
3685
7307
9603
937
8974
9856
1436
609
5820
8831
6028
3428
4670
3923
4285
3044
2783
227
5894
4544
169
2220
468
9551
5389
9221
2205
4820
8133
7715
7279
1798
3950
937
648
9469
4304
8273
5182
2399
6357
7300
6020
8637
2264
9284
4768
7048
994
1530
6491
2282
4846
8028
8729
8795
3703
3039
6792
798
4122
7833
5356
3905
6458
7293
1845
3414
7045
2375
36
5647
610
1491
335
5957
1595
8345
8386
2395
1404
9475
9245
8317
6538
7481
8547
1209
3324
1732
1062
9352
485
5112
9293
1488
2292
1435
4144
4342
3901
3049
9946
5467
646
8490
3115
2722
94
1223
8368
6922
670
2064
3980
7878
6182
8942
1776
629
2680
1826
5812
4953
6181
5929
3765
2173
9670
6593
889
8465
6957
3316
5315
7685
495
6904
6722
5593
5694
8837
6272
4453
8673
4288
4029
4750
6966
520
4500
6178
346
7771
9472
9336
6928
5860
8061
4447
783
9739
4824
8044
5831
4602
1540
8068
3103
2621
1479
2398
8479
2500
4897
6256
8433
1305
2076
7012
3515
1711
687
2198
5241
8107
5460
1133
3922
1733
9444
3281
8904
3671
538
9440
1588
7076
4731
63
2837
3599
4144
8614
1197
5239
3987
9060
396
2258
7170
7919
8145
9237
6937
7390
3612
8097
6138
7756
5998
714
297
9608
6375
9748
568
6611
8276
9660
8931
1517
3414
7935
1571
2738
3249
5799
226
1999
7289
3332
4234
390
3174
7390
5247
1334
5465
2357
4991
3003
7212
9844
3674
6983
6724
4938
6249
4993
3033
2509
5000
1274
6407
9844
9364
3241
97
7052
5385
8100
4953
2986
8905
2830
7507
3487
5419
9663
7149
4316
1306
8794
4733
2503
8914
7550
7505
4337
9178
3401
387
9791
1030
4691
6432
6338
8964
3198
3611
4615
2750
2385
239
9854
599
9410
1256
9374
3944
2776
9846
317
4168
8194
9351
1057
4204
2047
5531
4647
555
551
3856
3833
750
501
6949
2530
764
4120
7440
59
5708
6679
1125
2992
9909
3372
1672
2497
9477
4240
8066
9258
7499
2913
2996
2029
1184
2365
9718
3684
6413
1832
296
8868
6716
6747
8323
2319
770
9464
4436
2237
5477
9768
5361
7001
7767
7962
5060
7199
94
682
359
8042
6495
4543
8198
1326
7868
9718
3652
9982
6306
8175
2664
5782
463
704
643
940
6978
6118
7920
6635
9225
8157
5237
536
1332
834
6365
567
1087
8894
879
8658
7491
7001
4989
2700
2155
2996
4623
4226
3965
8911
6360
4832
9700
732
5374
2154
3970
2812
9521
3163
4970
6576
869
7530
3272
669
386
2744
7523
5050
7735
5509
7123
5891
7683
55
671
5122
6497
1639
847
9486
2088
9564
6329
2505
4826
2302
105
6996
2117
4995
1355
6358
7029
1610
4232
8442
28
2036
2647
9810
269
2796
2280
2103
2065
5020
7515
5887
9517
1734
8759
3944
5867
3171
2897
8785
3113
4200
7011
5642
5166
2796
5231
3339
2079
5043
7469
3687
7466
1493
4196
1130
4481
6424
6734
7948
8489
9466
5077
9368
4681
4366
3984
6622
3860
8262
7981
5320
9244
3607
4203
7930
933
4578
3909
1563
5227
2986
3685
4887
7668
2011
203
4666
2084
1480
2500
5541
324
4942
3869
4878
9665
6674
6618
9655
8675
3451
9209
6000
7596
2341
3473
3608
560
4848
3023
7713
2841
1642
7238
5185
4446
8576
9786
9638
3583
6513
3397
5555
4551
3701
7315
4969
175
1327
621
3390
779
4837
9114
707
9295
7952
4695
815
1604
8143
5503
1053
3960
382
7690
2719
8106
3557
1873
6704
4818
8259
6543
2025
9773
1395
1406
3503
6899
1023
8691
8159
7275
488
9888
6716
2331
8317
4835
7262
7423
5504
7161
4954
9613
5652
7303
2131
6833
4089
8588
8896
1788
6725
3661
3873
9556
7588
568
6418
8845
5292
8345
9133
7214
7315
8715
9653
5910
3661
3142
6564
9589
2288
9125
7793
5530
7097
2847
1998
4571
8933
2459
5225
4423
9559
6984
6433
8363
5600
7323
2041
2409
3622
4637
4111
9300
3365
7326
2359
8413
1764
6792
9163
6268
9365
1494
5390
9624
309
1125
1829
3281
7732
7452
7947
9273
9152
7571
2054
6255
2920
7810
7806
2812
1055
2500
555
3907
5448
9334
7879
4637
8290
3941
6767
557
2176
5182
774
1522
3112
1919
2435
8123
476
7990
1471
2433
3447
6929
376
3360
9872
223
7150
138
3419
3288
212
2176
4744
9226
260
4380
1450
4898
453
1659
3495
665
3572
8012
2634
3207
4350
5282
5382
2286
7695
845
348
2923
2188
4695
7532
9210
2782
9377
8882
1619
5997
7065
3435
816
1463
3904
1785
8533
3208
6092
6065
398
8242
3674
4099
159
8888
8985
153
6360
5538
5712
3013
7720
5198
7013
6576
401
3127
1035
3657
6483
5708
7588
6150
915
263
5474
6486
3167
7289
9742
2500
5558
3798
2133
9001
5220
6635
2099
8362
940
339
4945
1596
1040
7025
1269
161
7242
8929
5534
7062
6046
1084
9552
8399
3233
7251
6522
1944
3103
2510
3361
373
3778
7212
8357
5754
3955
1798
2185
4518
9162
3496
9981
677
4788
6956
6512
9304
7378
7155
5615
1389
4479
4508
3674
4456
970
1309
6026
3708
4996
8810
2722
8379
5357
4572
1400
9623
2009
1866
5650
5846
4313
5888
2126
7909
2280
1318
3842
316
2799
3372
8162
6440
7910
5277
6044
368
7361
477
8516
6549
399
8998
6056
4539
2494
4372
1905
904
426
8243
253
7489
489
9753
8038
196
3151
1996
8016
2839
4085
6518
3197
1967
4231
1346
2710
8116
4288
3295
506
4708
1493
6933
2154
2427
5214
1853
5682
3539
4881
4797
1198
33
5096
5184
6713
1707
1338
6529
9619
9661
2316
8611
8944
4558
5326
6691
8202
1951
9449
9479
4177
2528
7641
409
4833
9457
8770
1555
4868
9126
929
4449
1709
3158
7590
8157
8414
2851
8778
1942
2471
5782
9076
1112
1873
7541
1043
127
2855
4704
5291
6614
419
8830
5714
5218
4164
1080
3472
7306
3448
1125
6814
6064
3526
6595
6226
371
6286
1542
3622
3689
2713
1406
9743
5547
6832
9845
9902
3977
7976
3009
972
932
5004
8477
9271
1045
7362
368
9893
7445
7986
7704
4658
1464
2076
7170
7949
5535
9210
7531
8450
4862
7220
3092
3625
1264
4893
1740
3728
9823
4603
2256
2318
3885
9140
3526
7656
7059
177
4347
1256
9175
7055
6331
2269
5176
652
5923
2215
2758
534
4187
6121
1649
43
8338
8229
3381
9954
8819
9673
3398
1430
7634
294
5634
4349
6486
797
2520
8137
5738
5622
1013
6672
1139
5888
3070
136
2163
2711
754
5046
2044
7087
2627
2003
4205
7652
1730
3625
9164
3977
2881
5003
375
4865
3262
9651
2774
1226
1551
1304
2147
6311
410
6147
7220
1848
2651
2442
4812
1232
7312
6102
9910
5011
7784
4701
1502
828
3172
8001
5925
2492
4690
3242
7902
5528
623
7696
8761
6984
2897
9059
5035
2509
8627
9830
3574
5653
2718
760
4466
3496
9335
5950
9550
5430
4690
5027
6285
8728
4225
4475
6804
1483
6687
8504
4693
5194
5648
8958
820
7123
8728
1089
8253
2756
6190
1462
5944
964
3770
8752
3604
4909
6200
9454
5703
9280
9299
8855
4546
5637
3712
5260
4003
2815
244
2553
2772
8159
7978
475
5987
7198
8922
8954
4792
9879
8422
5680
621
9818
2231
8233
7120
9222
8635
5907
7621
5047
6846
795
4716
8873
7914
8002
1837
8246
3689
4967
5534
7234
9731
8447
7860
1596
4807
1238
549
7216
7798
6975
1480
1201
8399
8735
9789
4986
1376
2170
3341
5521
442
9231
1854
2251
7957
1415
2138
257
3824
6723
3206
7148
3965
5365
5122
1719
1520
1224
4048
9538
2260
3037
1713
1013
9549
7768
1890
6775
879
7923
6178
2851
1734
7395
3209
9413
9799
8958
5784
4896
7414
2021
9196
2396
7526
8150
8676
4158
6622
7890
837
6807
8130
1068
1285
286
7590
2419
4458
3573
8380
7939
3900
6684
1374
2867
1916
5161
7310
2241
7778
9596
923
1730
2909
8375
5486
6096
23
314
4114
2626
3693
8122
6955
5745
7036
2358
4234
8699
8157
6885
4411
2083
4764
5364
7941
6510
7959
8298
9374
3462
2319
9529
819
8030
3622
7019
6880
2042
5713
1789
2172
2017
7754
697
3115
1489
3188
6568
9962
7561
1146
1148
5616
6912
9081
6995
3430
8062
7549
4402
9895
3438
1136
5776
9946
9941
38
7005
1107
6299
1098
8256
66
9355
1603
8295
7022
4619
1910
8088
4124
9561
7303
8789
7091
2500
7002
7228
9753
5863
743
6677
4943
2055
477
610
373
7862
8544
1316
7548
5998
1387
4687
8089
8509
951
9198
9471
8092
3439
6230
5867
1610
851
4226
8598
2617
8836
957
8901
3267
6881
677
3861
724
3188
8962
2106
8517
6334
5362
9597
3038
1025
7224
6060
6840
4816
2700
2950
3936
640
8151
4344
8550
4956
3731
1593
7108
2774
4060
897
3727
1222
6808
9880
8995
1732
2887
872
2334
2947
6082
6750
8500
2706
8328
4141
8272
3634
191
345
7647
8165
8701
50
4192
5061
1033
7412
486
799
7604
2611
1619
3088
3490
8868
2990
3711
1443
121
926
8493
6128
8783
2322
9955
2108
1671
5500
1915
4868
5745
2456
6254
9710
2715
3482
6504
4601
6849
4849
8313
2347
3872
92
5849
4617
6950
7529
8124
6490
346
649
9928
8186
7232
9572
1475
5333
7786
7374
832
5424
8500
9640
7108
4537
3460
1382
3520
1060
5815
1420
2214
5413
7162
3577
943
6112
2069
8951
9622
9225
3704
3065
5265
3672
240
1506
9080
6119
450
9580
5547
4106
5219
185
9607
4560
7987
7175
6761
2982
9867
2793
3644
8766
2993
3969
9262
1669
6999
6172
8256
2263
1921
3782
7488
3214
8785
9544
7199
6917
1905
3672
4065
6678
1253
3361
7931
2031
9875
3167
9834
2077
1258
9747
5504
5946
3867
1173
3291
3088
3449
3783
4944
6977
1932
4841
6334
9288
7156
7728
7424
8387
5908
8696
2585
5037
2721
6466
3435
2248
1571
217
1643
1598
296
2816
2807
9842
9453
4376
9885
1158
7467
1784
8878
7683
1197
7601
6164
5678
6568
2935
780
8780
6421
300
8597
633
506
9466
8246
9134
1786
7326
215
5063
1807
1498
9383
5631
4590
2572
9384
6729
2765
8686
4299
3965
2928
4365
7249
3781
6128
2869
4022
899
6432
3108
300
8488
6309
2259
2000
49
4796
5399
8060
9972
9287
5914
9512
3889
7525
9028
1575
7032
6351
2524
9809
4909
6101
1838
8956
5330
302
4582
9007
8807
1396
2125
9254
2758
7363
7293
1502
3661
9664
9468
4130
7749
2384
7787
2721
2869
7656
7573
439
2297
9640
7298
9250
2422
8740
2128
2113
315
8404
3649
6725
9754
3829
2483
8722
7978
5647
7314
6756
2254
1697
9959
8078
7806
185
5331
1953
6201
7211
692
5040
4431
6582
1286
3076
7792
5577
8907
1936
2617
4526
6248
9550
2559
7990
5379
6410
7518
1009
5177
4558
6637
5054
8033
5948
7260
6716
2495
4419
910
5610
3512
7289
9087
5592
8838
7671
2935
942
9377
2640
8050
454
5798
8444
859
5458
1516
5213
3391
7565
4021
2966
7323
1868
3438
8470
4626
8010
6169
6020
8192
9448
1846
1695
6077
9463
6081
9487
1609
1836
9373
291
9248
6031
613
5536
9437
5339
1733
6581
723
4560
4312
7036
6199
8817
1246
242
1912
7113
2747
7736
4863
6032
2428
7123
7059
1818
9342
1221
1082
5027
999
5042
9457
6698
4977
8570
6626
2496
512
1934
7931
2745
5459
6057
5449
8535
4395
2855
5175
7404
142
1329
7600
4223
241
2443
7865
3415
2300
9125
6632
1474
5034
2812
3837
5460
9085
550
2242
5620
1091
8956
3058
4790
2900
1595
8597
7283
6088
1854
8310
6051
3104
260
9714
146
4968
7125
1840
9108
3356
9393
4079
4016
7444
9278
1794
1092
4537
2023
3021
6420
9307
2393
1018
3054
132
3435
7076
2432
4190
1228
4808
2833
1386
4741
464
7686
3986
2121
9859
2869
8871
3742
1620
2169
3027
8507
5004
3011
9827
6619
1133
4949
5572
9445
7170
8050
273
1417
5932
9355
9997
1525
7813
1666
6431
5085
9402
7066
3466
3559
6255
1122
2975
2528
5101
9005
6817
5810
5374
7447
2362
