8660
1645
4754
2992
7849
6477
7537
9220
6028
2692
5012
6254
2709
5406
5570
8561
6860
4073
4752
1428
7530
1107
7661
3468
7569
92
7657
2198
9624
2503
9973
9618
5519
6333
6715
7087
7559
999
1203
7838
8150
5558
1912
3737
4362
2646
5679
8788
4121
6594
3984
5416
9616
2376
4134
1324
4259
9373
1917
699
6982
8296
2060
4700
1819
7364
3875
9119
5981
7067
3786
2588
7271
6578
5768
8642
5879
873
6934
5197
2471
9778
2957
4215
7089
8136
1615
2729
9445
6909
2648
1629
9596
1946
3470
8636
5507
253
3079
4875
8403
3484
8635
7484
3464
7810
9233
7942
6029
1331
7264
8445
9715
1036
2348
7119
9256
9235
5600
6359
2937
6730
2897
8806
8554
7636
4731
9241
8058
9124
1990
9968
6638
5250
8026
8171
7497
7512
9538
1227
3599
737
3446
6750
4392
6823
2928
4211
5782
228
394
5231
4017
8331
4549
2361
1167
33
7898
698
1205
6824
4468
7055
6781
6570
9671
6664
3541
2318
6387
6783
2761
7752
8236
9617
7873
9484
6068
3966
8298
9155
5230
1762
9832
2899
757
3276
6536
9686
5613
5111
529
3807
6189
9546
769
7308
6837
7664
4381
7878
8681
2954
9468
4291
2848
4181
8243
2980
3523
8411
2150
6331
6109
1324
5289
3751
2610
8595
7672
1074
2690
8883
7745
2517
473
8807
9396
5218
5146
3810
4845
1163
7762
6546
1496
8856
8233
6526
7321
6444
5823
6721
7547
4394
1210
7862
1055
2505
6380
2447
986
2799
2325
4774
4854
1690
6265
1394
7114
2323
3652
7666
8888
5612
1188
7136
8267
9863
8488
2345
8622
8546
6886
3986
5876
5419
8387
8279
3083
5922
68
4933
2727
9811
7387
978
5278
2896
6669
7627
2688
6946
8414
5503
6215
4908
5785
6584
4846
4318
9689
6597
9453
4876
5894
2283
2963
5167
567
859
4383
8537
3768
7511
1553
4224
7325
6518
2744
4054
5566
3655
1414
6438
459
6560
3976
1335
7097
4403
9506
3992
1045
4558
4275
7032
9311
5868
7648
3115
4209
4658
3678
125
2479
1560
3053
2909
7984
7544
9709
6077
8063
1535
5982
1069
890
1228
4114
2582
6695
5
8063
9917
5390
3344
4531
8906
7136
8794
3946
605
5662
8575
2386
5442
2079
442
8395
9129
3843
6093
6141
5408
7985
6055
1433
386
1613
5464
6303
8841
6227
9582
2114
3358
8283
3922
5739
4486
3541
7153
6703
1261
751
9774
1814
7376
3055
9302
9714
2279
2205
4732
6396
2445
7945
3614
3314
5216
8478
4377
6015
4919
8317
1796
511
8293
875
7932
2189
9255
7008
8550
4439
7411
6934
3852
7625
3855
4128
1322
4971
52
8920
5340
2808
7622
6892
2538
2927
2707
2628
139
9909
7687
1165
6965
6067
5637
5222
3216
5423
6253
8478
8804
1842
6379
6069
8021
5884
17
2546
8828
6065
3315
5724
9497
9469
5485
7033
1369
9373
8058
197
4697
3388
3807
7338
2607
5208
1839
6270
5659
9174
8445
4952
1168
7027
6426
4907
8326
5817
6812
4402
5570
1396
6442
8552
974
2988
6245
827
71
8241
2185
6318
7233
3529
3811
2407
9671
3777
93
1339
3210
6969
9354
5493
1308
3578
8600
6751
3344
5055
9736
6608
4360
5889
3439
1955
2936
8865
7808
9227
8580
1363
8897
1188
6434
8176
7209
2397
1585
8612
4652
3792
9568
7111
1971
170
4636
3182
9684
7823
1965
655
5510
4169
2792
6892
5437
6080
5343
6569
1272
600
8127
769
4324
3136
7434
1358
7484
7618
2707
9232
1335
1547
1288
8879
9323
6593
7099
228
662
2751
7370
5690
8949
8910
9048
9515
7934
5534
600
980
1374
4520
1133
4091
6105
9084
4769
448
2294
7809
8353
185
9423
1411
2090
3239
3967
8807
9616
9871
1844
8980
8353
3212
2736
8455
9107
1366
5837
6672
1530
3603
3530
8061
5029
7283
2953
2902
4047
9448
9251
6494
1112
7630
9802
3904
168
9445
5765
4525
3891
4336
1408
9224
5022
2044
4086
6311
8568
8702
7488
4542
9259
183
2564
3099
2150
4361
285
8318
2903
7550
4951
5573
6740
1077
4931
2158
5726
1151
3928
9770
9397
2681
4139
7198
1971
5491
6746
7850
8857
900
9482
6815
1003
9757
2396
5654
5223
2096
4712
3006
5522
6391
3715
4182
4152
504
1596
2396
6478
7400
437
1064
2632
3514
8885
9724
2561
7813
3824
479
1049
2369
1844
5490
6561
3416
9992
295
4894
3386
8893
4242
9622
4987
8480
4418
1611
307
1946
2882
2325
9906
9307
3659
7794
6036
9857
506
8424
3507
2104
6172
1235
8197
2245
843
4054
8301
2906
5
4537
914
1630
6671
6
1943
9972
7870
5346
1716
1292
5686
3669
5900
6768
2608
819
8510
9981
24
2280
7986
8136
6909
2953
4829
710
4695
6936
5409
7634
5997
4311
9618
8227
3196
8872
5952
6948
8969
7535
2935
1604
881
1870
2384
8616
3287
2965
4505
8401
9132
1726
9138
1689
3560
5379
4928
8031
4375
9793
4213
4113
6507
594
9577
4913
1528
9209
6072
8210
1908
9726
4580
2823
3683
4079
9045
118
7938
5531
7673
395
1785
5285
9645
9092
1386
5430
6403
5018
8301
8132
3155
4635
331
14
8389
2640
6350
587
4711
8372
14
9244
8197
6450
9856
8677
9743
6450
6147
1386
5112
2451
8070
4201
9447
8633
3030
3170
361
6289
199
1889
8417
9292
4999
1265
3558
7885
8452
3430
6873
8499
8715
1054
8913
10000
617
6387
8776
2234
533
6937
3768
9965
1721
9816
2822
1346
3166
6170
5621
4629
2701
8729
4324
1115
9966
3122
2059
5766
6170
1905
4935
7894
8548
4874
5127
9748
9
7675
9159
4213
2296
5467
462
2129
8778
6481
8954
200
8190
934
2578
6606
109
358
4289
6144
3253
9924
9590
3702
8411
5200
7584
8399
1200
4234
1099
1106
1198
7234
2645
5103
3572
3824
9553
4357
1198
9159
9293
3944
8709
1555
6018
9476
4691
6708
2219
566
568
8379
9772
6175
8339
7727
9986
9470
4337
7432
3142
522
8517
3164
799
3598
6052
9026
5420
4987
7604
5944
9952
7637
8434
6251
7967
5525
9539
4298
2602
4107
8306
5049
3844
3405
5528
6893
8524
825
7008
860
4951
1094
9622
7790
491
5872
3343
8392
2041
6014
6494
1349
1433
1704
6579
7164
2769
6271
6483
1983
6106
4214
7142
9034
1259
458
8922
2563
7482
836
7441
1317
9581
9611
7579
9424
4843
5917
6
9328
9334
2491
8996
9492
1226
6967
1626
1393
7150
2740
4725
5557
2360
7617
5389
1479
7546
1372
9040
6843
3001
1599
8714
1848
9607
2071
8840
2409
3610
3729
2281
8466
631
1752
5303
5740
8131
214
1686
4447
6056
4982
7702
1115
8780
8531
5248
2794
5679
8238
3783
3257
1792
6327
7255
5518
7298
6063
2058
5774
9239
470
9420
5689
3611
7987
1765
4270
8759
4738
6899
2029
1283
7085
7940
5905
979
5319
179
742
8283
2193
2145
4042
5444
9593
9040
1445
2291
7654
3867
3769
4565
5061
7969
1404
5677
1712
6915
8007
1638
1049
3584
1100
525
327
3711
5809
1216
847
2101
1187
496
2523
7853
2051
1319
4961
1913
3023
8165
7711
122
1604
9872
5541
4014
946
3021
2067
2547
9522
741
9704
8323
3140
6800
7244
3882
8929
6389
8076
10000
1528
5105
3820
6149
5435
5826
7901
5912
2699
2942
6249
1547
1629
989
7528
6389
7722
5801
5929
9910
6097
2705
1404
8414
6331
1968
565
7817
6888
1327
5270
8886
8854
5497
6366
5359
3461
9246
8976
7031
2118
6446
5717
5593
7407
9095
2365
5426
3346
341
8539
1008
491
2783
5124
5231
7679
7884
4516
5196
7163
9245
5512
543
3784
5449
4342
5758
9982
1466
5066
6000
2223
9756
4320
5417
5521
9524
8595
4224
6660
7255
6876
1348
4256
5393
7056
3416
9448
7026
8806
26
315
1064
322
2442
366
9498
4271
1995
9592
1039
7983
9130
5466
4997
691
386
5494
7692
7693
6830
4657
3167
1914
946
6617
1658
2076
9123
2775
3866
2686
6390
760
5008
1860
9938
1502
4433
4098
4465
6763
441
897
4967
7481
4618
5776
1612
4072
6469
3648
556
2852
3620
3178
2567
7497
9547
2520
4453
4433
3198
5495
1421
238
8319
7170
4467
6829
309
8638
3889
1882
2378
4391
7248
5679
1003
5716
9982
8397
6732
3516
2668
9804
1228
463
5241
8021
7678
857
391
5237
5182
5610
4201
9561
1595
9625
9556
6579
2888
1710
2624
6042
8736
5118
5160
3882
9119
6906
5306
4832
6633
3467
7642
9869
587
6273
783
4624
2998
3956
5151
7954
1456
7998
3298
1004
9209
7996
7663
8953
1510
8363
635
7284
4482
6502
7695
605
6860
6085
9078
7357
2194
4713
1873
4093
8770
8143
9122
1762
4743
3781
8983
8073
4594
4466
3449
3813
2873
4088
3344
9530
2422
7889
5335
8743
4754
9173
6666
1027
3578
252
1472
3621
9126
2074
7569
1240
2115
5722
540
8867
2561
9354
4678
9492
4932
1847
2480
7391
223
8302
5004
8848
473
3272
1358
773
9724
5912
6102
6693
491
3494
1892
5865
7476
1141
9822
8636
1824
4606
6531
4726
6409
4426
8082
5672
813
1748
6537
5440
1774
9689
5954
7584
7659
4066
7541
4579
9334
8033
7769
3785
3082
67
1824
5421
3819
4815
5157
216
4928
3390
2043
187
6782
3408
5057
6290
4689
5897
1996
2615
9393
8348
8130
7818
4132
8817
4863
3466
8101
5992
4710
6458
858
1034
4282
2978
4620
2510
5900
5850
6533
2888
8822
2968
6643
5457
4870
7525
2014
4418
9716
2678
9830
7784
956
9057
134
8807
2987
749
664
9537
8294
8421
9730
6676
7790
9442
7371
9385
6449
4179
9386
2170
9239
840
5340
8667
5987
6587
342
4694
815
1657
3299
5037
9883
3968
6444
249
5571
8899
4799
3617
8005
6584
6334
2098
8849
3617
231
6308
9647
6668
2089
9912
2522
5324
8095
4770
3897
3166
6560
3915
4503
6474
9663
9743
1688
6537
2437
5454
3701
4046
6027
1512
610
1120
1079
3939
3977
7699
535
2400
4120
5452
4329
295
8188
1847
6701
3713
2133
2297
3353
9909
3062
1030
4407
2651
8945
4348
3223
195
1902
787
8586
9650
6463
5976
4867
6886
4952
4489
4467
7497
3070
1417
8202
6081
8177
8008
1601
4004
9614
565
8977
351
7091
6805
5334
1442
5066
2745
4263
709
1245
283
8156
4080
4520
2639
8561
4105
6183
1941
2998
5760
4312
1806
9655
9540
5013
7169
7408
3072
9648
7745
8093
7796
1231
1222
3367
8236
3328
4226
6474
9939
1704
4469
5927
467
7401
6939
4251
8267
5628
5982
5205
6630
1325
7757
7785
2934
4128
7753
9325
6435
2900
2192
5885
7268
8089
4844
4984
1598
8969
4389
4422
3935
1806
3431
9519
1083
1216
7553
4613
7225
355
3785
5299
2800
7694
2269
9248
9543
4479
3229
788
9836
9217
3284
6391
5672
4975
4199
6982
6017
6906
2793
2652
8526
1323
4967
2242
7890
4244
7353
4164
1651
6818
5543
9023
6649
566
47
8541
6952
7833
6018
3682
2352
5691
2838
3194
2989
7505
8137
1115
1297
1416
722
5093
2251
9971
7628
2222
8307
2018
1817
4714
554
808
6594
2469
1027
155
6244
7797
4838
8719
6574
979
7249
5888
8904
890
318
834
6171
4630
8778
5940
8121
2891
7925
3427
2406
7816
1632
4176
5587
5577
7163
8168
4143
6664
7715
5284
8681
4474
9524
4009
9918
3530
6104
6708
4981
7584
4793
436
8418
701
3392
80
3186
6020
5229
8336
1774
6745
1927
3588
827
1199
7391
83
8705
2388
8173
6259
5660
7356
1
3979
820
876
9768
310
1362
4732
6976
8807
5173
6051
2594
667
2846
2811
1830
2391
8323
4583
7930
792
5264
3838
3158
8688
8502
6080
2675
2877
5290
2665
3667
6414
6164
7360
5336
214
6119
7531
5340
6750
9426
5399
1963
2211
7662
9005
6062
8972
9463
5776
7809
179
2497
5866
4274
9690
5075
8710
4194
4332
2061
995
4478
9468
2789
7687
4678
289
9348
9239
6295
2995
4929
2672
8229
7192
6778
7955
3608
4384
2545
1310
3145
7841
2110
2675
8673
2486
3343
4201
9448
2779
9816
2472
6611
5511
7411
9671
219
498
4655
9408
602
8766
7517
83
2699
1712
9200
121
744
6693
3850
7733
6458
4634
4078
6996
9601
1904
7948
9848
8664
9769
9738
7780
1600
4791
2870
6958
3422
2199
2125
6683
7541
2597
2151
725
193
1816
8965
7261
1815
4332
6303
5547
7518
7979
7581
5443
1047
6751
1996
7057
2220
5907
5971
5385
2268
987
4361
4961
6535
2869
4335
9573
812
5165
7998
8979
9706
7534
3315
2053
1984
3428
244
9367
6538
3941
3414
7335
971
5740
9625
9852
1909
4920
2246
2221
5754
3762
3320
1004
7250
3227
3843
1403
5717
8925
7579
33
5737
7774
9778
7017
8265
1698
3052
294
7474
9943
4426
8285
4308
6804
5146
6998
5964
9892
1274
3111
8018
3049
6518
1572
7064
183
4461
9197
8893
796
3557
1394
8203
5525
554
4099
9549
3171
800
8211
1986
4114
270
1224
343
8107
3340
4646
2500
1508
1577
8714
735
4132
8137
7636
7374
5599
7996
8906
8503
885
2811
5181
9493
6615
1171
9665
5653
1532
7725
7734
6548
136
3008
3006
9600
869
3447
3245
8863
7554
8699
9627
5681
5351
3457
4858
8893
9568
916
272
9072
2980
412
8053
5976
1448
4150
7628
6195
45
933
3312
3399
4407
8294
6369
7803
2296
8784
4431
776
9192
2866
1954
6466
4585
8178
6922
9180
8647
8976
998
6517
6338
7156
3480
9674
7899
2027
1588
146
3245
244
7763
6496
6838
4637
8787
810
7376
5928
5910
5364
3025
6700
8500
2400
9947
7066
7035
7944
2586
4704
1475
1594
5832
3849
1595
5331
2464
7078
3431
2690
6506
6475
7218
9318
7089
3877
6709
2476
2368
9434
2726
9883
5141
4594
7495
7273
5996
3664
4703
8259
5743
9870
77
817
1955
6501
5463
4851
9852
9532
6872
7240
4606
5251
1162
9294
2038
4477
7263
5254
21
9668
6348
2519
6290
5869
5408
1548
6747
920
942
5060
3741
6815
1478
8426
5817
1499
9455
569
3113
1074
8357
2868
2140
75
3200
9642
4259
4723
6359
4870
7619
2271
8024
7022
505
1394
5722
6173
2631
4369
4403
7309
3201
4712
327
1521
850
7
2110
1080
3238
1536
7218
3263
8490
3174
1707
6634
6245
9256
174
7889
9273
5319
4279
4389
2471
5908
8952
4726
2120
5435
942
6803
7248
8355
3238
624
3902
2279
2165
3310
7870
8377
1322
1002
6248
8590
5779
5052
2445
802
4413
8196
7585
6988
5401
4830
8287
6544
8437
5394
8857
3706
7213
6807
4143
1602
6312
2041
3489
8942
4827
9936
8629
7432
7882
1738
4579
6067
2221
2052
8571
964
8109
8476
929
2669
2897
3385
7429
3967
832
1331
5405
2895
8074
3832
9315
423
4687
5900
7583
9314
8888
6491
9634
6565
3356
9268
1295
7457
1341
9991
6114
5289
4579
6093
8899
7364
6200
8759
5101
1193
557
7900
3837
723
6883
2833
4852
3975
5698
4896
9612
142
1365
2233
3003
3937
297
1990
1180
3258
2413
8934
1637
5091
7225
4341
4917
4168
5708
5758
1527
9296
9022
4148
3557
5724
3378
1923
5823
78
7983
5026
1334
6235
2946
7517
7764
2439
211
1057
5030
5500
4814
2612
4356
3213
3883
8603
2076
8525
8967
6439
2054
3161
6245
4089
2600
8537
4886
3343
3245
9282
5021
2767
2778
807
6718
473
2485
6976
1672
4365
4485
9160
2456
9755
2214
465
3307
9301
2455
9869
7593
6676
337
5476
9283
4775
2058
9476
9792
5773
6592
7335
9734
8716
4249
9347
852
7747
5573
2273
3234
2794
1250
8557
8378
2211
6839
6151
2799
5206
3991
3121
5207
6233
6113
6599
3711
2900
9928
9066
4
3211
602
6051
8815
9320
9287
308
4437
888
4241
3398
121
9233
7849
723
1334
722
6496
6975
3912
9268
7482
7506
2468
6414
7460
5886
7066
5870
9577
7203
5184
4797
4645
1395
7020
375
5178
7935
4379
948
9223
7725
1276
7662
7576
760
2172
8849
3073
9282
5983
3476
7793
2130
4767
7963
5473
4268
9002
7906
3061
1142
9320
7975
4639
2080
9211
9957
690
6102
6913
286
9945
697
5399
7854
7716
9742
6686
5102
1265
9858
9230
7081
9236
7952
9386
4997
2415
9850
2690
1470
461
7822
5375
4469
2656
8288
5793
2004
3559
3669
6264
3802
3075
2956
3840
9248
9622
8741
3962
9709
9557
162
5168
874
9424
3837
9603
1820
1248
1176
9263
8248
5532
5576
9217
9559
5616
5373
6130
6161
44
5165
2951
5065
4695
8014
1735
5486
2830
6658
3545
110
8654
982
5817
2656
4494
9606
5475
6476
8314
3247
3951
1116
3240
2950
3287
698
6059
4975
1850
3130
4048
3134
479
655
2809
5077
3392
7325
1071
2701
2347
1899
3599
5643
8068
717
8551
6364
30
1755
2656
418
3679
3572
5862
9762
5284
7643
4686
7659
815
4762
8839
2117
4220
3176
3812
2575
6929
9862
4368
8701
2531
7817
4342
2032
814
8205
4021
2104
5108
129
5441
1669
2748
5153
3810
1959
1487
3013
6753
3804
1638
3686
8336
488
9071
8026
3286
6843
2312
4674
2890
8680
6449
3729
7304
1500
2478
8166
6385
7540
7994
3582
5648
6158
3998
7629
8421
6265
8461
4902
3859
6153
3915
5072
6754
7803
3843
4574
5038
4991
4420
1138
8183
4883
6421
4362
8837
4459
3476
5899
7794
9938
1701
7079
9347
5521
5182
3370
2666
3451
3912
3674
6562
4723
6585
2087
1443
2086
6869
4405
1269
847
3791
7381
6586
3105
4523
6402
714
3416
5365
1784
9869
8612
6436
2773
6337
7600
5879
9031
3311
6684
4230
5113
3030
3473
1880
3649
5884
6083
5695
7443
7138
5983
1798
5260
4952
8560
2364
6656
2802
3748
2814
6396
1022
794
484
4014
6208
2751
8009
7357
4240
7610
2087
1989
559
2923
7010
481
9832
9682
4029
6806
4752
5028
6390
8536
7163
4507
9525
5278
1296
4314
7990
372
262
6972
8022
4834
7278
6045
3118
4917
2948
6150
7307
3992
1156
1552
5606
4560
7222
3658
6326
2138
554
4891
7481
8427
1016
8289
9092
290
8795
5523
5999
3419
6718
6468
4370
6777
6435
2807
5642
8553
281
1975
8288
3904
975
3204
3678
3687
7980
8780
9496
2989
9284
5849
7411
6049
5839
9198
3355
2223
4786
2968
3845
90
3448
3898
824
355
2153
561
4355
727
7305
2422
803
268
4543
1879
216
231
4492
5992
5850
7704
7639
8277
5887
3408
2605
67
8688
8656
1898
6471
8858
6269
923
9688
1310
9652
836
1408
8971
9879
7470
443
4389
2074
3988
6307
8256
6252
7520
3532
2586
5851
4380
4757
6338
9823
4337
6276
851
7796
8421
2144
5477
2671
5736
7691
6663
8214
9883
3130
3526
8140
8049
1648
6318
3648
7399
7338
4127
3163
3015
2746
7505
4553
679
2861
8886
3942
6252
9431
584
5471
424
5975
9505
1035
5486
3309
110
8432
9291
99
3525
9176
2222
8304
3119
7079
7148
4156
6708
7213
9019
4444
806
469
8294
9573
5033
7251
8114
7120
7714
244
1496
7344
669
1558
2865
3039
5788
827
6052
4322
2910
1969
395
6697
1934
2262
5681
3435
8478
7388
1560
2222
9099
5240
3802
4802
4313
294
8910
1956
3177
4214
9878
7018
2900
7347
9035
3368
6250
5726
3176
7618
7999
9641
600
9475
3019
8269
5063
3102
3366
4661
5642
732
6494
1030
8711
8371
191
746
7075
3846
2361
5681
6075
14
3310
598
8086
7518
9993
2982
2049
1974
1696
8198
1565
4359
6407
2727
905
1382
6517
6740
1559
8310
9241
2557
5931
5600
4562
7852
4104
696
2040
5375
2370
44
5582
2173
9001
3950
8629
8305
1036
5496
3642
3769
551
9290
6583
7922
2371
8369
9318
1787
6913
7423
5980
7229
706
4412
860
5016
8066
6505
2678
1249
7791
6151
9959
781
5572
5470
6433
7745
2088
1457
5213
1767
2121
1640
4570
793
8080
4787
794
697
3396
8233
8383
2002
5673
6323
863
4502
5223
4064
4369
1990
2679
6970
7303
3009
2073
1918
6312
6935
4368
8853
5230
1153
2498
1245
3472
8247
2888
7076
6788
3980
6994
2784
2671
4360
1860
1193
5202
3345
7794
8924
6467
2329
4674
318
3538
3873
5809
973
1032
1690
655
4052
6130
913
5801
6201
2705
212
2260
928
9996
9357
4061
8601
9371
6980
7057
6583
7424
8650
2758
7163
7898
6617
2237
5857
9607
3891
8109
4232
4533
4195
7600
2913
901
5660
9638
5156
9243
1920
1037
9833
1697
2506
5261
7557
2240
2138
4223
5843
3187
5925
8914
8767
6891
769
4490
2340
7447
4212
4140
6382
3128
4276
9615
6555
7263
1086
1612
764
3016
6421
3086
45
1499
4220
1852
5263
8259
7969
4879
4603
4872
8204
4962
1168
2498
2684
7362
2833
5310
2948
2590
5442
5928
2422
1734
8544
5308
6229
2059
6352
6494
381
3534
5288
5550
1811
6096
9465
3011
7902
1557
550
7824
1556
1690
6294
5797
881
9871
9497
7911
2406
1287
4067
870
7460
3183
7610
3281
294
5377
54
1651
1838
6330
8397
6457
3702
1638
9543
6642
4321
7692
9017
4860
7257
3123
4667
4449
6974
7720
6853
1809
1450
2684
4249
6021
8054
5626
319
8212
8983
1975
5696
6105
9755
4797
8944
1046
2673
8606
6713
143
2176
4860
9224
9708
612
51
2588
4841
7726
4425
4197
8434
4858
3092
8927
2462
524
3166
538
5483
6136
1402
3221
80
3665
139
6267
7993
8190
121
2279
8392
1617
9985
9607
1462
845
1048
2331
5627
9983
5934
448
960
973
4990
8276
598
4190
8267
451
5333
7780
5343
8946
7233
4620
3501
6479
2577
3700
6042
7057
9554
2304
2569
2439
6250
5790
7256
4368
3670
4577
17
9373
899
548
4552
9748
3992
3280
5761
2122
3144
9844
5738
7543
7925
7575
9057
537
6326
4629
4853
4180
7024
7179
1265
6672
5963
1669
4275
2803
2003
2003
4733
6447
6788
9076
5736
6698
7495
5791
2381
2639
6286
7896
697
3164
8828
9179
2772
917
1735
8490
1009
2645
3326
7889
5492
6659
4865
4512
9264
1816
5966
3943
3800
760
8226
8447
461
7633
9664
2213
7461
6387
8954
6999
2496
3096
4941
9833
8350
2515
9611
2464
9133
3143
2004
1200
331
5236
6799
3462
8612
4885
1164
1119
2969
3374
3679
3223
567
7371
8558
2196
9683
4868
557
4849
5335
4493
5377
3900
9957
47
5701
5503
7214
4506
7635
4127
7259
2161
1143
2418
8903
3617
1550
4404
1599
6437
5119
6118
8230
1941
9722
537
1979
9044
8590
7946
6406
9277
2927
2614
8835
6291
3499
6309
6770
9150
2001
1717
2714
2005
7731
6431
5421
7613
1015
956
4369
8574
3187
3915
4280
5087
7697
4852
2462
5416
568
9072
4542
8878
9452
7705
6556
1237
3929
1409
1044
4975
878
451
298
6363
4676
1047
4402
7101
2600
2334
4884
1564
5599
641
3010
3856
9561
4602
4237
7518
6095
8079
7640
1527
6885
8362
3067
6602
9041
6075
35
5420
1481
3940
1701
728
2238
1656
1990
8500
4639
6902
2891
989
6185
3812
2539
542
5211
6702
9427
165
246
3654
1549
7065
4058
6594
7304
8057
442
8047
3873
9798
9251
8157
2553
3785
2839
7982
179
1351
586
2981
8581
9311
8753
7935
1364
4140
8406
2296
2356
4247
7813
8753
7599
2405
1335
8965
5419
8843
2608
6735
6452
8761
5119
7184
8186
1100
2268
174
2664
3398
7976
6786
4581
2689
4205
7165
46
8822
8485
7786
233
2778
1416
2181
8443
2845
9240
2131
8990
2425
2657
698
1190
4490
5648
3601
8745
4471
2275
3043
8799
2953
4831
286
6296
9526
19
3453
5677
163
5216
4550
2956
4948
7408
8465
5705
3014
3333
1263
3560
7133
9754
2749
9004
4291
4886
229
7507
4253
7429
5460
849
8561
4440
1557
2218
6300
8153
8735
4676
7643
6002
4726
4925
1436
7357
7562
310
1118
5323
2748
6579
2309
2659
5930
9275
2557
4370
6537
8833
4214
894
9019
9695
9181
7139
5103
4418
6811
6678
5553
700
8968
8208
8226
5784
3912
8008
7519
4817
1369
7939
8351
9382
9273
1044
4072
693
6405
4686
2193
2988
3902
2781
6915
1082
205
2883
6375
9585
5091
1462
8968
5763
4718
9674
965
2614
3946
8825
6212
1678
7180
123
7777
7004
2486
1884
4681
6242
2917
1992
619
463
512
594
3899
4504
7756
2312
4516
1054
8582
5242
1189
3566
8230
5522
468
2209
8682
971
897
9701
6856
3005
6102
9410
5419
8471
6211
7448
3857
6624
487
3115
6488
7975
900
6819
8522
9731
6730
3872
2334
5884
6430
1501
7121
6047
3585
4769
8616
1118
5124
3996
114
1050
1110
2998
149
5437
8896
7368
5363
9068
7683
9884
1420
8853
2894
2240
6679
6569
3968
6193
4849
3412
675
3463
3150
4534
5584
7666
5581
4080
9139
1249
5317
5719
7315
8625
3678
6062
6049
9711
1588
2694
8943
8709
3552
7492
2822
3603
4530
4342
3186
1727
8942
9450
4722
986
4700
2305
6237
590
6128
7167
9297
1344
188
7629
4308
2763
4704
6939
1532
6854
8342
3314
1792
6825
3048
7381
9617
3762
1188
2563
9661
7115
1651
9563
1693
7036
4909
7743
8963
315
9138
6747
615
9339
7156
9926
4559
5054
5645
5719
8649
569
2125
204
2233
1271
6902
6211
2398
9311
2824
7294
6437
147
2774
3465
1418
8461
6774
2927
5652
2785
7303
3535
9863
1794
7450
1676
3138
2734
8499
4941
2786
181
8478
4419
6950
8724
8651
3696
9120
8121
7767
3734
8911
4687
5639
5943
6967
833
6610
6534
4242
603
7322
3093
2999
2684
4846
2682
8382
7020
2793
5547
2482
2284
7931
2904
9044
609
5817
8221
7783
9250
3722
4396
3883
3692
9120
3147
3648
3119
1879
2588
7504
3283
3784
1447
9733
1068
134
2578
8532
3996
4412
2375
8739
3393
3839
2984
4167
8870
1547
7090
6802
6601
5239
7694
7457
3934
3070
7819
8940
4856
5998
6842
9845
4827
599
5399
5402
7494
6414
5569
5092
6189
6851
2157
8474
6165
885
3450
6758
9304
2462
5033
9835
9883
2815
7666
4455
940
8672
74
193
8496
7290
7775
8107
7565
809
7982
7293
6312
6359
9112
8636
4547
8663
323
4122
7575
407
9132
477
9170
3816
3252
4972
25
580
6940
9359
3471
8263
8938
9309
116
1985
8127
3073
3855
3451
995
9750
51
833
9434
921
9625
7658
1481
7123
8954
3599
8159
6126
6016
9345
7292
8356
1162
3710
7076
4724
2460
4326
2870
6281
8375
5644
4604
3285
1005
9510
3795
6304
4741
3403
8379
2669
4055
9480
1064
6496
6608
6172
2161
350
9689
5802
3761
9283
4346
6020
1216
9765
5864
5204
5533
3055
2773
5139
2628
1100
8746
4789
1396
4235
9221
2512
3492
2976
3305
9329
8160
866
6199
9120
1693
6291
8267
5923
4410
7316
4592
8410
4603
8097
9431
6237
8215
2856
5117
8693
7778
7786
7104
4436
5541
8973
8160
8635
6293
5096
2576
8507
4152
7241
8058
8415
4725
8213
3049
5786
5915
2849
180
8695
4190
5242
5634
1864
6976
6264
1191
8029
3577
2831
5011
6165
212
3595
3705
9863
9711
9149
7
6933
2764
9611
6715
5947
4235
2812
8506
3033
8085
6515
5831
6178
1466
2987
3734
5607
9162
2589
1617
2154
8026
4742
4663
2170
4507
2441
2989
1190
8402
5979
8121
6997
469
3821
2875
2890
1127
7150
5831
1368
6035
703
1095
2582
6923
8239
8510
9034
6039
1160
764
519
2628
9806
7184
4661
100
6983
7571
7848
2693
8518
223
8106
4162
324
2454
359
3179
853
7684
2748
5895
2347
2542
9955
2112
9356
4367
2410
2469
2277
4201
1545
2535
7995
3666
1509
985
9744
3122
6848
360
7135
9013
1336
5213
861
1687
331
2057
449
7216
4710
419
3688
4921
3999
3554
6155
7064
1240
5183
9701
1857
1770
1563
1083
4240
4078
3707
8292
3540
8992
140
7541
664
3999
5867
2818
5128
4075
980
7759
134
4937
222
1862
8756
1993
9039
9399
1024
3075
3805
5850
7404
9953
9463
6271
1819
8039
5079
736
463
4930
5188
4770
891
2410
6420
9123
6254
2998
1518
5088
5316
387
4299
7155
7301
1589
9790
7587
2010
9399
9690
2594
9536
2957
1667
2312
6785
8128
8601
3420
3372
3815
6039
8330
5412
308
782
6915
753
6588
5328
2917
2133
4599
4307
7864
576
9963
6087
8088
9439
3427
7268
841
168
3597
2243
1468
1509
3069
8361
2534
2403
4826
4466
7082
2587
1113
7847
8191
6645
1984
6860
2097
9561
9174
6499
2159
6314
8182
110
8780
6382
5918
7265
5112
9211
5697
8551
7019
9007
8488
9180
6008
4609
6540
5231
6190
2844
5033
6747
9019
2661
3136
7614
6112
5563
2241
3897
9945
8741
6547
5805
1902
2564
7836
2948
4741
3210
7268
760
2576
1175
8492
4024
9414
5035
9654
5435
606
5231
307
1430
3934
4266
5409
2502
5876
9361
2887
1910
5871
9681
7176
3296
4651
7211
5951
8739
6779
3422
2730
6249
5311
1235
4472
9439
8305
9396
9175
6795
316
8457
8227
9694
7224
8788
6406
4177
3058
117
6565
378
6824
192
8816
2655
6430
889
5947
1765
7679
6886
2588
2251
9331
4105
777
8686
1053
3648
459
612
4657
4677
7835
6993
8688
7800
4095
9192
2705
5645
9592
4018
4942
3184
5653
8130
6056
2105
262
4757
5697
4442
1446
9821
7699
3514
4627
6764
4445
8760
2664
2234
2404
5240
4493
7591
2048
8830
5099
8570
9154
6215
2069
4827
6474
4864
4136
4673
1602
1383
2612
494
3594
9901
3982
3112
3104
4288
9880
8075
529
5236
4472
9305
8446
8596
5289
5225
1324
4489
3253
4132
47
7940
4429
8441
4218
4125
5029
6158
1300
2577
4605
1634
9556
3755
61
14
3454
7678
7780
2846
6654
9497
4975
5593
9946
8481
6712
4754
9934
3649
2691
2136
1400
8730
2470
1746
5715
9787
3308
9872
4186
144
8220
5787
2388
4602
5506
5223
6114
6426
3167
259
9699
6510
8894
2676
4799
6318
1448
9565
8593
6979
4827
9845
5143
5715
7958
2109
6305
6061
1052
8112
4180
4853
2796
555
8404
3329
880
6752
6712
149
1795
9791
4121
1154
7617
8735
2812
6009
2841
5946
2638
124
8974
4594
9759
5761
7699
3196
1387
9593
4334
6892
648
5722
3943
9467
248
9624
7084
5015
1045
9777
4056
716
1549
3918
3550
9148
7358
4044
6112
8054
5174
6464
1254
5518
9963
8713
7972
1557
3995
6520
5581
8927
5553
6636
4504
8025
4146
9204
3364
1554
5477
6012
1362
9026
7901
1656
4377
9426
8747
9974
4648
7149
6874
3486
7527
3054
5778
3869
7859
4604
4030
1976
8489
6479
9081
7599
288
5839
9128
4323
1415
7842
7350
974
5615
5068
3277
985
3894
6391
7076
6133
4693
494
3835
402
5055
7250
4408
5322
5538
3234
8024
5843
861
5754
5662
9338
8196
6304
9283
6190
8847
1685
985
2994
5810
6322
7030
6481
1142
9576
9258
9373
410
8626
8289
7341
5039
2484
9902
8914
6163
2808
5728
7804
7079
4607
9520
8730
5549
5916
3615
7139
6628
1790
8011
5939
4845
4153
9008
6962
1353
7950
4181
7360
3434
8530
7241
392
2105
3942
6929
3593
189
6946
2900
6492
9774
6803
2395
4727
4133
9281
1840
9374
4316
9929
4634
8206
58
732
9429
914
5037
9389
8449
2246
3954
7880
4689
1497
9540
8477
3627
6194
7280
468
3900
9736
3814
6345
3308
1936
2911
3537
5000
2680
6251
5591
1649
9197
8
4311
9143
1642
7365
7480
7528
6645
3648
9675
5285
1936
8852
2107
367
4017
8405
2697
8075
3818
2342
6527
342
8731
4358
4691
3251
9229
2787
6383
5637
1106
6000
1259
2777
6527
6175
8026
9712
2426
8765
7704
9228
7686
3761
2056
7009
5667
5724
8882
9559
2787
5962
2961
4844
640
9345
8464
5312
5104
3235
448
1070
4067
521
803
9069
6323
1357
7469
371
1496
3314
4953
2203
8016
6476
4011
5092
6247
5016
2280
6144
4902
5157
6102
3972
5388
7987
9592
9135
5954
871
8866
6032
1090
4379
1055
7004
7925
7101
4987
9667
8326
8162
8877
3545
9695
6065
9355
6672
52
367
7965
9469
6752
7201
4802
1627
2545
4411
2320
7398
402
7962
8449
6013
5436
1393
2043
946
8106
766
6471
3275
3354
7085
7886
2998
1901
2156
3568
3576
8520
9839
3439
7692
8290
9497
2848
3445
6309
7265
3473
7517
7413
7014
2831
1003
5368
8687
5608
7186
8252
6815
2549
4738
7027
2512
7931
1062
932
6220
8214
2333
5915
9976
8851
9668
3374
9693
5607
506
4777
7106
2439
9930
8453
6395
3904
5389
9978
8562
8666
3614
5828
8915
9465
9373
6639
2054
804
163
7496
4946
2189
4319
3732
281
6270
635
7484
4345
1799
750
992
1441
9698
9573
8076
6054
6822
8762
2002
9910
7208
3904
9797
4929
1122
7792
5942
6941
1081
2520
9520
678
5663
8666
8206
174
3877
4456
1760
3062
1104
6349
3701
5108
3139
4798
8225
5388
1038
9981
3395
6291
3825
4426
8768
2890
7052
875
9737
4071
2215
1099
2308
7169
1214
9037
1416
5102
6402
7358
7350
740
4464
6309
8203
4920
1992
4980
1029
5907
3910
8826
5172
2608
4081
9828
2722
8435
9560
2944
6219
4838
619
8188
7805
4036
229
3242
8066
789
7489
2714
907
9608
4267
2445
6079
6687
3203
5530
5743
1566
1715
8162
8183
3666
9152
7263
8804
897
8833
7260
4810
551
7591
9775
573
2886
9607
7324
5216
6042
5913
7009
5348
7660
6505
8612
2486
3192
6248
9654
8057
8263
3732
2251
4752
1618
305
9992
7449
3512
3743
2566
1054
5363
1271
833
8597
5536
4544
2926
4239
4538
6296
9767
7021
5597
8580
5209
7500
6176
1519
6168
1070
6539
5920
4436
4686
8502
7646
3374
175
6532
5679
2328
1660
7722
4432
5872
1147
3094
850
2505
6120
2463
4861
1598
5991
4802
8489
3649
7542
7862
1114
5964
5149
9417
8847
7607
5103
5403
7897
3446
3202
3816
3640
1723
8114
1364
4915
9069
4678
154
1666
282
8154
7678
3334
47
6772
6252
2154
5587
7508
3845
5632
5754
3872
456
8863
1694
6768
4278
1755
5640
6614
9773
8891
1300
8454
6617
7079
1848
8198
5675
123
2900
5003
3123
4963
2186
3710
8640
9358
8278
4548
9286
315
8167
1124
3422
3468
2388
6453
8568
7770
5384
4419
7630
5870
4578
2337
3821
5969
1046
7623
4456
4805
5329
8847
171
2176
3617
7608
7858
6825
9645
5477
13
3148
1865
8440
4997
7783
5190
1893
6688
4846
9700
1497
707
7083
4137
5157
8179
6056
3991
2329
7815
5738
4356
9686
8194
2538
6280
8097
2853
2967
9465
3854
3336
7797
5376
9089
1614
2473
9589
4424
7250
3418
7962
4965
1833
6686
2706
4231
2148
5911
3028
870
8738
798
2078
290
8580
6931
780
141
8115
9586
3243
1702
6150
5214
8902
8528
1689
3040
6746
5247
800
2629
8993
900
8484
1961
4073
223
8656
1674
9264
7629
6212
7770
476
2650
6262
205
1134
8985
1380
954
5255
4475
5918
5577
711
5537
8690
8285
8248
7009
2005
3656
4763
1448
3515
78
2254
1632
9589
6778
7538
9174
312
9669
4002
8484
19
2942
2972
3749
5563
9949
9094
928
7748
3536
8620
9629
7416
7522
8986
2448
3353
5266
7465
1257
2236
5380
2512
4060
7131
5634
250
2816
4503
127
2923
7144
356
5442
5766
1753
5528
2647
1756
6938
3301
2858
2007
7101
1493
6028
2018
2523
519
6379
3754
8897
772
8373
9491
480
5964
2743
1371
1041
8288
1342
3237
5068
474
3242
5010
9049
2880
2416
1067
565
4240
2355
995
2729
6499
6293
9039
5534
9404
6131
6119
6339
2123
5075
1578
6079
9129
7518
841
1778
5216
9720
5469
2746
4278
297
2972
3550
5485
4474
2100
7018
3471
2089
7061
5321
2781
8884
2977
2113
179
7185
2284
1656
7993
5630
5380
3185
3582
3580
8324
1790
1236
9278
8793
4434
1218
5470
5005
9463
1409
8582
8428
3041
2511
1940
6764
8003
3376
7948
2071
3807
5460
4948
1299
8661
1327
7975
1483
1727
615
5948
1048
4715
5674
9740
4565
9218
1137
2622
9793
7754
740
2101
2572
4479
2606
840
6567
4530
3242
6773
3969
9839
4632
8862
2525
2720
8549
5488
4303
670
2259
8990
1037
7823
1426
9301
3530
3598
2851
8099
6984
9086
3774
9450
3986
8992
2682
1403
2722
740
8703
9234
7988
2634
7893
5632
7849
6899
3076
1325
9321
186
174
2253
7885
8894
9586
9464
4053
6518
6129
5737
1165
3229
6020
9536
924
4290
8768
7776
906
3355
6934
2934
2905
4524
4829
5791
2215
1848
6132
1194
8619
1496
7956
9622
2285
4594
2727
5276
3233
8612
6404
7691
5664
2270
6651
6816
2015
4971
1204
3899
3077
900
5227
7900
488
8777
859
5760
2850
7017
1144
2377
4974
5340
7609
1581
6835
5011
3171
3958
8566
4802
1175
3743
9564
7040
6263
7052
8797
8514
2028
7326
6297
3787
5996
6586
6546
2666
3416
4961
413
6581
579
9779
5166
4130
4483
5863
9536
9487
9315
7023
9698
6229
1095
337
8304
3507
1946
9806
4233
1155
2887
6485
2062
9047
5686
8612
3591
9837
8495
1226
9713
3921
4478
7824
764
4104
3834
5743
8809
6071
7112
1630
6382
1643
6402
6862
8608
7497
7017
4817
3226
9440
9346
6238
741
3259
3952
9347
8975
6049
8130
4257
6411
9073
1853
8076
8139
4718
878
3453
6208
1395
4955
1702
8273
7006
522
6728
7669
449
7534
773
4816
3806
261
2586
676
6248
4158
6542
4511
3391
159
4233
9499
9573
9300
4153
7690
5855
5503
5196
1388
4507
6911
5941
9329
7337
6304
2133
8479
8385
4676
5794
948
7298
7218
9953
5091
8359
3572
8705
1757
16
4485
1458
730
3877
7955
6028
8981
9039
5210
8121
9337
925
7597
3319
1520
5215
2657
2529
7244
1606
2019
7011
1966
5989
7396
4092
6422
8127
400
1855
2334
7959
7190
865
3668
9930
8796
1913
8722
6818
1990
7408
9483
7494
2895
8027
5527
8484
2963
5887
988
8150
2870
1460
3881
9909
6558
7637
5280
9081
3747
4094
9848
665
9830
197
8981
9569
6591
3006
7463
3788
46
9224
2718
1407
6465
192
6525
7623
1504
8384
5612
8026
4805
7089
5201
6725
5790
3786
8875
4667
4021
287
9940
7915
440
5609
9926
8475
9134
2969
7874
4995
3756
2086
204
5823
621
8650
5144
4373
9988
6346
559
1956
8848
7910
7784
2501
7563
7953
8674
3164
489
2335
6276
871
697
3592
3898
2327
3044
5060
9231
5649
2297
2335
9830
2827
8320
7311
9292
8379
8449
4048
7355
6910
1964
4476
3703
3155
4985
9291
13
5174
9449
6320
8060
6872
5855
3852
1964
644
889
300
5383
8933
1536
9608
6264
6319
6606
8466
1962
505
3844
2286
7908
8032
5080
9391
6825
6473
3189
5488
5345
4288
9035
1998
4395
3349
8571
5143
4950
2853
2534
2741
3629
6290
6905
657
9757
1154
9977
7429
5684
5059
4681
3147
6235
4363
6832
3505
9205
879
4338
2945
145
6435
2799
2498
6407
7197
453
631
7724
5252
2570
9020
7112
7124
2847
3252
129
7727
1225
5157
9610
1462
2418
8104
9905
9132
5590
2239
6531
4104
2083
8225
9060
5939
4261
1922
4722
1427
8807
8019
1187
7083
4308
7960
2977
636
4393
6116
848
6767
3461
8364
2458
6501
5240
2214
5802
686
204
5204
3311
6602
6537
736
1723
5955
7331
7194
3058
4671
2740
9105
6977
8192
2630
6179
2609
6145
2967
5027
5912
6089
1978
1405
3517
3468
4600
5331
189
6470
6848
9063
1398
784
5159
2966
4863
8614
6978
8557
2795
5708
239
9331
4679
1654
1257
1555
5802
4623
6084
8131
8736
4056
7298
8725
8876
4568
2160
6593
1056
8306
2380
1390
3059
2173
1371
4513
1296
2374
2203
2428
7636
3614
5357
4275
6219
7864
4972
6427
6578
8390
9219
9735
1638
7731
4154
5311
1301
1470
7885
5770
8252
1644
6038
8092
6880
9310
5104
347
8958
2312
4902
8739
5483
9489
4818
2242
4489
8537
8516
8502
6825
1788
507
6956
4154
3298
8095
4832
3011
5804
6538
2140
9782
909
7750
8176
8364
1596
3658
9720
4182
8823
921
2296
4844
5208
230
614
6143
1408
4944
8375
6514
2195
1362
4264
1499
7892
9296
2841
9366
374
1392
8269
6488
9056
2153
2923
8676
833
1508
3012
9849
5746
3521
3406
6448
4827
710
2039
6465
59
7215
7703
9852
6654
8328
1176
7899
1932
170
9385
9200
1467
1561
6719
6409
2931
6457
3661
7435
5837
9742
7858
7
8058
1645
1838
295
1370
1190
84
5008
4504
1041
3336
264
1391
5192
5775
3250
2192
1296
6703
8111
7625
8022
8532
2592
6567
5027
1933
7441
1079
5471
2932
5370
2332
7713
9741
8287
1245
946
8782
8183
8505
4873
333
1353
8262
1854
5355
8933
3073
1092
1211
9535
1295
3368
4994
6537
7620
5211
5574
4605
5406
1272
9280
6898
3873
2065
1669
3767
1626
4080
8603
9443
5884
1648
3158
5737
1854
7797
1713
6922
992
1557
917
6481
2325
9851
8928
5584
8674
52
4779
751
2855
9749
5722
8283
5212
1830
9063
7582
4847
378
7014
5920
5551
6972
5771
9982
6650
8981
2567
7643
1800
3003
1620
5926
8105
1915
7016
132
8795
5799
823
7006
8087
1653
9484
2623
1741
7302
7382
3300
398
2792
8332
1073
5875
2983
3790
3545
4120
8534
2526
3561
1552
3306
6014
2973
7208
3862
6655
2023
7107
1661
2775
9587
9018
6630
8443
8451
4629
5451
6442
7182
279
1918
4533
4070
6460
174
1980
474
6766
3848
7134
6162
4345
3257
2741
4281
2608
7636
2751
8319
4196
4993
9501
4053
500
9886
5558
6002
6643
9356
3570
8387
6034
1303
6854
8029
1648
9192
9031
7471
2069
1513
8588
1244
4082
9247
6246
4978
2750
2398
8847
139
4747
3748
3645
7888
3775
3366
3528
507
8026
9543
9243
4479
3472
1972
2976
2383
4327
1968
1103
9280
5197
8609
7753
6619
9595
858
8174
8335
4172
9415
8748
5503
8870
6450
3977
1705
926
6823
8555
9505
9475
4139
5302
6968
5763
57
3670
4529
1866
1338
1417
2959
4893
2732
4619
5346
1968
4658
230
3184
6611
6111
8708
3786
3464
9492
6773
1565
5725
7772
4580
5420
522
1789
9079
1227
5840
2615
6155
5912
1274
8903
8837
2256
2160
3193
6555
1788
4950
8120
4316
6203
2781
2478
7435
7405
3482
900
7541
8927
2939
3776
1448
7802
3470
7318
8090
6381
4551
4984
2014
5184
3649
1138
4093
607
8604
1240
9473
168
4060
641
4082
2649
6285
4118
7771
9519
611
3539
9119
2109
4625
489
6608
9574
1338
6621
1972
7113
8890
7134
2949
6759
5890
420
2105
956
5507
3391
4229
392
5740
6509
9647
9726
9114
5562
9624
8290
7065
4417
15
6687
1635
122
2651
3501
3579
5340
1792
9546
4858
2458
5173
9330
2079
5499
3733
7136
7730
1431
8369
8431
5273
3428
8087
2923
2692
511
9308
7121
5559
8775
2211
4872
8986
1268
5058
9430
4174
3030
302
7688
7563
1239
7096
826
7551
8481
2357
9206
3608
9938
2378
5279
6565
6960
7854
2332
4429
3842
5633
9641
9405
7402
7169
3302
5268
6981
4182
6327
4713
2317
3386
1545
5128
3497
6337
1085
7826
3572
9463
703
1720
3197
3014
2597
2380
7199
1899
2282
3124
2873
4523
4174
7762
7911
350
8380
1644
2186
7110
5092
4756
5706
266
545
9062
2634
8028
3980
3153
2493
2059
1742
3117
5878
7871
807
2489
6489
1680
9017
8138
676
4389
5289
3072
9746
5334
7302
4055
874
1012
9853
7585
915
5679
6574
3695
8637
6638
2629
7712
7320
7054
9468
2908
8815
5286
4986
3151
3057
3169
4856
4376
9307
7685
1832
2684
1734
1579
8644
8756
2352
5649
9159
8122
1715
6187
5990
8874
4971
6707
1699
5037
8915
1892
257
8050
7019
939
2633
1258
2728
9493
7882
4208
4927
705
363
5783
8234
6512
3789
2905
8366
4371
3832
7956
9885
4592
9905
8620
7219
6211
5351
8647
8640
8920
6170
7146
9729
8757
2222
5214
3298
8075
8340
6795
5391
6838
33
39
302
5683
7102
9124
1898
4602
740
6689
6742
802
3602
9223
2804
6144
7129
1283
3280
6866
4529
8607
4295
4511
8806
8933
7379
498
7300
2265
6442
2090
7022
9356
8112
2627
8718
6969
1907
4777
2437
8430
9415
4279
3510
763
3730
2454
9822
3806
6356
6367
7528
1739
1384
7552
4917
2153
8016
7164
5703
6657
62
3788
7026
3212
6202
9426
3359
6408
5898
1068
2620
2752
4457
7992
6483
4909
7612
4293
7061
3201
9450
2528
2073
6675
5287
5547
7143
8385
2155
5396
5719
3353
5320
9110
7516
5346
1435
3108
7926
4678
3969
3951
6912
9753
916
6848
1178
8358
546
7712
8682
8247
3196
5910
2852
6353
8508
240
8233
9711
958
5283
1088
6633
6505
9817
8474
2533
3413
5592
29
5346
2533
5385
1020
6638
644
693
4255
5871
9353
9240
7261
8712
4999
2094
9095
5172
8292
116
128
6126
1521
3728
6596
8316
8424
9051
4506
6710
2218
3035
9528
3198
2134
421
2201
9015
4973
1426
5098
4155
1663
9598
6632
8959
2743
9757
7531
3705
8174
7245
4058
7172
7893
9989
4617
1773
1089
2738
7776
2578
7699
4865
3780
2220
9755
8527
1378
8160
942
1607
6
6914
6614
7409
5816
6451
2601
8275
8832
8908
2924
8407
7109
2084
3708
9273
9118
7547
8213
1393
4389
9564
5381
4882
4115
7445
2165
6778
9434
6166
8673
3721
7319
5210
1986
4
6902
4452
5803
5794
7645
6298
1494
8287
2538
6464
6443
4381
1745
4646
1576
8693
6764
7885
8758
8384
4257
8003
5888
6870
9050
6849
7814
4716
8886
6919
2942
5744
2209
1113
7215
937
5596
5150
8130
1064
4385
8616
2975
994
1772
9401
8923
8125
8063
4088
7623
8828
5347
3210
4934
6819
9902
4416
5743
2003
8474
3930
9217
8148
1228
9241
2339
7950
4778
994
5620
2839
6299
1188
6938
9062
1440
3355
7220
3056
3057
3019
7346
7324
3610
4200
4047
7245
3515
4550
273
6230
1695
1306
1175
2498
1207
1684
9970
6464
6503
1989
4993
2753
9251
5402
2452
3926
2174
6360
7097
8635
9760
2517
3534
7446
552
7131
1508
5749
7711
7787
9376
8073
2226
387
6837
709
9952
9759
1018
3690
9650
3309
3916
3039
5515
3884
8951
4272
1724
4814
717
9252
923
4420
8831
7982
2334
8431
2942
6011
9309
4376
7063
4137
5587
4275
997
1239
9467
8675
3806
8839
9067
3690
6303
1303
6621
1458
7181
1179
5799
555
5796
9782
4004
363
8852
9041
24
7768
260
293
8414
5659
4385
4927
1291
6380
5476
2835
787
6864
3354
4127
4573
9653
2260
2901
3833
2382
4326
8280
1599
6715
4102
1454
8164
6690
6577
8514
8305
8598
1477
4163
2149
3546
2035
9878
1478
6452
2071
3232
7014
9779
7080
347
9810
5405
4922
3060
9230
3480
5236
9370
5358
5172
5252
7598
6639
5978
962
789
1447
6218
529
6960
5087
1104
9765
3188
185
4209
5940
2897
545
2326
7782
6395
1593
2273
4242
3786
7155
5431
8160
5233
8901
6090
6779
6511
3393
9211
7439
40
132
9798
5496
1803
7206
4678
597
9851
8887
8420
910
1868
830
2151
4251
9427
1665
121
5355
5078
1371
6444
8403
4431
6064
1103
9832
2669
2445
1684
9698
3574
4135
2226
6869
6542
3137
7058
149
9045
7147
1967
2527
8648
6672
9805
5331
3610
5432
479
7417
4318
3744
2852
9442
3771
8486
6395
8309
4117
4258
4651
4730
8537
299
4213
560
9958
1546
5794
2579
1881
3336
2015
7207
7925
2586
8319
3083
4262
7288
2177
3273
9542
1686
5284
3441
2955
4914
4895
1228
83
7527
7425
6652
2518
4663
4414
707
8964
1090
2494
2299
9966
3092
5780
9508
9032
202
5793
8495
7555
2279
8181
9323
4260
2615
8584
2018
2086
3948
8935
2903
9042
3660
1222
4500
487
1691
5159
4415
1904
2646
1990
1118
2346
4233
6075
8331
5711
2718
4043
8237
5187
4023
8289
6854
4966
1004
1915
6375
2368
7550
3774
1148
8050
7701
4789
2468
7102
2916
28
2111
144
9790
4591
3779
4883
3886
8958
5254
6934
192
4314
13
2180
5366
8742
6024
9916
4788
8390
9726
637
4746
6304
106
8594
7332
8773
5234
118
3165
6010
1655
6378
4773
9762
5243
3749
2697
7646
3788
7129
1493
6864
3170
1656
5683
6458
2875
5310
5743
2055
8917
6968
3341
8673
9987
8860
4929
4041
9959
3077
3767
1808
8875
7795
9725
1126
7798
7205
3763
7976
7482
6638
4453
3476
4353
8874
4727
7925
9112
8556
7993
9892
1728
602
9392
991
4149
739
839
5990
1488
7661
8168
3594
6233
2052
129
8099
2114
163
6463
6822
6520
9279
6452
6077
6658
9682
3837
5712
7846
7728
5846
7663
183
7959
2123
9549
1526
7477
9455
4788
5349
6413
660
7373
6518
5819
8342
3673
7042
293
3322
3441
1437
2350
5404
4719
4857
7191
8123
9998
5457
3380
2303
1100
9620
8410
1214
9452
8250
8320
7345
6163
8409
7714
6697
5441
902
1406
45
8651
9443
6598
9572
3691
269
5478
109
2307
9890
821
6999
9292
6058
2918
617
9638
9122
8923
5535
3514
9481
6456
6665
6943
8895
9437
2604
3158
5859
3091
4727
6391
3886
7399
6681
1890
6987
5327
1166
6488
9534
8592
6629
4954
3632
6726
7615
5470
3572
5869
1269
9869
1621
4209
9369
7900
8436
4522
5268
3152
4746
7396
6051
6566
8786
89
9691
9271
7136
5272
7689
958
8875
4115
5716
5569
5762
4307
9777
7644
7719
271
8183
2305
8254
6262
2397
6968
4872
9315
9481
8913
9769
8255
6054
4182
3583
4388
7548
1201
9860
4647
913
6081
3304
7187
111
1
6962
8142
1815
5813
3778
8749
3081
4839
9219
7464
2413
6654
5939
8815
5580
7699
1055
4256
4843
6311
2298
6252
5067
3029
7090
7530
5163
455
5469
3845
6953
5046
9202
9558
2243
3116
8030
1731
698
3713
4330
9472
7315
186
5543
8330
116
3347
3433
5147
6247
5198
4268
2222
7856
4985
3260
9457
5915
3648
7871
485
1349
6380
843
1278
5075
7051
5332
7631
9065
4718
3311
1375
3314
9048
5004
8518
6124
9830
8725
4587
5889
1504
9349
2060
1166
4882
5450
3965
9542
4644
1232
569
7624
4286
3237
2406
9598
4816
5405
6467
4023
1919
921
1912
6267
2175
5861
4249
1605
8346
7920
4253
3008
5274
2770
7005
7791
1230
9611
