536
5367
9276
9530
7214
2390
6418
2777
6909
5335
2179
4003
3912
8496
1746
4807
830
7967
6740
2050
8112
4389
3193
7557
2031
5657
9678
8328
7484
3329
4539
9502
7208
5863
1529
697
4579
5776
5161
8650
8144
193
3245
8382
6971
9774
1567
8393
4956
6703
7149
1218
1017
9547
2536
6161
4194
7047
6523
1341
9839
3888
3828
8434
6368
1080
3972
8
9387
9730
7731
8187
3938
4311
8394
6797
6653
1296
9086
6353
4370
8038
1333
916
6144
4191
2433
8272
6780
2800
231
9645
4648
7946
5922
3214
3689
4749
7285
2348
83
3086
9573
388
6499
9760
9401
4117
7350
8736
8392
4527
185
320
8427
1932
6423
1580
9650
1916
5378
7726
1979
6779
4095
8403
8462
9497
5040
1715
8406
711
1242
4207
3717
9906
2152
8667
6606
6625
7520
182
3978
5002
3880
9949
1161
2094
810
1582
1408
7279
8673
3618
5707
2658
3005
2085
1770
4027
167
5618
2104
9850
599
1139
2250
9508
8723
660
4568
6789
6261
9574
8234
267
4058
2750
4841
5221
2114
5428
3514
9312
4051
7107
5957
2051
4935
1444
4288
8961
4358
7955
6724
4449
7947
789
4030
9436
6257
3148
2210
973
6912
6856
5953
6486
6011
2533
6940
9651
6355
8571
4803
65
1507
2395
8608
5847
7323
564
6250
4361
6289
4451
9029
6099
4522
1533
4404
159
4751
2390
2586
4097
5254
6917
6239
9254
9746
4455
1517
1166
8508
1781
8254
4825
7207
7633
4296
6541
7048
2409
4703
3654
1560
840
8232
8399
2972
1679
2802
1012
2867
9783
2527
868
8476
5876
643
9606
8965
9305
4709
9030
5634
3816
7031
4998
4991
9505
5493
6497
4561
4656
6983
3434
7577
4334
5360
622
1751
9358
9329
6724
3831
8474
712
4572
6735
78
6488
1604
9226
5170
1376
7307
8464
7523
2330
8467
2775
8557
7603
8262
6139
5320
2343
9725
3284
1139
6762
8981
4513
4983
8661
1075
4997
9473
77
6784
7981
9013
2257
2387
2161
8899
7378
113
5970
8371
8080
2259
7869
2697
9184
4486
524
8481
5919
5554
3947
2318
1015
3573
6046
6744
2066
5468
5576
9556
8168
1191
7807
3168
2927
2702
4929
787
4619
2013
285
6468
751
5775
8661
7520
2211
8690
8399
2342
477
7206
7499
5440
7924
8676
4073
9388
3505
5460
4589
7528
415
7011
3976
9098
5905
9728
3462
6008
6559
8290
7511
5624
4311
5679
5213
4926
179
4704
7020
1083
3410
3072
9653
59
7790
3413
2070
5655
4329
1762
9982
2053
706
8
4206
5240
5950
9809
3569
6516
9215
7267
970
7123
4961
6442
5642
9185
2658
7967
3394
5671
98
5124
2404
1033
3011
8889
1546
8318
7956
1051
5039
2429
2751
8252
2101
8407
3044
7480
6068
6681
357
4717
2444
4043
2581
2590
9175
5764
2092
1140
9630
7064
9322
7083
3576
6364
4901
9950
1765
9854
285
2474
3921
8795
2815
7941
4960
1989
2673
9452
9982
1574
3124
1134
6611
6081
6202
5011
546
9054
8741
8078
7830
308
5137
9929
675
9767
9075
5628
5090
7952
9965
6134
7546
3937
8681
6993
8244
3117
8989
1392
2085
9549
2661
3397
516
1191
7384
2959
9846
3896
5207
4988
7304
352
3268
2457
9298
1966
6246
4877
5968
6377
6630
356
5201
8850
7695
5630
4893
9667
3149
7778
1825
6723
9928
9599
9537
1453
6587
5717
7147
3483
1764
5501
1201
1146
5680
7269
9143
161
5824
927
2838
4068
2357
9722
2677
5912
9117
7357
7189
3544
2213
3446
9919
6201
4431
2676
3360
1951
9208
24
3382
4604
5641
8931
4221
4450
4239
8126
1225
1347
6215
558
3703
8211
7958
6272
2503
7636
602
2258
4791
664
1018
3656
48
9298
5881
1004
2412
1256
6058
4103
4777
8889
9806
1517
4738
9286
3598
6533
178
7360
9067
9894
7502
8357
2614
9744
5699
6432
1685
5069
7143
3654
8837
3412
2818
8691
3799
1019
2730
5224
4285
1488
3750
9072
432
1452
3063
9822
439
9188
8687
1726
76
6231
3650
6919
9269
2883
3308
8943
6974
9408
5532
5176
4472
7747
7828
6837
93
7336
320
3586
7878
204
4173
9694
5556
9501
2664
2449
7936
190
3934
8353
5434
2352
9290
7254
3492
4945
9255
918
7653
8003
3037
8414
5560
4514
7282
6468
795
5992
9318
4411
7765
8951
9377
1118
9242
8661
3744
5111
3149
5130
3661
3960
3669
3573
2908
3719
8423
9222
6974
2301
4193
2955
2041
6246
5981
1441
6960
778
9439
7998
7661
1869
1598
9779
248
2420
8899
4196
6338
4230
5284
4768
9975
9612
1283
9299
7308
526
1430
259
9791
4015
6922
5196
9265
7240
5824
8237
6560
1103
9795
3163
6744
1014
6315
189
9524
1342
2602
7755
3089
4058
1128
2499
4615
4497
9175
8592
3612
5522
6466
7987
9776
3529
8532
6432
8477
9854
4514
5915
2120
2792
9179
3250
2085
5264
7306
4878
6449
7242
6749
6112
1941
19
6528
887
8327
9059
2734
5483
1979
6862
9770
6015
6266
1338
1802
4608
6449
5599
7885
1488
4138
8891
8218
9001
4162
778
6712
5503
7422
2035
9385
3586
8358
7256
5588
6854
6549
397
1837
5444
4189
4738
6182
8667
4343
5651
7651
1313
596
4400
6423
8806
8767
1459
2011
6466
9915
7227
6806
8810
2259
537
723
6306
6966
3334
3745
461
7291
5552
8952
4682
9246
1855
6013
6993
1279
809
8195
8367
4407
7352
952
8778
6221
9788
4702
6876
2677
3693
6757
2873
5705
6039
7053
8669
8673
1547
3419
1680
5133
1024
4949
2057
5810
3697
1544
9684
8840
4861
7096
2712
8788
8609
4565
1799
6639
7014
4214
8432
9261
2885
6865
7794
4206
3447
8534
5450
2750
7623
664
1372
1576
2127
6114
3358
8959
8280
1365
7244
9099
3067
5745
8828
9344
6797
7785
2521
6191
2816
537
5557
1066
8123
145
3352
5882
7272
9566
9993
5679
8119
8007
2826
2109
9319
7237
9055
9672
955
2485
9842
6148
527
7687
5731
6669
1733
5531
1852
5842
7328
5659
8631
5082
9696
2608
2989
371
5702
7913
2352
4412
655
9831
989
4359
2942
6135
926
5751
3193
3972
4263
5600
2295
919
5935
3254
764
8517
3866
1822
8243
6865
4811
8667
4428
20
6642
9322
6217
3257
4708
7350
5576
2732
9551
4535
565
2646
8828
2379
1636
3329
5612
9246
1540
5685
560
8461
7306
854
5410
3321
6392
2815
7880
1940
2090
3790
4349
934
4656
1350
4721
3864
1525
823
3298
6905
6394
4494
6137
1620
8787
5499
752
5897
6313
9231
2230
238
2062
8432
3444
1613
7875
6067
7817
6420
9935
2717
6108
9596
7596
9153
7922
5243
7123
8153
6836
8018
512
4219
6428
3741
3399
5711
3312
3284
8696
1952
7427
1676
7872
4703
6624
4569
3552
4063
4178
756
2259
5023
8218
3891
1687
2067
1720
8920
1653
3639
6271
8577
134
8575
6393
8900
43
8486
1005
3488
726
5269
2278
121
3396
8078
7700
9427
1505
7476
9837
535
7667
8617
6028
1214
3143
3566
8747
6774
4441
5863
4343
5970
2396
4402
2738
955
5777
7264
1549
3986
6787
3103
2342
5341
2817
3885
3230
2249
4145
7507
3291
8248
3081
6773
7537
7832
8059
7008
2967
6031
560
2515
6521
3446
103
8462
5964
6247
9138
4170
8160
5654
9342
897
7634
3263
5076
5496
8577
301
8287
6984
3005
7637
5253
3111
2799
4245
1970
6459
9925
164
465
8457
3858
9507
4975
1394
6973
6397
354
7368
5939
2000
381
6574
5112
2459
1468
8713
579
8778
6199
593
4242
452
3781
6189
5699
6848
8832
1864
1627
9460
474
2491
5571
2619
844
4665
3241
1096
2851
5397
9639
1030
5553
9546
1929
8440
8077
4705
8172
7900
9043
2418
8880
5886
7094
2704
751
3638
2779
6225
380
508
7798
8625
2610
2297
118
5129
5180
7076
3225
1080
1588
5178
8622
7833
526
6630
8643
985
4185
9320
2845
6562
7601
730
9566
4788
8143
8755
7089
8165
7757
6761
2718
9941
4574
3093
4811
4514
7367
9963
3319
2159
5207
3447
3879
4389
8187
4149
3005
8220
3233
483
1758
982
8360
3161
2599
4101
606
5498
8033
1374
8343
5595
6943
9081
3222
3539
8206
377
7815
4020
8688
763
2876
5532
1649
5347
7678
5791
231
1141
8004
8511
8958
7495
510
7432
2108
7174
394
7786
6119
6095
205
6651
6522
6447
411
1549
4641
1531
9204
3068
549
3467
6953
1909
9259
4634
2765
1685
4311
447
1172
9060
3159
4399
6794
4183
8195
2314
1934
3327
1635
402
9153
1447
8337
6351
8295
490
3934
6363
5883
783
3089
9581
365
3657
8323
37
1086
1670
1506
1259
464
177
8589
2902
6728
5802
3808
5227
8030
5147
9702
544
2234
2108
6518
9392
762
166
6344
895
2071
623
506
3033
5296
3992
8349
8191
7876
2843
4524
1349
6341
8256
194
5017
694
3417
5104
8327
5331
8499
6615
2663
4861
6674
4878
2344
202
3792
5898
9117
8602
8079
983
9490
301
2988
4289
3893
9332
1957
9629
2549
3288
2823
1770
3682
6946
2922
6235
484
8843
6054
131
4971
741
9655
1654
3424
1733
4046
2561
2287
1355
7975
803
8663
7161
6068
9028
6727
6836
7298
3018
1322
9426
9236
4047
3927
3703
5826
428
2827
2744
5784
3021
9813
7650
5975
44
8780
150
6061
3236
3183
6574
4494
4656
7685
2337
5802
7648
3496
7510
5204
7424
6447
3221
2883
8
2728
5712
7670
2629
7697
9711
1976
2969
5108
3416
7225
8503
2410
6336
1763
9215
1977
3374
6878
368
6537
6047
9913
8952
4370
8874
2832
2591
9282
8057
1243
59
4186
1117
7965
8107
1475
1771
9021
5707
2599
9103
5561
8155
8072
9840
6850
1388
6542
4896
8013
1526
3012
7433
9918
2197
4636
9868
4707
7353
3604
5177
1628
4456
328
4665
4301
6017
643
8565
1531
7658
687
3094
5537
4864
4011
5369
6795
7793
9614
1447
1394
858
6204
3377
9662
2957
9278
4785
7938
9338
9469
3492
3716
134
8361
3957
2839
9599
1260
2511
9304
8398
4502
5165
800
6117
9564
7869
2649
4865
8573
2347
1269
3820
6428
1261
2040
3510
14
9324
999
8845
5758
5286
5125
1278
3019
550
1180
3517
1009
7945
8379
7888
9586
5566
2088
2092
6486
3602
397
502
4487
6304
940
8924
3475
3084
9610
935
3566
9393
1449
3250
5686
1799
6664
135
1191
5125
280
8441
5161
18
6092
2328
4589
3997
4663
6072
7475
9972
6552
8363
9211
4478
9867
378
4107
7289
7738
7392
8675
8798
9710
1893
9836
7853
5913
2710
3320
2165
4240
8181
6608
8868
5122
146
5981
3863
5020
9889
575
699
9363
7506
6850
8584
4075
6742
4339
8691
3614
5119
132
1806
4810
6720
549
6465
3902
8853
9449
2015
4305
9238
1203
4819
6912
1363
9785
2071
557
6660
2392
6101
5294
3955
7992
7775
6323
3592
8443
5458
8154
1352
6723
3861
4587
2601
6867
9884
3276
4189
6241
5200
5191
4263
8986
1991
1610
8092
9695
3028
6600
2150
9984
5073
1054
3623
1276
914
1948
6845
7208
6013
4675
2978
4091
8513
3346
6198
6271
9140
1128
1642
297
3889
7061
3729
7909
2068
5962
1782
5762
2338
7376
2758
1514
5175
2950
2913
4558
2928
7758
7236
5431
3265
6582
6014
8323
6407
7204
9362
8094
4351
2250
4787
5106
6037
4873
8798
9855
4026
531
8835
7073
1316
2804
5003
5456
2249
9196
7528
4059
677
5051
5208
7184
1043
2094
7901
6750
5042
6699
5743
671
5038
881
3642
6484
6570
9686
9200
6559
2350
4120
9145
1880
7324
3644
1151
7447
8887
1983
8698
9754
7887
4121
1512
1792
9551
7745
1957
933
8818
6071
8166
7954
4364
9042
9874
4435
3946
8437
6825
7076
2687
4782
316
275
3188
4177
1439
803
9454
9100
7905
3371
1917
266
6775
7792
9708
8065
4621
8990
3950
8743
9489
4068
2071
7853
5249
1721
4266
8174
2414
5273
9495
6112
2643
880
5444
716
5036
3898
6932
8244
4051
9471
9678
8591
354
7786
4518
7519
1853
857
6668
8559
4869
5660
1433
1906
6214
294
6396
654
1638
9189
3485
3131
2601
1338
8462
8443
862
7322
3466
7721
842
4372
1371
4138
2035
6117
8981
3764
5687
9061
244
1865
9532
9349
1740
3712
5501
1406
665
1132
7397
6837
9805
7632
8562
8116
8924
8169
5208
2090
5413
33
3334
7053
8756
5739
2733
889
667
1790
1949
7087
6866
2799
8334
9107
5321
5659
8234
6278
1476
6183
3634
4442
564
6102
7554
2635
3710
564
2376
1994
3386
756
5508
6281
9103
5951
7131
5797
1163
112
4977
6451
3346
9102
3852
58
2061
6175
5588
9856
4068
9381
9619
2902
2640
5634
5539
522
649
7344
1265
3060
7733
2453
7620
9599
2515
9884
4075
6791
5889
6133
1287
9297
2002
5266
6621
3904
5164
4248
7810
1482
6953
6902
3744
9113
2310
7521
405
2664
4045
2487
5646
8110
7403
105
8184
9703
1478
7906
5545
5382
9289
2903
2857
8179
5687
3751
9018
9068
2762
5541
1089
3932
7996
4085
5211
8528
176
8933
1584
7922
7869
2447
1329
2858
5930
7633
4063
2109
4966
9329
3976
1243
9347
1832
7882
9043
5295
9470
3071
9437
8554
5040
8306
3177
2651
8975
4893
9026
2333
1841
834
6993
5173
3241
9634
3434
6985
5801
9808
4458
3120
6900
1802
1799
7208
2905
1817
3097
4197
887
1312
5581
4282
6287
8489
1906
4353
7107
6650
9053
8282
3136
4894
9074
3287
3634
9479
3046
5874
9149
9908
4550
7025
5537
3483
7912
3641
2027
7829
3677
955
8487
2375
5119
1677
8558
5944
3773
4769
6307
906
4067
3653
3771
13
5247
1079
7823
287
6279
7950
8968
2687
8106
7481
1165
9615
4344
9583
5181
1506
7032
9417
9892
1941
4306
454
3899
1470
4061
2715
1440
7237
6512
6320
6957
7371
4812
7615
7541
9212
5697
8035
9318
1620
8935
3000
2778
3612
3252
8519
2176
5926
9686
5146
8215
7441
9403
5698
387
1145
9325
930
7607
5633
360
5648
9044
266
3032
3536
9584
3665
5894
9787
1417
4780
5184
26
5098
1935
5843
4897
828
8959
9185
7335
5449
5574
5799
7156
4880
3065
5340
1294
7975
1741
4312
4068
5843
5693
2792
1060
9644
2007
4536
2587
6516
9626
7265
7166
6733
2506
1733
9181
9564
9047
2006
5024
942
1810
1025
8005
6915
1803
5695
5325
7927
2406
9628
1748
4546
5697
7543
3557
6319
201
1124
5789
2736
8994
5990
8039
4680
1703
8914
1555
2926
1621
7308
7556
3436
2153
2303
5739
4787
5975
7546
6439
5761
139
5268
8060
8420
4892
134
3465
3658
2721
8190
6575
611
9541
2686
6383
3536
8803
2009
759
1165
6504
5565
2081
4739
3967
8244
9283
2961
6638
7075
7371
3676
1638
3558
5511
4355
257
1960
1001
22
8183
704
2603
1065
9847
4022
2899
5787
5366
330
2386
1659
242
9883
774
1390
172
3987
3448
9960
3190
6380
2335
9952
2823
2031
8591
3030
9525
3266
4679
599
2471
3690
495
45
4182
7592
8847
7344
775
405
6294
8358
6598
3610
2225
9182
8846
5808
6698
5857
1965
9839
522
3309
5198
5742
9983
5518
5182
9336
6277
8020
5285
7381
1508
6218
2388
2396
2782
1020
9909
4647
6067
399
4872
5638
5349
8187
875
7366
1749
2478
8778
8335
1079
161
970
5538
4131
3118
157
9873
3799
9576
528
5616
309
6485
6635
3063
7481
9860
9944
3688
6647
3467
1097
4436
5663
8905
7602
4460
8771
7788
9423
3587
7238
9923
8590
65
7473
9182
7084
1366
7347
6042
2210
8339
1741
2544
1152
2046
3578
5749
5065
9826
4814
5646
8560
3661
3321
9035
8084
1139
2171
9817
715
336
4834
4195
6843
8340
7617
918
2590
317
1882
446
5186
454
9890
1543
3788
6795
7771
6459
6506
7583
6974
7666
2336
326
5925
1876
5163
9641
5077
819
5969
1545
4663
6840
7414
7122
9239
6194
9533
4160
1531
7396
7906
6690
4662
8715
8848
1262
5513
5018
6176
331
6179
2283
6051
5503
9288
7622
3066
9896
4089
6550
9687
1048
3321
201
3958
4834
5302
3026
6306
1356
5667
5956
5024
6045
8575
2108
2312
993
9424
3109
1179
7299
2551
1957
6445
7128
7692
3242
6737
4504
414
669
563
9860
8862
2650
106
6322
3185
3988
504
6375
7455
8706
4975
6205
8633
4735
1198
7396
6458
433
1005
8900
337
6817
3662
724
1587
5597
8286
5495
5586
2634
9798
3373
3570
9712
4710
9620
3451
4688
2779
9027
4255
4378
1006
618
931
9821
9788
8532
5899
3747
4808
9175
746
6977
4927
1486
2446
2576
639
2014
5975
5635
5678
3738
3052
2171
8905
1880
1091
6187
4548
8353
9856
3854
8995
8675
1772
5818
3122
1327
8067
1202
9607
9805
908
2294
6177
2851
2686
7408
4531
6342
2705
7090
1368
4861
7629
7465
4222
8680
9245
6144
5362
423
8278
8080
8732
7058
5177
9545
316
5950
6787
6252
7113
6547
5939
4562
28
4809
9382
6613
3608
6187
2048
5768
2351
9396
8736
3742
2111
8578
1569
893
2984
1534
3831
981
4416
8309
3478
8718
5637
3930
2212
95
1375
1068
4878
9686
1737
8187
2552
762
5069
8971
2038
1053
9081
3724
7331
2033
3501
6251
7148
9742
4991
322
3859
5554
2276
3720
9957
5441
8460
5895
6595
309
1936
378
7233
3634
7426
8347
4566
8120
9718
7394
2613
3844
2004
6233
7168
7996
1028
4864
7244
5600
3107
1889
2606
6378
818
3017
4736
5353
2621
4530
506
7659
2983
9583
1318
3182
5105
7222
2285
5198
9601
3582
9118
2187
8606
9918
882
1966
7630
4934
5878
6185
6810
2511
4058
4767
7920
3197
8841
5186
9145
2263
7021
1492
7064
8471
1807
32
5135
6741
9475
4980
5053
5107
8012
130
3155
8746
4197
3956
1144
6698
21
3267
5409
9612
5544
8318
9746
8221
978
9473
6970
4432
2690
3110
7074
1445
5114
9960
7200
8259
7778
8247
9054
7962
1628
8819
644
8258
3233
6015
6035
7638
5376
4973
1784
5352
4627
6850
6636
1987
2567
7942
3804
3994
780
8482
1591
1759
8208
1332
308
5740
6375
1823
2263
3389
686
4854
2906
3958
6432
7602
5285
7879
2568
2004
7182
3691
1290
4920
3959
8591
4944
1927
3708
6843
5357
2743
8531
1804
4334
9849
5143
5064
1218
8384
9314
4261
1522
3846
2208
7686
8146
4101
6386
258
6069
6622
2428
9337
6552
447
9044
5018
5966
3656
7195
8372
9875
1168
4463
6329
4662
6662
3579
238
7205
9533
4275
6388
7784
8708
5544
3299
3607
3527
8010
4114
9589
2545
1049
6491
4076
5956
5436
8442
6318
5197
7866
453
1377
7021
1585
3364
9132
7327
7169
428
7270
3351
7677
3934
3064
5475
951
2237
9354
5469
5356
3291
297
1330
9192
4500
2921
4941
4273
9688
3451
647
8488
5166
2375
4457
2592
4545
7388
2526
2263
8841
894
1733
6875
3117
4700
3990
6214
3867
4261
3514
6431
9902
4032
3139
7753
2109
3056
81
3260
6013
8438
396
6208
1362
3797
9807
6678
8141
2907
2579
4786
5488
2526
1019
6448
5037
1315
8489
5003
9423
7815
4296
1128
1553
6
3459
3515
1171
4470
6330
8179
9215
2860
5021
187
257
6098
2449
2202
18
5498
1343
2289
7155
4554
9194
7242
505
1733
6258
6980
8528
7534
9447
9592
8068
5764
4916
556
2841
7069
5226
1322
6837
1567
3981
2827
3202
8511
4595
9606
6203
448
6794
4096
5069
9028
4522
6983
8729
8036
7772
3741
9622
2013
7212
1137
2208
4723
426
4056
3464
1176
1690
7822
1094
3424
4380
632
5659
6211
7130
7534
4801
2720
7942
521
1605
9285
5281
1120
237
6941
6825
6192
5098
4172
5583
1460
9643
1751
1001
3730
5318
649
5964
8902
1993
8224
2024
242
6572
2777
8672
130
8578
2599
3979
8514
6098
7611
9073
9202
9071
5646
175
2629
6334
2493
6327
6281
4161
450
1733
1409
4081
3243
2355
8960
4885
8187
2818
9794
5815
4748
5062
9521
8163
3592
2546
82
3817
9213
7460
2840
9364
7307
1661
8533
5886
228
9789
7490
4267
1436
865
4049
9565
7829
6725
9005
5735
4709
591
751
8704
765
9221
3055
1013
2084
4366
4754
6408
2972
6313
5990
5906
5255
7738
3871
9859
4525
6053
7536
6550
975
9540
1086
3637
9056
9286
820
5142
8030
4709
4107
4586
7724
4265
4896
84
2233
70
7256
3394
4717
1845
8670
9195
7457
8341
6426
3297
3045
2496
8310
2296
460
4722
9724
9964
5024
6692
328
4600
5322
60
604
4587
8605
4294
8647
2206
3484
2896
4666
242
9295
9356
7947
204
8598
6375
5259
1261
9834
9681
4851
6993
2399
301
8384
9433
6972
3745
5563
8668
3982
4315
8475
1507
7235
7307
327
4851
860
3316
6995
4828
1200
7010
7470
8376
2308
8349
2898
8908
405
8716
8762
846
9316
8422
6772
9516
8308
3600
8546
1903
6516
446
5807
8017
4931
2599
1054
4171
7505
1153
2032
7666
758
7810
7171
8911
5391
8267
1238
5703
5147
5524
6957
7498
6164
8031
1052
7575
6107
1788
9758
2728
1767
8659
5013
6484
9095
416
4782
2067
4280
7821
5407
8644
3564
9585
5519
3103
7952
3789
4161
9547
4709
9991
2292
7581
1320
9626
68
3873
4628
6808
6336
2039
6682
1223
666
2370
3179
1287
3745
5869
7363
282
2076
9525
6585
479
138
5079
2064
9292
5988
9207
9861
3175
4609
5432
6053
3239
4269
1935
7466
7807
980
1998
3585
6542
9476
2778
9820
9551
4945
158
7681
6742
6262
9569
3189
3352
30
1833
8269
6521
2310
3768
782
2576
502
8342
2656
4026
22
9607
4763
398
6718
2151
9533
2336
1516
9711
3098
7016
9679
8362
1044
6133
7027
3472
7526
8609
9058
27
6514
3649
8688
1342
9166
3327
5413
437
2350
3670
4402
8278
6696
5097
7794
6972
4603
6838
7267
4740
5647
5683
8127
4193
1284
3707
7209
3115
9498
4959
9098
7359
3553
9291
5001
8026
4261
9251
7942
2234
4516
7229
8887
6688
4974
5796
50
3154
1868
6445
3965
9928
6249
67
9979
8126
6980
15
468
7796
2485
8058
5426
8926
4843
113
4503
3904
9188
1102
1389
704
3344
150
8781
9220
4164
3760
7158
9084
4450
9122
6151
2244
9788
2840
7705
3849
1745
1907
4081
1377
8975
4892
8920
8041
7922
3383
6738
382
1079
9949
7916
3445
8971
3518
4639
216
1880
330
4821
636
3535
1767
7208
9934
310
1870
1946
5658
3636
285
8224
4788
6900
8328
5746
8506
6727
449
5982
3891
3888
8865
9549
4916
380
3535
5929
3963
1467
7628
9183
1892
5825
7897
7653
941
4650
3817
2195
1950
628
8415
8146
149
5618
5760
8923
9781
3464
1681
3686
3724
7576
1883
6884
1889
343
5821
9476
9815
3340
725
9900
2332
6590
1548
3869
5550
5776
7849
7394
3911
7665
5759
8460
5608
1298
1194
7863
5884
8796
2483
1809
200
9176
3845
9698
5471
5433
2633
3987
7891
290
7510
7681
1748
6940
9876
1394
2877
8253
6635
9466
4348
43
2734
5058
3204
5052
9344
1410
6683
5671
7377
5454
1783
522
106
5366
2729
3022
3578
5176
116
4362
4781
6147
4794
282
9586
2092
3912
88
4453
7330
2934
1415
514
1888
6403
9521
3730
8096
7120
7875
8995
3295
4021
2344
5636
7871
9249
2174
788
2477
5588
1838
5377
3752
4385
5486
8674
8725
8795
3735
6753
8947
3142
1982
7100
1583
3587
5242
5804
2
4624
4067
142
8115
0
9071
5222
8425
7182
783
4198
9714
2730
3304
719
3372
9136
1808
2267
148
4289
2123
1314
392
9260
3338
6959
9965
4752
4156
4174
9443
9047
16
4722
4137
5823
7063
2291
6575
665
2639
8494
2854
5860
1426
1657
8751
7022
2548
3365
1419
5643
2593
2556
3388
5369
4612
1648
6932
3518
3427
6676
7265
7465
9251
6306
3329
2586
2395
4414
6832
1172
8825
8484
1393
9204
8742
7825
2547
1805
1743
2850
6295
1306
6170
8191
5397
685
6752
5397
799
8879
8327
4655
8218
3400
1416
8331
7106
4539
5563
7672
6844
9204
4509
5227
4170
5345
4739
7972
1303
4097
9312
5093
9885
4475
4096
5255
6115
8880
1048
875
3318
7792
6346
8165
6022
7563
3952
7647
6421
8010
8139
4970
8425
7480
6279
4379
268
4350
4106
3111
1804
4760
4138
3963
1739
1150
2806
9010
8790
2638
1902
8287
9108
7379
2803
9213
6268
1626
9460
5821
2153
6452
5012
5597
8103
9835
3741
8836
8389
9248
5275
2102
4267
3759
8828
1085
5035
2692
9372
2649
8786
7709
5926
2010
6786
4435
7802
8904
3157
8067
5072
3927
5900
2356
3283
3943
142
6514
4824
7970
6081
7423
1109
2741
1856
199
1967
3495
161
1645
3577
2172
4247
4684
720
7200
4239
6418
933
758
7360
6554
8805
9749
771
7415
825
4941
8533
8067
6238
3186
925
9205
9613
4232
5096
9607
5051
6036
1295
5824
1027
7525
65
5201
2733
8511
7565
5745
6413
8218
8566
7863
4465
3026
2570
1561
1283
3243
3979
5430
5192
4820
9598
9076
6881
9171
3326
3798
1455
1614
2651
5460
1900
7001
358
5596
2593
8756
5926
4942
3089
2624
7871
3274
5370
8659
630
1268
3076
1560
4460
526
2946
8911
6962
2929
4368
4377
7631
2867
1225
1403
1376
4999
4070
1473
5086
788
8846
741
3450
8259
1859
9238
6280
8194
2956
6896
9519
5451
9204
7753
5067
8305
5513
3797
3398
4375
3619
5231
5257
4160
1866
2159
9086
2647
5358
100
9426
5131
2547
4368
5191
6404
65
4466
7397
3079
3929
8657
4271
420
3982
6407
1417
2435
5484
358
938
8541
4265
3767
6520
4685
4502
5986
8950
6200
2444
6215
9729
7059
417
2153
2862
6279
3380
6312
7704
5756
4235
6931
7349
1189
8439
9476
4064
3515
5507
8703
9166
1119
9784
1945
2017
486
9655
5804
1102
6038
6344
9072
3952
7711
7689
361
6438
8858
6327
9918
7535
7859
7696
929
6124
199
7846
2955
4379
1723
6014
3148
1969
2135
4581
2722
4124
4402
2990
2345
934
2482
182
7259
6237
558
7193
2060
6877
1507
8527
4682
3515
688
4215
5623
2315
395
2228
7933
6131
9881
1459
6957
6026
9099
5775
5978
2382
9481
7096
2020
5712
4069
3945
4591
9580
3705
1525
2960
9993
7064
7430
655
2227
2590
6656
2651
9783
6008
1486
4011
508
5475
8047
9373
331
5441
2377
3052
5427
7780
9717
4529
7077
3703
473
4003
9402
5318
1051
4043
4040
34
9620
6789
3749
5096
3274
2106
2417
5078
8206
6845
6448
1380
7674
4366
2744
1480
4077
9305
3672
6906
2409
3448
4308
6169
4462
9108
602
5720
5277
6878
2049
4627
1041
6831
6244
1195
6803
6206
2236
9511
87
9315
689
26
7017
3734
4212
8034
6682
8289
4801
1115
6426
8860
5374
3313
8522
224
1036
2082
3767
3058
3652
396
9048
9620
222
7247
5225
1965
4774
3740
5491
8643
4775
7578
6496
5568
1705
6408
6633
5270
6177
9288
6163
1342
4046
6108
4289
9917
7722
7128
15
6891
6858
3621
1010
4386
7334
1610
7242
6079
3588
1691
7937
7537
5795
590
6316
7048
8952
6494
2429
3678
9067
1005
2535
3896
7991
8438
502
3938
5192
3587
185
4586
2025
3818
227
9684
6979
9215
6872
1343
9250
8123
5555
617
5463
9545
1946
9687
1953
2941
889
6214
6361
6587
6970
9901
4783
9493
6800
7351
4029
110
5891
3154
251
3520
1502
6498
9875
7345
1622
6645
8700
7083
5367
3021
2859
5787
5453
2579
1653
3035
6338
1963
138
5383
8463
9251
3607
2915
436
4467
5103
8059
3733
2144
4161
6259
9963
4174
6039
1912
1518
4109
2324
2692
1225
2001
5551
6732
8428
7780
8580
8300
8424
2371
3634
1411
767
6791
8068
919
1130
4899
6724
7801
9388
2896
1702
7908
8425
9835
5240
400
7679
2696
8495
6531
8905
3625
8876
5939
6069
5212
1369
6772
6383
4566
7915
1606
982
4403
1005
2552
1405
2659
5417
4891
3451
7952
4514
804
5395
2766
1653
6466
6118
6010
7427
1198
3796
345
6966
9680
9213
9827
1613
6561
7502
9018
1255
4678
7409
2976
8081
7791
1892
6785
1565
3306
4304
7917
1538
4364
3167
2005
4668
2427
8965
8080
1718
5633
5603
1506
6377
4444
41
2870
1744
5272
2513
4089
1793
3161
1287
1299
6053
5736
2420
1362
183
8810
1327
1717
2800
6521
9842
4635
6593
8461
8213
3509
2273
6564
5925
8412
8782
2764
1585
7507
4957
2852
6305
9846
1083
6824
7995
993
5922
3403
4005
3874
2314
179
8606
4316
6550
9481
5739
61
8931
7389
8751
8144
7828
7475
9747
3340
1782
2037
3828
7459
7541
4617
12
4066
9524
5827
9126
6649
6494
3081
884
7977
9216
4675
6164
5308
4036
445
117
3694
9158
3844
8047
4212
2568
9758
273
4826
9512
3569
5141
5115
4723
563
4286
6356
5456
2369
6345
6389
7971
6488
4576
1972
5930
4049
4129
9935
9492
2351
7887
5964
433
8140
5631
6742
9085
3985
1442
5898
447
7084
6919
9408
5758
6044
9114
3047
2893
685
2787
4266
2725
5555
4733
1102
4672
9954
4428
791
1024
5856
6272
7857
6890
5102
8171
106
7627
3321
2310
2979
4290
555
846
3380
96
4159
2917
5221
4400
2426
3951
3314
3527
8615
4166
290
5673
3624
5676
9184
3593
9977
3829
4801
6871
1411
8678
468
6361
1297
8799
7940
2846
5464
4340
8128
3564
4791
7085
7771
6687
8175
4838
7945
5185
6420
6235
3326
521
6650
5775
2090
1218
1869
1229
1702
5552
3007
7729
7446
7854
6823
8998
8219
1873
2320
2128
5889
1822
2912
1182
721
2444
8569
4280
2119
2091
7065
7798
3673
8227
6752
9567
1197
4054
832
8241
2213
341
9189
2320
1923
437
7014
9750
9444
4636
7353
3973
8958
3833
171
7254
2673
414
8209
9067
532
9957
7881
4738
8922
1403
7206
7001
363
7620
2127
8695
5135
7456
3573
3610
8537
9877
812
4578
2698
5602
2331
6672
1450
9929
928
3114
4645
1981
5832
3787
3175
4592
9317
6753
4532
6689
2309
7715
9020
4909
1868
5011
6241
5147
4125
1587
5906
798
6454
3309
7112
8814
4115
8417
9046
6532
6006
1048
8967
5245
7104
1664
4572
8331
8980
5942
1494
5019
7266
6933
224
8720
7284
1102
