2174
2059
5251
3221
9199
860
3947
5567
6793
5947
6515
2334
6500
6557
1522
2384
6847
6374
458
9823
5225
7184
1139
7511
2901
5186
9817
7969
249
7611
9142
2097
4211
7730
1529
8236
3844
1420
3723
1487
8126
3812
9632
6799
3996
7891
193
3438
7901
6244
3155
1082
5023
9721
4444
3976
76
500
6519
7243
5528
4838
3781
6942
3877
7937
7284
6882
1471
1513
9664
3610
8524
692
6740
7331
3694
4712
278
9980
3314
6767
6531
4506
5349
201
7420
5093
9808
3647
2796
8370
1785
1495
6001
8830
447
6776
5994
6956
1723
1273
3416
160
3300
4787
4891
5378
7713
3198
2193
242
4867
1870
371
9607
1638
4197
8612
2464
1572
2387
681
8731
9018
6664
7953
8280
8374
7414
9187
2931
1779
6425
871
1817
4519
3956
5677
4048
5602
4946
1406
7913
9604
5617
6315
6416
7774
9983
2573
7692
2547
6454
6580
244
9366
5084
7320
8154
5206
2485
5395
9384
4431
2426
9144
5938
9749
8019
4459
5116
5278
4226
1984
6674
9268
3513
1494
1889
1619
1811
8994
3061
3142
8057
6831
5864
6295
8754
2859
8560
6620
2501
8954
6752
5476
9438
1661
7184
5806
3844
467
8415
4519
9053
799
422
7338
9
1547
1272
5999
14
7057
6992
5536
4840
1034
9047
533
6242
1477
2064
9707
7590
4057
2987
4838
6172
7086
9116
6074
704
4184
1502
3242
536
1078
8889
8430
8290
5316
9587
6933
8319
2082
6590
1937
2081
4791
5062
3347
3879
6616
2031
363
338
101
486
9891
2985
532
3131
8122
5236
7928
1908
585
7358
8711
8939
1384
9125
4176
3393
4665
1073
6503
918
6413
9380
5274
7644
5026
6388
8974
5322
7045
6491
5936
1609
8619
8482
138
3605
51
2912
931
4059
3875
5900
5739
4971
6771
9177
7283
5136
9418
2521
3887
7522
3205
4435
4463
9416
5780
2553
8409
6148
8167
3305
8922
1414
505
318
3260
6716
9067
9255
7666
339
2983
5162
3829
5511
996
676
6472
4838
948
5131
6034
2957
5306
428
9259
1089
4964
2564
6725
310
5512
751
7389
3999
8154
5783
6776
3654
8594
3764
5892
5116
8519
1039
2422
4236
7408
8997
1944
6999
1976
1904
465
2341
2970
581
678
6596
4649
7795
5850
880
8281
5204
2676
1883
8358
7827
8582
9105
4230
382
8616
8845
9063
4216
5083
3550
1494
3478
3009
8834
385
3596
3850
9961
7884
2721
5620
1882
9424
2586
2916
2785
6447
777
1658
1313
9806
1344
7556
5334
5535
3584
2281
3982
7665
404
1613
6127
5167
448
1235
7776
6481
6258
4646
3236
2841
3861
7500
9323
9364
6762
5320
7825
1212
9777
9275
9419
7635
8851
4406
5823
3632
81
3694
7209
4858
625
3679
8816
1191
6182
1615
4479
751
7622
7587
3003
7494
690
7765
7227
4030
777
5632
6919
3396
8833
7323
8279
505
9904
1287
3713
2657
2436
4878
7582
3523
7631
829
931
8812
2421
6555
337
3768
500
4513
8727
5803
4832
1684
7884
2647
4993
1229
8533
6281
4149
8398
2984
4554
2355
7100
8173
4956
4670
7529
4182
7663
9895
8832
9849
1143
3180
4508
5891
3843
2083
7817
4992
6319
5721
9415
8320
4023
8426
7343
599
9298
4974
3871
55
7621
7047
2099
2920
4853
9302
8799
3840
6140
7430
6852
1327
7730
2933
9259
8065
9615
5449
3278
5336
549
3344
8373
1755
5027
9021
4654
1599
6208
1537
4356
9978
8343
8986
5888
6789
8096
4470
9644
3347
1913
9944
2675
6567
2081
8427
2123
5402
8488
7809
9573
2668
8744
2656
8795
8915
4931
1067
7685
475
3311
3541
9190
9116
3930
4619
7602
2018
4980
5632
9107
9980
3880
7688
5559
8199
4269
1014
9153
4692
8176
329
2596
1819
7503
696
8953
8945
2503
6189
9687
1623
2352
2290
4712
7780
5378
8454
2622
4416
5703
6635
6135
536
9766
1142
7049
5875
4953
6888
8631
5413
242
9492
9033
5991
8059
4672
9712
7812
8408
4884
3698
469
867
1831
2537
493
5265
5136
2027
7108
3170
9695
2817
8591
9813
1290
1362
6341
8242
9244
119
363
9472
4965
2147
5550
4215
4848
7984
9614
8313
1815
1054
1974
9238
6105
7013
1207
8906
2504
6898
9734
1509
2657
9448
4302
5138
857
4066
7479
2019
2842
9654
1538
4790
1968
9087
5038
8616
4049
6974
2591
3917
2038
5803
8085
1950
1930
7369
3748
7292
424
7985
2750
4814
7322
3299
7329
3015
7390
3206
6657
555
1969
8992
5705
61
6105
3285
4891
3501
1047
2312
1361
9880
9714
387
6972
8941
5376
7387
5399
2025
8764
2763
938
8427
479
3848
6034
2856
704
8597
3400
1040
6387
9932
1990
4426
8236
3766
2033
1577
8120
5095
2535
2673
6479
2265
981
4633
6439
7660
6173
3032
9910
1129
2108
8755
4518
5514
4487
5965
4868
3300
4558
9484
4126
7834
4064
7129
6938
6068
7123
5161
9145
2917
2401
6839
3286
9121
1539
8520
400
5549
6818
5278
958
6376
2198
9792
9971
6161
6301
9116
3938
4719
5468
3323
4011
9887
1141
2967
9270
3285
4627
2240
9836
5522
4507
8064
7146
8621
3384
9439
7256
7909
4513
2252
1836
9918
9509
9481
5990
865
2699
9195
7361
9586
7363
4124
2954
491
8813
4504
1265
6692
4803
7910
7697
6735
762
1409
6704
5165
6621
8618
1907
3653
9483
8321
321
467
2945
6054
4523
2114
5086
1960
5763
2370
2447
2321
3031
5414
7265
2617
6869
9204
6034
7004
2769
6946
1832
3055
9665
7222
9309
6413
2263
2829
9902
948
4263
8868
6548
3325
7601
6359
380
9075
6294
4138
9993
2904
1765
4102
999
7490
4432
1723
3699
3427
9054
6055
8802
2492
1292
7284
1378
6149
252
9457
4395
3196
2093
3445
9471
1464
5712
5210
6682
7591
5294
5514
5543
2833
8816
8645
7557
9780
6635
4454
5491
8474
2252
5589
3426
8609
3821
9365
683
240
9047
1115
3776
5771
1473
8727
7799
4891
9075
6078
4193
2102
60
6653
4656
2642
5871
8667
2565
2949
8439
1347
2180
1030
4593
591
7806
8639
5403
3536
366
7246
9356
1836
7684
4283
3422
374
8111
5550
8162
1852
2118
5897
2586
6337
7140
8106
4614
3021
9676
3790
1271
3039
553
8001
1954
7145
7058
5067
4993
1293
427
1981
2008
216
2809
77
8685
4457
3888
151
495
6844
5004
689
5433
500
6206
9300
7639
4321
2984
8514
7211
6879
839
2658
6513
3433
1657
5358
3267
6781
7536
1537
6520
3220
6775
4380
8004
4083
8416
1073
4573
2709
5655
1731
8454
7196
4772
8467
6741
3437
4185
192
420
2221
4345
3232
3483
1332
630
8845
5201
2770
3305
8009
3189
9717
3823
1385
6000
9879
8596
57
6373
7985
4167
5912
8642
40
2988
5968
47
6425
6340
671
8062
2594
3551
5520
4580
8007
9123
4889
1341
2009
294
7386
1284
8339
4607
8099
6800
2416
5235
8445
5052
3043
9801
8582
1845
8999
3351
9045
6241
2879
2241
6728
3269
4851
8575
3744
9500
5562
4943
2709
3441
1858
1710
2838
8882
7836
7715
143
7755
6721
4244
8266
7815
6312
1833
5057
1907
9438
3893
7373
6846
180
3660
6452
7051
1690
4952
5533
5417
7570
645
4481
3343
8833
1226
6471
2227
656
2218
4475
2359
7852
7434
2104
4199
305
9785
8947
9081
3229
5203
9206
4751
9242
1335
9598
3381
6262
4054
7261
9758
582
8180
6443
3413
1730
9581
7290
9197
4612
582
9654
6529
5113
8772
7129
3767
4806
7990
2923
9834
5704
1215
8337
5326
7506
1893
5332
1391
6048
556
995
8529
6693
4348
5076
4098
2869
707
7455
6541
9328
5186
6804
4295
8225
729
6804
4875
7827
7726
9317
3652
6881
5027
9726
3017
6720
9200
4711
4952
20
1032
1099
8020
5251
1737
3408
2971
2213
6672
4803
5891
3185
2919
5262
3138
5695
8584
5866
8890
845
4783
9333
9916
1275
1867
7417
6334
3002
8178
8900
1156
9748
9014
3981
1835
4500
6736
3611
3745
5927
2385
2430
7039
8622
4519
5792
9555
3811
2165
5707
9678
2387
7155
8968
9248
9278
4051
4307
6210
281
4657
590
2500
6474
9435
7371
9807
6779
5041
5144
6839
796
2111
1111
1525
5888
9244
7611
1749
3929
7236
647
9001
1542
9579
6394
4463
4830
2792
284
261
1302
7501
1512
2762
5290
4367
2619
910
8299
6174
7187
4069
1650
3716
5209
1931
9637
4074
3361
8866
8707
3275
9710
9399
5472
9485
3510
2829
3604
3374
1900
2698
2874
7390
1728
6622
9082
5128
6925
5490
8838
6872
4474
2529
487
2806
5112
966
9194
7848
4347
9268
6873
3957
518
9452
8604
6079
7291
5375
5230
5111
6310
1391
4839
9497
1013
1650
3552
6480
463
8479
3878
962
4169
4965
8424
9755
980
9184
1019
7313
6087
2160
5287
6515
3738
2465
2252
3861
4001
6736
2692
7941
1817
9910
5654
281
749
448
8384
3771
4014
8489
3694
4175
2317
5492
8492
4504
6809
7109
7623
5418
545
2956
8467
1767
9213
2812
7225
2209
5734
5716
8770
5621
3248
3146
3856
720
2049
8841
4334
8217
7537
4070
3803
9126
8705
7155
5843
5836
8168
2474
231
3414
5262
950
2487
2112
9738
2384
5761
3508
8516
5773
1889
8168
9795
8680
6309
8787
8348
6595
6689
7907
1524
3444
6636
5144
4133
9536
5275
8490
977
2301
9909
5051
4211
349
3562
7339
3347
1494
4710
1523
8724
3695
4002
76
9433
1603
262
5443
9732
7864
7713
3555
4698
157
2502
2838
2582
4539
2702
9218
549
4642
2554
7519
4958
4882
6805
4631
232
5871
7407
418
9652
1856
5829
3689
5985
108
4127
1170
8342
2215
593
9746
8721
4619
1090
9660
5025
7392
8363
9696
4916
8346
8169
779
8349
9106
491
7080
4816
2228
8853
5145
6351
8218
9667
358
8988
7905
7110
8863
9268
2494
9177
3372
7893
4999
2331
482
5510
7527
7953
3148
1887
9264
4935
1154
8210
4937
7142
3405
4620
8554
4346
5202
6150
9715
7579
3809
6356
338
4991
264
9234
4135
211
1390
2518
4256
6825
156
7393
4501
2129
861
9339
4753
959
6775
1740
4053
6203
1643
4711
1637
115
5874
5461
1855
5232
3462
1134
2499
8365
9225
9849
9545
8673
9060
7312
4017
286
6357
3585
7671
131
6547
3942
5186
5176
7210
4139
6095
1907
1188
6828
737
7413
1105
651
115
6428
3086
5567
3247
1673
3041
2578
2021
7094
9156
3715
6967
4369
1063
1006
8192
4669
6685
8792
2916
5080
6728
6352
6188
9252
8563
3122
2493
5692
4371
3273
8489
2638
5848
3996
1321
5700
1404
5831
6481
7628
9956
212
9598
3537
8646
3326
2887
7059
4136
6608
9261
3563
7736
1559
4549
7724
6941
7600
3478
6458
3035
7411
9961
1962
2745
701
2701
7652
9265
5411
4042
3162
2126
5860
398
5851
3401
4605
1613
8419
7199
5649
464
3804
7100
8313
9170
4901
4765
7538
8928
9403
4256
1315
6271
6211
8198
4989
5371
969
7343
2554
8741
1114
2912
7709
8692
6597
1964
4613
1115
5629
956
9594
4642
9250
4502
1357
9101
6423
5107
3818
7858
400
8723
6411
5101
6485
5417
8052
7013
2275
1996
764
9233
2014
9324
6268
5812
2973
3526
1179
2682
2436
2026
1733
3823
6712
5729
9424
2282
5955
5026
7796
9043
824
1856
2131
7572
2078
9943
9266
9234
9913
6606
1995
5552
4078
3502
4090
3180
703
2066
9173
1112
6191
7440
8613
8001
4687
7374
9609
2003
3995
4435
9068
2203
3644
8484
7049
8797
1055
9955
4259
3335
4962
1381
5934
7764
5647
4021
5634
6964
1139
1743
3973
408
9076
1131
6294
2075
1037
4230
9334
8389
2429
2889
7567
2498
9304
5603
9417
1334
8349
8491
1329
3699
5935
7646
329
5564
8565
6461
6391
5055
8662
6529
5556
2455
3650
8418
8123
3632
7788
4385
6480
1070
1290
1289
4350
1709
7173
6341
5265
8564
7102
1155
1623
193
3753
4687
5625
7426
5848
5690
6735
5148
572
494
3839
2921
1884
6738
9414
353
5198
9757
6494
8996
482
5452
9734
9051
3780
866
3439
7097
4647
1440
4262
6868
4686
9098
8588
665
2234
8918
9577
658
2372
3521
4960
7259
7345
6779
3074
5021
2323
6670
4159
8301
102
1010
5433
5231
4224
5000
7747
139
8462
8504
6391
9212
4203
3289
7998
2287
2300
5995
8252
4557
7676
4539
8657
6861
9986
5964
7338
8274
9066
5613
5718
5948
808
656
5584
2199
4859
7543
8353
2100
6
6799
8746
1713
1456
1227
3064
2154
9290
5058
1748
1438
3082
4479
6068
8615
8656
5896
3600
4603
1178
5752
4114
4747
6700
2147
6546
3981
9043
146
929
6915
5178
3063
7965
2492
7796
6086
3256
1240
6159
7257
3510
685
7206
9913
6609
5655
6745
7010
1702
2665
6264
496
9668
1268
9448
508
3158
5014
1369
4486
9169
1675
8740
5507
21
730
8648
7695
3022
1364
8919
9585
3728
8261
2742
7817
373
6810
2223
4680
8138
1630
3873
7179
7890
3005
7746
3446
3285
6416
5243
218
7405
1892
5556
5151
4547
9565
1984
5146
8190
1499
9351
9478
5616
4252
4323
3412
5456
5638
7310
1601
9163
7867
3841
8451
9226
417
9668
2505
8980
9491
8277
5885
9094
1427
1068
482
4668
3189
3649
4198
2510
717
8568
3344
6846
5429
8476
1
9837
8880
1625
9343
2311
7481
3628
9220
4793
4086
1308
4045
7118
3267
4803
135
4804
1263
2391
5660
806
3539
5864
3988
8613
7395
3073
7369
6803
3701
3537
5267
6030
898
6859
5689
3877
1290
3666
974
1507
3713
1003
4773
3893
9633
2383
3665
9364
4131
4897
2408
3899
364
8602
5069
8786
2407
9106
6561
7482
8647
5926
6026
6397
2827
569
4932
7816
9404
1055
1711
4257
3953
8103
2878
2236
8821
6345
1369
6282
5683
5074
664
8375
9240
8577
2841
2883
3996
747
1802
7607
7433
8525
6087
1034
4079
3876
4382
6294
1625
1363
3599
5883
183
1488
3357
3984
4058
8040
5760
9051
5171
8817
877
8972
6097
8270
4420
4921
7370
4051
4507
8196
4851
9599
2637
1429
4123
441
4439
6819
412
5713
5714
246
7285
9695
5627
3330
8007
7090
2233
6576
3486
6771
7659
2623
4538
5533
3415
910
1496
707
2467
7668
8595
9448
6034
7653
2640
4
5573
8258
9393
2355
1149
9139
7396
39
5205
3750
108
3395
1495
4456
7655
3922
3541
7319
9360
4419
6885
9208
9472
8687
7808
9762
5060
6066
7308
1046
4461
9374
4995
5404
2707
9966
2688
1583
7
1849
8277
3828
8285
9431
7569
6486
6977
3518
6248
7934
3004
7500
9652
8331
9200
4451
283
9145
4562
759
7818
6870
9679
1873
2110
2051
4456
2517
1253
5715
9293
537
5598
1582
6400
4994
5473
4410
2459
5296
1999
2845
7237
2727
6600
8318
6057
5477
1017
2547
7953
9476
3501
6240
1470
5155
6080
6857
5431
2365
1427
9708
6972
9064
5808
2527
2685
7267
7760
3136
2127
5651
4487
3927
1864
797
6066
6972
8707
7758
9795
5507
2770
2655
8164
7983
7397
2662
91
2657
1699
1126
2457
1219
8738
1136
3176
7262
698
2458
5916
3203
1883
9654
2363
3580
3025
7763
7076
2770
3881
5817
9187
3743
9721
6981
5595
4909
679
3886
1234
9755
1170
3544
1249
2398
5146
4783
1744
823
6151
17
834
5507
2959
4446
8247
5300
9576
8703
9789
9885
5964
6829
3885
1179
5696
6315
5680
516
5621
6537
5153
9701
2160
1979
2052
7392
1698
2125
8357
1837
6040
4238
6065
9187
8163
7951
5611
3347
5003
7681
9907
1227
9027
2124
7420
3863
3838
9223
1189
8628
7954
9310
2575
8953
164
8654
8697
7883
183
310
3782
5719
3574
4559
8630
3462
4535
1020
4870
7618
2742
7390
2080
347
9383
9256
1190
7022
145
8653
2632
3841
5084
5099
9820
1361
333
4935
7286
8029
2384
9958
9417
4815
6559
9813
9683
1938
2082
354
5413
4909
7360
3808
8469
1041
8175
3538
716
4972
9372
5087
9705
5688
2025
5182
559
1598
7661
8870
5741
4796
3228
4258
1781
9983
5464
9958
8084
6289
3433
9765
4269
6630
1594
4991
3070
2123
8700
5093
4862
753
8133
5965
3714
4718
9599
4238
9222
3465
5584
2535
6839
9746
5228
8098
8539
4502
6892
1491
9241
9178
4409
3824
7454
8583
1292
1527
9798
847
3130
3317
5663
9631
6024
1566
3586
7950
7699
8350
4503
1931
1882
9569
6644
5282
3428
2319
9565
7957
321
8320
9514
4209
5123
1671
3477
3020
5246
3395
2300
4649
7527
9817
8356
2231
7142
3241
8870
6917
1338
7565
5067
1727
6530
2415
7625
8631
2787
7222
1315
2728
7668
1339
1722
111
5896
1855
5285
9914
4405
4270
771
4221
7799
2206
177
4702
908
6421
4596
8739
1569
5077
5810
6181
7255
6176
4934
1108
4159
551
2848
5497
8174
6481
5318
8473
3951
1901
9463
9714
1003
8376
9001
9386
4803
3713
8558
8857
8505
9863
9638
3782
3977
1339
6468
9981
8169
2771
8477
7618
8972
4496
575
4164
9393
3885
4006
9358
622
6648
1627
986
8148
3958
5313
7733
6511
8122
5760
1612
7623
8917
2722
8802
2195
6097
7945
9521
6686
1195
5338
8493
7600
3335
87
4637
27
140
5440
2040
9667
5875
6332
8851
977
5346
5696
4991
1700
9897
4911
5258
267
1530
4538
1987
4498
4104
50
503
4285
8889
7793
4061
9643
895
1766
4713
9602
9311
7154
7266
128
6762
1066
3781
1352
3386
5388
5001
7346
4775
1916
8240
5929
6036
6572
1487
4494
1446
1006
470
2428
9899
3432
459
9293
1125
8780
934
9964
2318
6159
2284
4450
4140
7440
4311
5211
8852
134
7592
9068
7282
648
8272
1766
4699
7875
239
6490
8698
7116
6625
2082
2015
4915
6013
3069
9607
8465
965
8126
2642
8270
4873
9097
3046
8078
8289
2722
3446
3896
7508
614
48
5598
6168
5980
1752
2780
6278
3569
1674
1619
5921
8738
6555
6263
484
7827
8929
9334
4675
6232
15
4765
3929
1924
6781
3377
1267
8290
2557
9604
9099
6410
488
984
3420
9126
149
5330
8870
1523
4269
29
2601
557
6010
3989
6685
1377
5540
9567
9674
5161
1173
7681
475
5836
6433
3322
7304
4566
4679
4543
6380
278
1723
4162
8814
1089
2550
9408
2305
6271
8393
2457
9691
4321
9466
7291
9951
9669
6979
5581
3857
8097
777
552
6762
8152
8257
991
602
4195
5629
133
3451
941
4321
6129
5823
4279
1908
1777
8439
4299
8259
817
2250
9539
7212
7138
4679
8317
9266
8446
6777
513
128
8085
1609
3378
5147
6764
2223
3756
3733
7051
2690
7752
3110
2305
8841
4367
2813
6114
1249
6973
9490
2016
1570
6798
9671
1839
9663
1755
3588
8044
9024
5036
2687
944
7009
2607
3893
785
4479
7782
369
5244
8458
1397
3467
590
478
6796
3464
1095
7842
1092
3816
9850
8866
2671
4940
2621
5616
6177
9929
3531
4949
8450
7789
7122
9013
3585
8477
3796
2170
1543
1217
3701
2188
3639
2064
4410
1455
510
7599
4641
1030
2793
5577
919
1907
2314
1637
7039
3077
3985
5866
849
7791
4234
5576
7116
1470
6570
1751
4969
414
4389
7641
190
3029
1699
2639
3441
1188
1184
4392
3860
5382
1944
7346
5515
4104
366
4818
6806
1949
2078
8512
5427
3312
1993
78
364
3397
7420
428
9611
2588
4534
1931
230
4901
4429
9452
1331
9744
8688
5146
6642
3247
9753
843
4568
2851
4097
8117
5620
6954
7214
1379
6480
2860
1540
9228
5017
5923
6591
6679
2288
2942
7315
4255
4215
4402
5583
8028
6600
7853
4862
2255
2316
6578
4944
7865
6917
4872
8926
6256
6230
1178
4203
4834
5062
8253
3728
6033
8424
6935
2566
9579
3902
5908
5282
941
6248
5908
4950
723
2785
7739
5159
7645
1885
3337
830
3597
3363
1279
538
9784
6652
986
5761
3301
5983
7925
476
6845
9060
6441
9241
2957
5953
6355
8921
6321
5963
609
3796
8120
7480
7501
4003
9590
2478
1323
4143
6812
1010
926
6354
5280
7708
7585
3713
6939
7047
5748
1602
6004
1880
2771
8027
3534
5787
4770
7129
6531
7687
9565
1964
4230
7198
5030
8175
4137
9517
2434
5233
7777
1212
9155
407
6085
9665
905
4166
44
788
1120
583
3531
1352
8506
9102
9688
3489
611
811
4051
5899
7784
4638
1009
5767
87
9022
1186
1142
7033
2384
5881
4901
9508
5341
7714
750
6080
3492
1379
7517
2570
4873
1781
605
4702
4020
3166
5470
7882
6916
1964
6653
1942
1561
456
5680
272
9067
2796
5751
848
2086
5328
9571
4496
9959
2268
5344
3554
917
8981
2863
9673
6502
9404
1084
5606
8395
285
7091
7217
3390
5515
7438
405
8161
5166
1519
7539
9589
4264
8457
1275
6845
9275
4717
3864
3085
2207
6384
3003
5492
2085
2020
5672
7193
7645
7274
5942
7170
7161
2340
1104
139
1570
3802
8324
933
1389
1511
5277
8840
5182
9033
7973
3172
3159
373
7636
8744
4298
4504
7755
8184
8066
8140
2810
7775
5633
7772
852
7571
1502
7008
1487
4481
6645
8237
881
1390
665
6377
6131
6058
9434
3954
7532
849
1463
9768
8407
2497
6570
6574
6299
9268
1321
9746
6056
963
4145
1612
4133
3851
4553
6312
4734
7903
9796
7940
6516
4652
269
6798
8236
6031
5503
9821
9031
7864
5334
8375
7258
4607
9086
348
7351
6914
436
6093
5861
1967
4877
4950
7544
7844
5552
410
2768
9268
1898
6783
4700
6964
6687
7966
1441
4559
5952
7804
348
7245
7532
7980
5552
9683
9628
9186
721
8886
2086
2101
4875
8100
1942
8625
6190
8030
1307
4727
9302
1506
2837
7439
6187
507
2578
4369
3011
2359
7091
5680
9357
5741
5422
4419
3067
6020
412
9313
4029
8502
1793
7672
1154
4538
8353
4296
4730
9194
1739
6310
3829
9491
4349
9475
599
6817
5244
1669
8809
7020
6090
3772
2040
7315
83
3843
8998
9346
1046
6551
7254
5671
2654
9527
962
1513
8896
9565
6060
195
2288
831
5169
8083
6406
5737
4283
3686
4931
8064
5906
8083
5773
1457
1666
5899
5081
9442
7968
5916
7507
4556
6437
702
9955
4586
7683
3175
8418
1298
2927
5826
57
7563
6134
4818
217
1291
5124
3682
1301
8809
4217
9881
8783
42
2734
3521
1141
9046
1868
3003
1845
7909
6460
6644
3626
3297
5745
6175
5855
4425
4096
928
5957
3296
3952
4092
1183
2384
9190
881
9306
8385
6556
7288
6435
4817
6219
1434
9092
4485
1649
1028
5615
3590
4497
1393
2582
8954
6512
7172
8644
7983
7632
2050
1703
8047
7235
6632
9336
2329
8998
2393
5946
9470
2028
6363
2350
2778
7012
802
3231
4883
5894
5101
8141
9995
1108
9278
2617
4970
3324
7192
5557
914
582
7915
9514
6266
2350
1658
71
2371
634
3296
7204
3095
3886
2315
2189
3814
4821
3775
2695
7574
8836
4255
7564
1662
449
9392
1419
4565
3291
6206
1612
3896
7735
1003
79
3646
7319
5395
5445
3611
9468
3042
2962
3398
6629
7359
866
6750
8511
43
5256
923
7673
9391
2658
9985
3947
5912
6126
6532
9679
1071
3612
6781
4595
2053
8980
4394
4406
8876
5011
7742
2928
3245
4135
2966
8676
3404
3507
4594
9907
9411
7313
3243
5667
816
3996
5290
3383
1033
9627
6071
2703
7615
592
1955
8096
9393
2317
7902
5229
5806
8724
3046
8698
7721
667
5224
7842
7546
6489
8990
5181
8031
2897
6205
8503
4173
7356
6233
33
9571
4979
9490
5314
8499
5228
3063
6979
1800
7580
3954
4025
6370
7261
8051
1967
8161
8736
1586
9201
2035
2706
4365
903
7715
3660
3949
9631
1819
8270
9958
3481
4763
6663
9635
5558
2796
392
185
7875
8472
3836
7008
1678
4157
98
2707
8991
8263
4460
1921
7589
85
9822
519
8686
7245
987
4688
3913
8298
4954
6213
9563
3816
3536
4859
4343
7436
5963
5170
2583
7743
7316
9689
3278
1988
1137
1511
1970
28
1773
9366
9014
3828
4024
2891
3719
8382
3434
739
1019
8446
8504
338
7476
8874
4165
4463
6036
5284
8679
6445
2089
4596
6768
5761
9959
7459
6586
2452
8879
2002
9168
4418
4780
2739
4208
8459
7770
2779
5709
6356
2020
5003
3126
7414
3306
369
5224
1797
1496
2107
8185
9027
5148
8750
7292
3444
9262
2515
3286
6101
6833
4586
85
8560
3486
8179
6269
1059
4299
4758
766
5500
6597
6353
7500
7306
2901
8260
660
1794
6098
4577
5521
6669
3727
3243
2810
2009
2734
9765
7591
6357
5999
2091
909
4341
9273
7042
969
9549
7721
5458
4309
3056
240
4683
5954
5954
3186
4228
5469
7755
2579
3479
6720
6210
2465
9456
9787
5812
1824
1478
5150
4295
8045
2372
4901
5094
5374
7868
8672
2370
9744
5952
8679
3880
837
945
9224
3081
2853
1823
1659
2950
8128
3843
5789
2015
6790
6993
2009
6946
2292
3112
3670
7264
7088
6154
9798
1786
2797
9715
8100
8770
7949
9092
1957
541
3945
1886
1120
6929
7074
1345
9928
8765
1387
9741
8954
7283
7746
4430
6109
8250
8306
650
9704
2797
3991
7199
7006
9916
1502
2641
2828
1254
8188
499
4807
8724
2486
399
9781
9981
511
9518
3853
388
9552
3592
8205
4826
1978
297
7304
1021
2016
9317
7116
829
781
3865
8127
1446
2939
3510
7818
2894
4224
9680
7184
2660
6033
7342
3559
2183
3718
2466
5061
7285
9306
2018
154
3239
7501
7171
7475
9189
6643
3565
5758
154
6153
6777
633
9650
6063
9722
2249
7810
5416
4418
2614
8981
9142
3251
622
2340
9864
6256
3062
4720
9259
1806
5683
1202
9560
2142
6699
8197
6408
3602
9889
3116
4352
3377
9923
9794
4526
826
1531
3962
5199
9587
287
4593
5724
6622
2576
4330
7056
5045
6918
2447
1379
4763
2462
7121
6430
2045
9477
5406
753
3053
5755
8076
1787
2919
7604
5012
9516
1353
5659
6679
6069
9312
939
8126
1210
7407
1665
6365
8088
6039
8280
5118
4768
416
3946
119
299
2981
9705
159
9442
3652
4273
4016
505
74
1328
1473
3253
8060
5913
413
7948
6586
1677
9404
864
5800
3392
8263
6398
5613
3223
1186
1899
1655
8814
9101
6229
8620
8342
9227
9127
5958
8731
3539
4737
1685
85
6134
3270
6860
8080
2483
6111
7747
3979
7860
9170
3538
4125
1206
9005
5065
3415
8227
1767
1338
5160
8228
5037
3949
1125
7435
7648
7744
1764
1566
889
2093
9694
1958
2825
9956
8453
4454
5184
3755
8336
9815
9116
7206
2861
3208
5696
7566
1587
3424
7859
1909
5690
5380
5470
8735
435
4192
6623
5586
5749
7445
6734
7819
3726
4698
9626
7593
1418
6404
7892
1080
6038
1227
3
996
1355
6439
6202
7953
3934
6430
4818
5713
3093
9958
6759
1451
9847
5777
748
5074
7252
6432
3716
8484
1430
6972
6379
7499
3806
9773
6377
2254
6850
9784
2003
176
735
1059
8533
7282
2543
5135
9936
498
5991
5470
7655
3953
6108
3911
7741
4980
3997
2231
1746
6778
9716
291
3288
4372
166
4072
5637
2251
8941
6792
8578
1882
7855
9169
937
384
3625
1600
8953
5971
9793
4289
9988
5988
5515
2280
2247
6721
677
1809
2059
3627
3481
645
1980
3513
9323
2295
2076
1807
7181
8591
6507
6178
7601
2655
7195
2492
1423
5952
5757
5465
399
9408
8323
8721
9409
4129
557
1233
9537
3154
389
3103
9128
2964
4134
3110
6708
1965
4521
2193
7411
2815
3914
3307
7242
6024
9417
97
3037
7042
6545
3546
2198
5661
2233
4876
1881
4418
9919
1568
6650
2978
7869
4665
1770
1399
3123
5330
5406
4123
8625
9297
3073
6684
8775
618
1935
3057
583
8376
1124
5420
764
4242
373
8887
3431
7943
6374
2310
5105
1261
7878
3063
9209
1362
1334
5476
8635
4332
5048
355
8718
4911
4001
3453
8820
9758
3479
1645
7495
4255
2100
4039
351
6219
7773
9193
9541
9455
2616
2453
48
9620
4978
5168
6982
8355
7457
7276
6062
831
6451
6610
79
3556
3264
9056
5704
605
3089
2796
9469
4400
2683
1445
4119
4607
5940
7935
7876
2322
3699
2976
2250
3137
7715
5823
2019
2631
4019
7760
8970
7155
178
9430
7322
9331
7521
3187
9811
6339
9348
7542
8417
624
518
2057
2558
6096
1378
6898
7196
8757
9382
4133
6743
8556
1557
5802
9606
6918
2574
3976
2690
6654
126
6093
1952
2097
4423
7263
3424
3955
8837
8776
2112
6565
3429
8165
6186
5917
6678
3820
1151
8184
3623
2253
6566
6926
6787
2834
3301
6503
3815
9990
399
8688
4217
7847
5864
4916
7775
8938
757
1576
996
9374
8245
7716
9889
8854
5830
4430
7399
8545
6071
9189
1107
3989
8083
9496
9413
5904
6459
691
9191
3055
6443
6559
599
1301
569
8702
989
4716
384
4526
6541
8739
1270
5600
1842
5739
3921
7204
1148
1298
3751
3920
2046
3214
238
7272
953
1784
9072
6430
5596
4704
9567
2636
4489
8752
6979
9707
1830
7518
4455
8941
6217
7544
8424
1270
1720
1796
4787
211
2100
1044
3836
6582
8393
4360
777
8514
7152
1175
1869
2182
684
4978
3617
2031
4657
5059
9196
8706
3258
3414
8242
6520
1915
1118
8187
9673
545
8305
6621
6410
5463
4391
8140
3550
9673
2350
6000
3051
6801
4670
6788
5108
4729
1802
5806
3078
7284
6225
6696
5070
1605
5443
131
3231
6533
993
6005
8812
2079
4193
9633
6159
4771
6751
6612
9075
7824
343
1579
9771
4049
6881
4794
1025
3017
6864
3901
8009
7229
233
2270
6627
4173
139
458
4381
3771
5
6936
599
5524
7514
4889
5261
6370
6913
4282
2869
5605
3908
419
607
3544
5964
1385
6014
240
3826
1083
1699
5836
9987
622
7644
2759
1610
6949
2921
9811
3733
8231
8526
9518
8557
9715
6583
1707
2744
7368
2648
1085
8621
8952
9760
7476
8184
2488
9598
6722
3889
470
8627
2094
9821
4527
4324
1718
5277
247
4264
3508
1672
946
356
5155
7142
8408
7934
787
2034
3576
4163
1246
8
7789
9890
949
3102
7316
9715
4348
7412
1748
2498
4232
3271
6600
5802
4638
7374
3262
8971
780
879
1431
8979
1871
8487
1939
8167
3175
8840
1651
4381
1112
8937
3045
7151
3054
1223
6931
7912
6967
310
5899
298
604
3746
4797
9731
9806
5812
3506
1209
6200
2468
9551
3528
4732
1533
7085
1700
9081
13
8041
1750
1308
7411
946
8427
6066
8979
4546
325
6121
3674
4798
8185
341
9085
5070
3333
1631
5526
2294
228
6058
2520
1284
8222
4621
5580
8939
4737
7444
9920
6152
2016
7296
8323
6331
8108
7585
3452
5684
5998
8369
7299
9286
4225
3428
5450
7181
7821
8488
218
6385
3920
6012
5724
1363
726
7429
8890
3496
4414
4164
411
220
2064
5861
4188
9377
7659
7113
7942
2420
2316
7916
78
4609
270
960
7232
1337
9963
8279
8630
6252
3849
8344
1826
6229
6895
3789
2370
1012
6047
5242
3276
1078
0
994
7762
7531
1404
1383
1844
5072
3931
1733
3799
9012
3219
1774
1616
5596
8260
7190
9885
271
2411
3790
395
3371
7495
732
8664
1617
2334
5452
641
6375
1924
6703
7403
8765
2283
4537
7070
4777
6527
5356
9383
9562
2845
3848
8710
6145
2403
7383
6127
701
1902
55
1435
9610
249
6403
9005
2393
3531
7050
6091
3924
5909
512
7404
8891
4993
7657
2338
218
3453
3085
3519
4241
5850
6709
4530
3169
8397
231
3789
8637
9814
2429
5565
2360
3816
3513
5132
3120
3255
5331
4990
1880
3949
3978
2241
3824
3597
5920
1530
2512
1816
8007
8191
4468
484
1358
9745
5589
986
4164
3334
581
4060
6991
4073
8633
6765
4443
7626
7484
2275
804
6240
4831
3376
9672
8642
6739
1761
1450
1349
9273
9476
4833
8661
4337
9406
3607
622
8121
4439
6346
4104
547
8444
4061
7449
392
2344
4200
5222
7903
455
4385
1898
6989
1568
270
3925
3399
591
1699
7062
9247
9023
3035
3693
1930
9305
4640
4325
3048
2984
1250
5568
9724
9857
384
2055
454
2169
6641
2939
4741
2380
1378
4838
1040
7367
4571
5297
1071
5080
1411
9860
5174
2981
7792
3789
8435
2074
2223
5987
300
6439
7769
2179
2860
2080
9503
8662
230
9119
5803
8212
5439
1365
9852
8293
5924
4561
1965
7046
343
6445
1437
1608
3882
2941
8655
1259
778
4454
1956
2534
4218
1829
5410
5738
1494
4486
4653
8800
6820
5591
4594
9891
4646
6221
355
4238
3631
4819
8543
6775
550
5071
2014
5676
5735
443
1469
9257
9976
9651
5882
1690
2679
15
7750
5245
950
9844
9872
9993
3701
7609
3656
6635
801
3913
4612
267
6423
4289
7775
2528
7244
7084
1905
6922
8146
4994
968
5260
5437
5352
64
5513
95
7583
5762
5912
5400
2418
1282
3291
6397
4186
4311
761
1434
3104
80
4186
6512
2171
6514
9975
9520
5160
5267
8648
8485
9446
2721
7471
9502
7913
5629
1036
2765
6690
5948
3025
8300
1621
9140
3138
2203
6644
2954
1376
6128
6477
8941
8694
3461
584
3915
1264
1652
6993
3188
8740
4244
5577
3908
2051
998
3813
8501
1097
8480
9391
5150
2139
1813
6459
4292
3816
5432
4982
329
3455
3818
2507
5884
3033
7157
7729
6119
2981
9751
2480
196
4209
2886
3591
9060
2300
8508
2494
4950
9344
8779
416
9336
4187
5238
1954
3573
7240
3210
81
4918
1808
3887
8168
5105
9278
9007
8702
9647
860
7572
7997
7926
7400
4807
5524
566
4641
6626
6758
2136
9433
3194
9422
4563
747
1541
3204
8599
879
1104
2017
3012
7434
8770
3586
1027
6865
37
4616
6933
3044
800
1789
1163
865
8172
3134
8044
1111
6254
1989
4011
8823
1498
8601
686
4950
7702
8244
4306
2897
8725
316
8702
2634
2095
167
7477
4573
8323
3201
6671
7176
4333
3897
2900
6899
9063
3222
2060
904
537
6804
6290
3473
8982
6289
9348
7673
1990
9956
1908
2620
6440
4093
2837
2805
239
2660
3494
4248
2457
2995
269
9745
7697
9549
9193
5159
6503
4188
654
1132
8352
6079
8300
4827
2581
6615
4199
1180
6799
3682
2627
8437
5405
3633
8573
8332
380
8917
4952
3530
3095
7729
3151
2188
2820
5171
2615
1527
8724
7712
1593
9116
7068
5941
5784
814
1468
3318
7500
5035
1434
2818
8066
4228
4298
4920
5039
5829
4834
6920
399
3903
9573
3169
6401
1973
1303
2242
8841
3793
8349
2707
5668
9471
2199
2424
8431
5667
1824
5841
1723
5461
5921
7449
3005
3071
2612
1961
483
2830
2378
3561
1706
2465
4376
8706
3718
4773
7467
5113
5468
320
6991
1630
2807
1237
9942
431
1134
888
6247
4329
4992
3928
3684
5818
7196
5888
2119
1642
965
9699
713
7769
3695
1302
3784
1746
1112
6891
4355
4721
8841
8303
5079
1269
9303
4683
7326
7554
3260
6423
148
7566
6833
2729
3485
9941
6594
4676
9215
5694
4717
7344
7668
2415
1494
2002
1254
3736
7011
7416
4104
3713
1944
7960
7305
9043
2879
4226
5627
8318
1111
7438
6943
4800
9547
6007
4206
728
4670
2747
5242
4845
831
4216
5321
4390
8963
2890
4353
29
231
9205
356
5424
9696
1050
7997
3249
7207
1117
598
1212
8297
4293
7759
7793
1383
6894
5976
6085
8063
9028
1051
773
5756
7895
9111
618
985
2196
7702
7823
928
743
4164
4263
169
2092
1136
773
7140
9724
9369
6951
8250
1884
376
1613
9637
6293
3781
8221
9346
9456
1829
3090
3430
2241
3346
8463
7401
3389
8165
1816
2316
3611
9605
2920
9012
9944
9465
8085
4070
4590
296
6721
1899
2066
1625
9462
2213
9647
8012
2889
2727
3030
4901
4630
8072
2447
3898
5649
9953
4076
1994
8427
1811
9073
4334
7908
5386
1461
5197
3852
7394
7845
6147
6524
8106
6726
1671
8439
3009
6826
9779
6504
7791
6835
4869
6449
9120
777
965
5611
6287
6495
6986
7711
3689
5637
1152
1776
9060
5815
1090
3979
92
3518
7977
8454
972
5746
1785
9787
1626
9374
5915
6760
7713
8016
7256
6007
6552
4222
9212
9735
7703
5735
6023
1251
9146
8792
6793
4777
658
2164
6611
1023
7830
6428
1675
7959
3825
1021
7833
6297
9109
318
9290
497
1499
3808
3744
4589
4303
3414
3079
5210
7741
5950
4711
6417
8135
543
2572
6213
412
374
1262
5156
3889
9795
9274
4415
2565
491
4449
4541
3237
3120
6769
2730
8281
2776
8562
62
2034
3233
8993
7907
3495
2009
8568
9066
9283
5818
703
7752
7888
8882
7659
5569
5629
8469
77
1290
8941
907
1084
4690
3530
8263
6878
3314
9807
8576
5642
8107
9233
9521
8082
4725
4403
7588
1521
3893
4746
9089
315
4386
8757
6524
7785
9787
7455
6620
7582
5919
1002
7282
8202
5819
2282
5955
9399
6554
3643
1434
1998
4017
6320
5798
6736
7759
844
9562
4364
988
7624
5409
4727
5248
2163
8309
6340
5611
2174
2891
5948
6724
354
2631
2917
8229
8500
1811
5447
5232
1639
6867
7579
1660
17
6818
2764
5755
4655
2834
3964
1256
2312
7024
5202
9203
4290
8842
7619
6725
2904
4884
8047
7123
7315
5377
9652
8542
4991
3925
2234
5072
935
6632
4562
5831
7155
7933
7521
4340
3583
5908
3901
642
4588
1744
4593
5100
2846
6041
4033
8796
262
4685
6111
8967
4331
7755
8306
9450
5581
5218
6226
8201
279
9323
7983
7202
5459
4615
590
8828
3287
2272
708
2944
6219
1382
5525
2085
1729
9127
8729
4340
2115
9070
4132
2350
2382
9114
6489
924
2998
3046
2672
2698
4140
3500
6427
1098
2669
524
6775
4758
91
5040
6072
5209
8501
1076
4555
6105
2303
8672
3411
2761
7410
6818
5980
6577
8476
6479
408
8436
1287
2720
8406
1959
3034
3349
3698
389
3655
5508
4582
6154
2718
2468
3109
4938
9200
6480
4808
8232
804
5521
8630
9106
6141
759
1236
4971
8447
7183
3726
4562
4225
3718
4244
428
735
322
7619
5175
3931
8678
4987
7383
1301
2912
2437
159
3011
7576
8137
6642
33
8620
8143
1648
2208
1498
7906
279
9521
4063
6819
1056
3421
4185
8676
6425
6993
5445
6427
5692
3134
1340
3673
7478
260
2153
4303
8762
4641
935
7245
4615
2631
6040
647
7598
4727
2826
4634
4091
9778
4699
7492
9392
801
9290
9173
5181
830
7657
7
3388
7382
3344
9821
7569
5317
981
565
3175
3115
2693
6177
4461
2245
9311
1511
528
1716
9265
634
1027
7528
9980
5007
6812
6834
3374
9681
930
9518
7632
8471
7362
1905
2849
127
133
6599
5485
7654
5648
2557
312
3795
7719
456
2260
7949
7278
4173
3453
4290
1762
3087
6552
4377
7431
1993
4927
8650
3530
7097
9233
8997
6746
9159
2709
8188
1655
8866
5341
4750
6612
2539
5360
7668
670
3292
8462
6337
9155
4219
9835
2421
6987
1107
4851
3937
3886
1367
825
51
7033
516
8416
5872
1504
7067
782
2036
7131
7156
2275
8348
3863
3074
6645
5856
5011
4211
8132
4339
7972
7330
2159
281
9018
406
1630
5694
1171
1424
641
4217
5066
8817
4107
1427
8457
4629
3089
8728
1296
4933
28
9631
1530
4267
9129
8711
5079
3057
9961
1455
8633
353
7798
701
9959
50
8104
810
3457
198
1485
5583
3146
4196
5109
381
6594
5738
198
9545
4296
6426
5920
6548
6080
5728
2611
8271
1299
9103
774
576
7420
8183
8011
6589
8043
169
2956
8763
3188
19
4670
5924
180
3015
2778
8883
2337
5688
6840
9085
5050
8148
1311
9352
6132
8281
3168
1777
4573
2555
644
2958
3143
7375
3019
3553
8597
5082
9252
7672
6143
2746
5375
8237
8617
6491
8634
1332
4065
5607
6267
4151
683
9908
3742
6980
8686
741
36
9548
7631
4090
1902
6730
4475
1488
2803
4511
3993
8481
3039
1202
5752
9439
475
1968
2034
5870
9129
1093
3910
8726
5650
8178
8608
4624
4084
769
3453
1599
8391
2515
3015
4023
6931
9945
9521
2768
1446
9148
6194
2684
2443
8875
7394
1623
4198
7891
3285
8580
8515
4177
2394
9155
669
8860
7789
3176
9257
5974
1612
404
2279
5228
9455
7006
4290
1503
4511
3684
2765
1726
1869
4572
5137
6879
5527
308
8341
341
7350
1258
52
1538
6395
5520
9249
7415
9894
6303
403
9028
7770
2570
900
3363
1742
5015
8409
8440
993
3222
5291
1156
3565
8686
9186
1379
609
6075
165
7902
5556
7663
6431
4103
8259
6681
2681
3941
8394
3721
4284
9432
381
1803
6846
7155
2050
2643
4123
9290
894
3468
797
2181
2436
9953
8838
6945
5719
4429
3394
6892
6610
6303
3272
7603
6774
1437
9719
6176
1493
1622
2684
288
442
893
4967
1979
8078
110
185
1393
9781
1863
6914
8863
5076
4111
9224
6378
8455
1167
7535
7121
8120
1231
4721
5026
2924
4161
8711
1054
14
4248
1506
3155
1911
8788
493
3586
786
1577
8241
6549
5459
2517
7810
8996
8243
307
7347
9870
5336
814
6168
1178
1705
1633
6048
3569
768
1354
8004
1885
6400
201
406
9921
5870
6522
8273
8352
8458
5937
9692
9198
8599
2202
2476
4118
5248
931
97
8967
5169
5549
9744
3588
7779
3637
6234
6302
984
9693
5586
3536
2635
4923
9021
2394
5454
8569
9740
3592
4171
5660
2581
4775
3041
9703
6802
888
1088
1301
9852
5437
4439
1624
3752
314
3647
3565
2682
9282
40
7961
9613
4763
9193
2926
1807
9003
9955
1210
4416
1092
2248
6626
444
5916
530
9939
2383
2068
1968
1456
8403
2085
6564
409
1276
8755
6749
5328
3644
7235
5111
2712
3589
7586
351
5261
2847
8974
67
7511
6356
3359
499
1478
7500
5595
8802
8475
5977
8037
3942
1920
9035
4945
4922
7807
1012
6841
8506
7072
1706
112
78
2581
4306
7884
8649
6629
7059
4941
322
5637
6432
7606
1399
1950
393
7789
1795
2806
1626
3789
7355
1714
2372
1902
2750
8435
8988
2774
5288
502
8215
5444
3867
13
3688
9828
2748
8300
9837
572
4392
9374
3452
3483
3848
5793
4503
6260
666
7075
2952
4619
5918
8446
4122
85
4473
8775
7209
2499
8299
5033
2268
7914
2648
5621
4512
618
9803
7801
8266
398
431
402
4537
7590
1259
6988
7413
726
3170
2066
9901
2958
6003
492
5875
4366
1824
7562
686
8743
4279
1573
2875
5062
7822
1997
4588
3747
8704
8287
299
9581
2363
8950
9332
1341
1618
5143
4054
5541
941
571
7347
5632
2532
3701
2080
5507
5384
3973
7275
3523
1986
2834
4868
9721
4783
1482
2750
9947
7390
7141
2593
4058
4608
1594
9937
7263
7460
1596
4407
7018
7168
5754
4787
4984
6633
4532
1400
195
6455
245
432
5037
1891
7376
1544
8748
8388
2531
6064
6170
8895
2161
7724
4000
9299
2429
1659
2789
1026
620
2475
5727
6833
1449
8445
8328
7817
8599
8355
4473
3958
5750
8839
861
655
8350
9474
98
1821
9109
4647
8141
7261
2938
7129
4926
2102
9768
5730
3173
6650
411
6818
3862
5550
3039
2448
2730
5678
6518
2316
1796
871
8941
1072
9480
7939
1111
123
4249
2934
2561
6597
2775
9352
2548
4192
4795
8287
9081
4899
3495
1816
2216
4499
3030
4515
9544
4200
3934
2645
7851
6665
5236
3071
8279
6233
3720
5484
1361
1969
7814
3644
1784
7645
2319
3804
4384
5868
335
5269
2763
9761
1005
9632
4242
7857
3302
4886
43
527
2184
4379
4876
1103
1308
7885
6159
5720
5381
2209
1613
1961
6576
3309
8708
2264
4396
1289
5761
2957
477
4801
2489
7471
3306
2705
6649
7470
1819
8936
1879
219
931
8182
790
6826
4549
6751
6841
7392
4923
5284
3836
64
6444
7337
4300
7960
4152
1632
4412
108
4073
5487
7674
1987
9802
1072
6840
5073
6687
1250
3228
8694
5246
4682
7475
3511
2426
8274
3096
3535
6123
2191
1463
508
6718
2084
1208
6476
9259
4864
6788
9472
9259
3586
3704
4280
6061
6385
6730
9245
6085
386
6324
3443
5056
6140
3724
4836
669
8658
9834
96
2784
2536
4926
6225
3654
2366
9089
8369
8092
3308
6434
2997
9050
7774
6730
1406
4254
6347
8704
7814
9883
8971
161
1112
3374
8945
9013
882
7668
4686
1855
3746
5293
9703
5849
2438
8482
8214
2753
7902
2182
5409
6814
4698
8150
1544
4684
5007
9137
1539
8286
4830
3885
7625
9165
7722
10000
3370
5487
3092
2035
4901
4249
1050
9756
9548
4190
5179
7241
2685
7051
4022
3404
7632
2822
6648
4543
593
3762
8351
6211
4973
8159
5141
7568
1968
5196
9695
3569
9020
2277
9689
2203
8118
1165
5090
9661
3678
5113
3697
9579
1762
2670
7783
6811
3370
2363
8567
1041
591
2401
4025
3618
5485
2872
5043
5349
9557
6037
3857
6072
3396
8928
8906
8413
4827
4960
7910
4551
7065
5246
9438
5763
6147
424
2801
3440
6924
7895
6757
7480
2743
1778
1098
8485
1039
6211
572
9132
1292
2652
3900
8562
5159
3089
3508
6744
7145
6730
5372
6581
3603
3701
419
5357
8036
8781
8641
1110
5798
313
8869
7793
9594
4028
3848
1173
3070
8806
3125
9846
3286
7719
981
6467
305
4354
8519
9891
6617
6696
6125
7141
9322
9445
6993
7943
7315
1028
2346
3255
9450
7900
4928
8446
6145
6131
458
5939
4653
1260
2686
3655
5440
368
5484
3095
3804
2146
4264
749
3030
2939
5320
9533
2922
7086
7124
9653
6172
7846
7455
7561
4123
8293
6137
3256
7271
2274
8914
3422
9972
262
6508
96
7232
484
7086
5178
9703
6956
1867
1640
9502
7926
307
6387
7827
3256
3073
5693
5155
6087
1511
8769
1058
1143
2
9503
2073
1344
3432
2092
7914
6521
9026
8570
5982
1127
3091
7314
4457
8021
1183
7900
7744
5644
6164
6234
9370
1198
1256
6717
1985
1008
9981
8347
2316
2844
2812
4375
1721
6049
9399
2881
6778
6337
8213
4235
7542
7429
3950
5107
5194
8600
332
3721
9915
9539
3125
7390
1076
4309
4377
6753
2078
8100
4330
8856
13
8599
3724
2665
2804
9144
2064
5827
1153
4804
3647
3035
2307
3079
8616
2311
9272
7678
1385
6969
8759
482
4148
6555
4544
563
8449
5099
8930
899
5806
125
8550
7882
2734
2309
7311
9655
9692
7472
7320
5449
7081
4149
3007
2810
2161
3612
8737
5739
267
1204
4264
9169
2250
5148
9853
7361
5316
6183
4786
8758
2618
9505
7920
6316
7667
7954
8483
7055
4676
3353
7991
4291
1805
605
7700
2889
1653
9910
5208
6798
5279
4280
6493
4487
8497
9035
8736
8641
3304
8610
2616
1659
3433
4369
5347
8075
1349
5275
3195
7288
5896
2424
4867
6118
7550
406
4253
2531
5073
6070
8080
5980
7574
6647
6586
9969
8185
464
4133
5183
6483
6756
3044
7854
9636
5143
8302
8191
863
6674
6750
4024
958
3013
7949
7166
3089
3937
8553
5641
4620
6105
9420
2266
5240
4184
8879
3347
3144
3066
4213
3919
9400
3769
7338
3119
9054
3282
4809
4743
2120
1197
3221
5517
9815
295
6111
2258
9068
5239
4729
2092
6827
5818
4787
3552
2710
7067
596
1682
1024
6475
8561
5716
9645
1854
1370
4251
3090
5332
4299
1272
6850
8721
6581
8422
960
7534
3449
84
6202
3972
6527
6786
3658
1206
4528
559
240
8655
3303
8630
6913
932
9138
4118
5132
7299
6908
1280
1986
4255
323
8649
7959
2976
4712
1457
4372
6696
3634
4968
8260
5103
805
9247
5447
5201
1765
9692
4638
6010
3069
9464
9174
1233
802
7786
6929
4795
3703
9894
1081
5125
4896
880
8395
8000
1819
1530
2215
5223
1583
4256
9700
5898
1686
3639
8382
1263
1625
2578
7350
3555
7499
96
2736
5073
151
4850
2324
4703
9895
425
4715
8048
8627
6011
3145
4962
3092
3338
1995
8306
2702
1933
4701
1895
9030
8677
6550
9863
6222
1814
3041
3983
1496
9251
1977
8870
9186
8733
1153
1083
8199
3259
4873
4262
5793
2318
4524
821
8156
855
1909
5366
9570
6062
4590
7925
3975
5719
1338
7460
3833
5113
8928
8805
3236
2784
5597
6512
3870
8371
5415
2767
7644
8244
9373
1084
4013
5782
2627
9890
4106
9337
8323
9857
8613
4230
4730
1143
5826
4435
4928
7261
7429
6973
5345
2133
4461
781
6539
5593
3129
1787
5235
9686
4701
6258
8671
1942
9555
8325
4137
1056
9584
1327
5745
6318
7883
3466
4588
3422
2739
7724
8901
1282
7218
4921
6442
8198
1894
3156
8443
1863
2617
3080
4751
3017
1203
2687
6743
6467
6536
8832
4396
9476
3900
3457
8979
4917
3109
747
6105
2723
2912
7944
7388
7510
7369
6939
2366
7848
7074
7120
7524
1215
6613
9948
3447
4503
1888
8202
1020
1796
5487
1712
4252
552
4783
317
5774
7630
7351
8221
6418
2418
1182
7471
9177
829
6535
133
9719
6629
9128
1845
3461
6646
2660
3754
7762
1888
4838
4084
4574
1618
1316
4408
4896
3041
6075
104
5045
8055
4944
549
6105
4380
6816
7467
276
2737
5318
759
9664
6382
3503
331
3781
1299
1345
4287
7102
4526
4771
6576
1273
2681
408
4025
1306
5445
3530
4574
4296
4519
9312
8243
6815
6443
5752
8489
4865
6006
2517
4144
2044
8794
5749
880
285
8039
6390
6042
4201
7383
8033
781
9718
2364
5902
6514
2735
5160
9822
461
2589
4665
3921
6691
7934
4337
6976
7753
1481
3340
6724
9546
2057
306
7898
2475
1752
4767
2972
9594
6674
6847
8649
1490
7799
4419
5631
9579
2675
9550
2499
7619
5166
3202
7426
8858
5348
4588
7440
6827
9920
4698
603
5281
3812
2595
9295
6425
1441
3446
3560
3072
5800
6195
6450
1797
7507
1438
3387
7405
3299
4946
9744
3231
4831
2583
3539
1470
2523
2091
4545
2141
4240
9074
2618
16
5136
5901
5773
8561
5645
7970
4437
6061
9677
4134
9240
3574
744
47
5899
684
9688
6012
5333
5656
2752
2152
247
6574
3836
8981
9562
4294
3596
9751
3871
5767
8824
3619
6571
8102
471
1384
1449
4400
3471
6653
925
4006
6888
343
6957
5150
183
5953
3771
4571
9054
