3725
4766
6030
9291
5138
6036
5094
5000
4332
9632
3394
4342
8610
5951
4358
897
4504
3910
7884
8846
6300
9092
6671
8795
1403
6389
6602
1938
9245
6632
3537
2848
773
9957
2362
2841
3862
6316
3600
3788
3642
5272
3575
9514
3111
9684
3336
843
5728
4258
4721
9112
8312
8333
9178
2801
5661
5878
3151
4872
5982
3586
1615
14
8069
9942
4043
9673
4896
4467
6521
4112
6620
119
9880
7468
9953
9321
9485
8016
2967
7140
2321
6023
7451
6010
2503
6682
8061
4679
6401
8375
3413
9070
1689
6564
3910
2291
5867
3551
4405
4828
1865
5662
7199
7036
3925
225
187
4252
2756
6658
7059
7603
8647
1642
4056
5406
1437
1336
3219
8943
64
8612
1267
738
3266
2498
2151
678
6898
3355
7810
5079
632
2422
45
6178
8779
9826
8574
1745
3726
8523
3864
2122
2611
3001
912
7595
2052
2254
8445
3478
4707
4125
4537
5364
3483
6505
2114
8758
8095
7063
2823
2117
752
2650
2177
8516
2864
2023
135
3539
7372
3026
6354
6915
9713
2604
3040
717
5906
5542
7603
3261
9958
8881
3905
310
1748
1791
7576
2164
9498
7433
8993
4626
612
4302
8814
7575
6081
761
7908
1145
579
8549
7570
8072
9074
7808
2007
9569
4797
4416
4957
2026
3075
2433
1047
8261
2539
1336
9430
868
7684
8543
1103
5229
1765
9142
3627
344
6710
5331
9416
6129
9034
8892
7284
9452
5200
9873
7930
4985
2048
1496
2864
5195
2171
115
2681
2995
8131
9344
4213
1846
7169
1546
5907
4203
968
5903
5245
6400
4657
2573
1128
1090
8020
8868
2467
30
8710
3060
1032
6678
4640
4654
1975
8814
7347
1996
9870
5676
6104
9780
7518
1141
4719
9667
1038
5458
1321
7653
8871
8468
7968
7059
3925
8008
3228
5059
2923
4980
875
2066
6936
2836
3630
6394
4528
3045
4926
3995
8603
3999
7529
6963
7384
6480
6983
4596
306
370
5059
8694
1449
442
2524
2259
336
5824
5495
1502
5097
3355
1222
2210
7005
3890
8668
6819
7175
7973
492
2451
9348
3545
6851
4265
2636
2785
7772
5965
1892
2733
7483
3250
4655
471
3840
3950
5634
3712
6060
6845
75
7844
9506
5372
2726
6669
1367
4093
8171
7111
667
313
8856
2200
5723
9306
2124
3660
2408
868
6709
5489
8718
67
953
1534
7611
6686
6682
6583
8997
4326
1558
2233
9828
2599
3637
5519
9159
615
2198
2670
5448
2725
8228
959
4338
245
6552
933
2679
2978
127
9530
7545
2806
394
8347
32
6735
3330
3453
1002
8682
8460
2500
5319
4068
2205
1963
9560
4924
6500
9322
7125
980
9704
8517
4314
3832
3693
1772
2463
4916
6950
7663
3322
4066
2763
5768
3613
1454
4745
5671
1192
7169
5440
4527
9320
3452
1695
2233
7922
3344
8883
9118
5867
9192
3181
1321
7517
4553
8228
2229
4
2223
1072
3566
7821
3201
7417
5264
6951
3231
5699
7380
7600
4405
4210
5765
8426
2538
1769
2678
7623
3696
915
7648
6819
904
4950
2734
7601
3655
4434
5547
1533
1030
4267
3559
8350
4157
3462
3667
4509
1291
3590
2198
6901
5826
3107
7679
5901
8761
1588
1250
1843
1384
6986
1331
8944
6492
4643
770
137
1593
8071
8323
1772
8038
8768
8657
8128
5479
8270
8166
3874
2139
813
8508
2652
290
3593
2336
1911
3951
583
1695
4877
1735
7748
9319
347
4290
21
9677
3837
2786
7632
9445
7256
1797
3481
6194
9053
9727
6796
8227
3928
8737
2339
1456
1738
7623
7142
8085
1612
304
9798
1823
1997
6269
6091
4611
1322
1797
8086
9766
8709
3550
7547
7923
1490
8038
3358
6423
1590
3053
647
5443
3945
6870
2309
1727
4444
1804
2238
7973
9097
9082
994
9339
5609
6173
9262
8650
2789
7992
4770
7736
2825
524
8389
5622
4770
4217
5377
6173
9453
8853
6079
7512
1138
8461
255
4742
5563
3208
6751
242
5173
7612
4528
3716
2723
6647
904
8376
1059
3947
635
7782
342
6709
3349
5292
5209
8871
9814
3116
9502
6007
1247
8715
5633
4890
52
5052
1332
893
8243
7329
9940
9651
8580
9126
7497
8025
8784
9544
6914
2054
7940
6851
2727
8613
2386
497
622
6654
2962
1467
2576
5432
8184
4033
4420
5785
2414
6620
8715
3425
8069
3679
9697
8993
7545
9907
7935
2935
5587
6036
5584
5446
3720
619
9470
7372
8072
3439
1594
3550
2228
7348
8744
5646
9371
997
5864
8424
1752
3610
5069
5355
7889
6659
1375
2316
7650
5877
4216
1965
2772
8500
2314
4615
9915
5743
6147
6430
9717
3704
1572
1584
4066
7142
89
1620
7138
8826
592
8433
4743
2170
2715
702
8513
5820
6354
1004
1642
2535
7923
924
4479
4527
7714
3927
3221
386
7888
8790
7183
9274
9880
4345
7439
5447
5788
3381
3927
8898
9235
2932
3149
4515
1839
2612
16
3600
3796
4464
1540
8004
9548
9361
4390
166
6095
58
3780
7696
616
5493
8154
6992
8971
682
2602
5158
6186
9690
7687
1532
5790
365
3564
9307
9971
7720
1624
9863
2086
5758
5451
1200
8279
2936
7416
2289
1570
7397
4315
6658
2232
8646
2767
8414
5522
8337
7412
2655
2971
421
9936
2776
1280
2477
1324
1218
6155
2370
9293
7583
9309
9834
7376
7229
811
6586
7055
7420
3839
6133
5306
6118
5778
571
5916
1482
884
9320
2429
5844
5509
8296
8536
1051
3390
5241
2231
9370
5493
3063
1257
6544
6703
3816
8856
9287
1485
8437
8616
1120
7766
9598
6744
9989
2187
6735
2572
4167
6870
1091
4708
3646
8539
1176
7971
8492
2765
2146
1184
9012
7611
8586
7327
265
8970
5584
7760
58
4783
1443
4632
8856
7299
9552
8006
1552
8234
8665
1733
6206
2538
9841
8747
4198
2500
1032
8130
8106
109
8341
1837
3916
9718
9962
4791
5281
8062
7928
8597
9290
445
5638
2578
8367
502
4962
2230
5710
3919
6529
1219
6422
8129
5859
4777
7355
5941
3771
4836
6856
8762
6499
562
4870
9826
2824
4030
1044
8614
3781
5675
3507
1013
8003
8208
3177
456
8724
3127
564
2787
6378
87
736
5359
8098
8586
6278
2143
3634
8259
9262
2185
5570
9101
1712
2632
3282
9649
8879
269
2810
8844
6760
2327
3926
1024
3982
7982
545
6819
361
3034
7101
2733
6473
8931
2994
8004
4204
8965
8052
5916
7667
2483
4794
4449
8061
282
949
2628
4097
365
2535
4730
3365
4060
3157
5336
1045
720
8992
2275
738
7329
8345
177
8266
3436
7519
1838
7327
532
2581
5717
9067
5442
734
9930
9244
5973
9623
5571
8694
6159
8064
8073
9714
8137
2365
1330
3439
7075
7967
1677
9943
1660
701
9920
3239
3611
7849
6378
3554
5553
6241
5468
7365
495
9045
3497
4680
2211
7118
5480
9243
162
714
2620
3561
7287
2344
3869
2601
9903
2269
5201
5521
3047
1383
2316
9709
6714
404
6514
7529
336
8750
8592
7185
671
8960
9901
2442
8501
6937
4346
5191
5857
8089
4022
834
9093
8029
5385
2104
6669
1408
1825
8905
2040
5908
4389
919
6107
7839
2480
1135
9457
3547
5759
9141
6361
3790
8903
316
4075
2022
2606
8532
4349
4935
8130
5001
3723
2513
3236
1404
1382
9292
4259
5526
146
4442
7129
9056
7342
6818
6157
3597
7850
1405
3681
5833
6096
64
7874
4827
7936
1796
2540
5587
339
7408
7298
2778
6060
4120
2210
7293
1195
9627
6026
1676
4269
4449
3064
5265
2042
2697
4590
8161
2226
4177
258
9831
6196
4812
7886
1038
8506
4838
5104
9828
8733
170
8830
3464
2653
2145
9176
7208
5218
8965
1288
6838
2443
3383
6553
1199
4333
3130
9724
8236
9874
2561
9034
2354
8299
4796
7915
7844
2511
5769
9023
5184
8037
3629
2454
1337
166
1872
2335
5416
5948
1237
251
5562
3716
254
725
8322
2256
7423
6542
6247
1848
5731
6464
3177
5971
2738
6863
4161
7354
5354
2892
3051
4145
7474
9018
8841
9767
9554
2451
9109
6177
7687
2018
1817
4800
3112
2659
3361
3240
3150
2130
1604
8635
6478
4055
850
2072
5066
8163
7652
3023
1166
7865
7780
710
2482
5711
427
7470
8749
9272
1436
8106
3663
5959
3635
633
6492
8798
5544
369
6731
7192
1498
5849
7883
5856
1089
8147
7028
7456
6025
7134
9525
7441
5252
797
4600
9212
4639
9125
2129
7476
6002
3022
1804
4417
6575
4795
6642
9090
5140
8334
9805
1
5308
1998
1789
2104
319
5618
6532
6349
3157
6219
9052
5430
1809
9718
9095
224
3463
1315
4841
6504
2243
9837
2262
6768
904
9127
7809
4921
4958
1227
6689
4226
9054
3708
4119
7671
4361
9176
2407
4254
9058
1747
4641
3442
180
4673
5701
4280
171
4489
6646
3884
69
4954
8465
5904
6620
1066
448
7685
6897
1344
5064
4301
7890
2440
1604
8683
9076
427
5383
7725
9941
1166
5866
2220
3257
5229
9562
9617
9354
7847
2965
5758
9895
903
3210
8284
2356
3796
6133
7340
3902
9777
8222
4486
9121
5291
8990
9334
1943
3265
3208
4802
1811
4873
2822
7710
1105
8164
1647
5832
8788
981
5477
1284
2235
2444
687
2982
8556
183
946
229
3881
3611
7458
4141
3435
9154
8668
6681
5645
7584
4938
3286
4600
5059
3366
3199
5749
895
6997
9841
5769
8506
1669
8691
2945
8947
8355
8812
1792
4605
8005
2675
8485
4751
4500
4348
8387
9331
8277
381
9938
4122
8104
5475
3381
9063
85
3700
6536
3285
8686
7213
8783
3292
9122
374
838
8176
5093
470
9341
1459
2328
6739
1204
1890
9552
5185
5476
905
6321
8935
3247
1255
2459
2774
7674
2614
489
5838
413
6273
9611
5147
3392
5281
9136
6894
7300
5990
8504
3360
776
5794
1517
6473
8430
8323
368
109
5558
9489
7074
9664
9647
5290
3962
751
8868
7580
8171
4976
712
8479
6429
5087
2576
9831
7696
8576
5139
3038
9022
588
4501
7463
9325
6613
6236
3459
5998
6834
9811
8745
667
6327
3854
258
2315
609
1970
2551
6495
671
3941
9198
6260
3016
9244
6309
4544
4720
1277
8546
2908
4301
8438
4041
3166
9133
4435
5474
203
9006
834
28
393
6010
9656
2545
6769
2752
541
7553
6420
5579
5532
2011
8318
5013
4619
3792
203
2948
5418
3201
1135
3193
9296
7098
6221
6734
6024
1974
2343
4862
2616
8764
9353
8304
3897
3200
8012
7919
3327
7546
6471
8817
7758
2052
2514
7929
8963
6532
5319
7526
706
7260
4050
7168
7858
3601
1512
6346
7069
6701
3840
1757
3598
7786
5524
5908
1777
1787
7212
4905
1090
8123
7342
4862
1656
1233
1382
28
7001
7891
4763
7699
3436
7910
5897
4388
8770
8564
8704
6256
5782
7105
3233
128
3636
2173
7903
6222
1705
724
1908
1579
6954
7046
5158
1513
792
3383
3982
9690
3546
6402
6996
9687
8479
9392
2969
6294
9930
9570
9508
6350
523
8545
8535
9273
9759
6440
7420
1872
5957
3997
7764
3186
1595
1841
9849
2947
9983
445
2580
2651
7186
7316
1055
499
2355
5408
5572
442
3245
7998
8046
2432
8315
7404
1503
4338
5586
4585
1234
4269
3968
8148
7230
4929
9210
3490
4065
5151
4703
9534
1090
3379
8834
8817
2014
3408
4121
2324
3920
7545
4234
9458
6859
5412
2968
1950
1366
9124
1391
9388
8337
4359
7943
5581
4084
2450
2098
5619
5438
4683
6455
8655
2476
8433
1081
4641
6585
3683
7787
2659
3542
9702
8477
3247
4758
988
3422
5764
5569
6943
3323
1030
3002
2629
1899
5391
7174
3093
3263
753
3576
8629
4542
2096
4740
1105
8296
9731
521
1620
8876
3458
4310
8476
5063
1839
1690
2654
6900
71
1533
982
3518
389
7323
2149
6178
9331
5189
8147
7218
6400
3267
7105
6559
1980
9347
7359
1913
5026
5736
8209
8991
2827
951
9704
4822
1828
296
5215
395
1094
8612
1384
3170
1181
7343
2706
17
609
2429
9484
1566
6313
3961
8717
6272
5974
3115
589
6381
4070
9119
9947
6159
2633
579
8381
262
3850
4673
1232
1464
6839
3354
1644
7831
3381
3621
2415
5597
6475
8701
2661
827
3018
3908
3429
9104
2993
4814
6301
12
4783
5264
9727
5946
8217
5847
545
8486
5424
5596
6607
2221
2328
8664
9440
5669
8123
8670
5646
4036
2539
2853
1483
9581
1094
1893
9765
4381
1016
6367
5324
7339
9319
253
6547
1671
4002
5341
2726
8606
3712
9304
3909
4527
9906
2318
4238
7866
3843
6923
891
7997
5128
5210
2302
3850
4483
2085
4839
6653
1870
3220
4798
5293
704
7035
7833
6899
6784
4959
4487
3242
3676
7175
9470
3573
8924
1599
3373
4991
2728
2579
2367
8319
1145
7875
3101
446
2729
1934
3890
8690
1280
3771
5178
8366
6580
8660
307
2284
253
3728
5045
2211
2417
3005
3629
8261
7285
2441
1758
9948
749
821
2215
8864
701
9778
9294
2936
7553
6544
198
1212
2133
171
8203
6687
2876
9113
3537
2856
1873
9534
7149
1802
6759
4126
9111
1297
9526
1285
9264
4313
6969
7973
1933
6284
5216
9556
9298
1404
2904
6665
3640
3003
5801
2599
5006
6134
4075
3949
9341
6044
1193
1890
1586
9701
3314
8956
1902
4874
2157
3261
8975
6750
5822
8398
6845
1308
2358
4679
6275
7657
46
9286
5882
1174
6358
7851
3906
6116
6892
5323
5129
9531
550
2647
3194
1310
8386
7110
8344
959
153
2313
1410
637
9459
2725
9017
6390
6457
5542
1508
8805
5654
4402
6365
1124
789
5253
9564
4782
7491
7917
6947
913
5380
9506
5817
9848
3285
2039
4737
2829
9625
5348
1149
1885
9700
1362
5940
3998
1297
8222
4070
3259
4285
9773
6120
1442
4288
3343
5147
38
2254
4918
229
9261
2882
9087
2871
4405
7550
406
5879
8906
1094
5490
7632
4602
1181
847
3025
3589
5414
4838
999
9252
3982
7685
5325
7417
1668
771
4633
7146
5009
9193
6575
1113
6746
4957
1531
6610
8630
8300
7943
577
1342
1161
3663
2260
9724
6878
419
1435
6797
9285
8502
1605
7766
607
2207
2706
6034
7546
3625
8597
5290
8798
5981
1510
7065
1367
4862
8883
5335
35
3207
8787
6426
1707
8732
6159
4932
1992
5428
2613
9018
6664
8969
8553
728
6970
67
8269
9984
4168
3535
55
7185
6926
7268
7829
9624
1456
7007
655
2136
9470
2161
9581
840
8066
6086
7079
3828
9348
2899
1842
3810
6126
1834
390
881
3501
874
7043
5321
1341
2683
1319
601
3456
2119
5959
3514
990
3564
3383
9503
8959
9049
4052
1240
66
9029
5264
8900
3240
620
8063
166
7835
1272
9190
909
6654
3027
1388
5898
2198
2704
5932
6951
851
7
4278
5594
7188
9497
6592
2337
940
8669
5489
3160
2343
1882
1843
6582
335
6222
8941
5235
1229
4477
6839
6528
6993
699
5590
8363
162
4410
7748
8234
6127
8702
3168
7752
3894
8070
5355
2270
208
3187
6412
7181
603
3095
6702
7682
1587
1727
3993
9834
5103
3023
1594
1552
1595
415
6798
8034
410
8192
729
8830
419
85
8188
8666
146
947
8389
6066
4740
5187
3158
3056
309
461
5048
3476
2066
8404
5853
1237
5455
3587
8699
4644
304
2648
1347
3843
5390
7746
2378
2696
8258
2326
8264
2232
7513
1536
6676
3805
7579
3398
3296
6450
1477
9128
9865
4107
182
6103
4169
5920
2343
676
4948
2080
7135
2451
3371
7750
7523
9549
174
725
6773
6121
7824
3647
9904
2833
757
9549
8128
4945
999
1713
1528
2112
4915
7369
2982
1996
4532
7857
8595
2132
4625
5056
933
6374
1442
9294
4601
8445
6759
7081
3861
7530
4132
966
8717
8173
2315
6285
1794
2521
4588
8804
2001
1352
4031
305
7498
743
4502
6487
3653
483
9736
9036
5647
7691
3213
3682
1155
4323
9069
9161
2565
963
3458
2976
932
9387
3761
3081
6038
1370
2627
6063
4207
3583
303
2744
2951
4555
4999
3060
7780
7293
4836
1857
8432
6161
1067
9305
7130
6375
6344
2097
2095
7695
2191
590
6726
7708
9130
1817
9747
3510
3841
6951
9871
6931
3755
4216
3826
2663
2527
5157
7654
3872
5522
1976
9450
5302
2136
3396
421
3592
350
141
4302
8159
6806
9551
2265
76
9858
2123
4610
5052
7284
588
4645
4951
2250
8984
3650
5567
2095
2880
1949
6009
800
5867
4570
616
1899
5719
6904
8908
9769
8605
5606
6979
6633
5804
4050
8459
5471
7724
9024
5031
6063
2265
809
7015
6357
2748
7970
9456
2409
8574
2626
7304
3607
3780
2571
551
3810
6414
3192
8266
3615
6163
6953
1751
920
2845
6810
70
9603
394
746
2003
8954
1200
7987
759
4607
6766
8167
9590
2044
8695
1594
9702
7380
947
1558
4802
9872
3186
8828
7944
1986
7460
7647
932
6367
1839
4876
5981
8569
8961
8052
4997
839
7333
7015
9390
9596
7835
5118
3354
6160
7002
4127
855
6843
2069
2438
6778
1739
7815
1278
8024
3746
9531
5562
4779
4988
2955
5261
8274
5662
5231
2821
1954
9153
2280
9156
6702
2853
8280
83
8763
1777
2395
4326
9285
8154
707
2556
6744
4683
6964
9155
4347
615
1086
2612
2917
7632
2388
3024
7637
9520
6834
24
5000
1287
5953
2600
9599
3611
8387
8770
3094
2556
9285
6289
1578
1436
3637
8727
6720
3564
624
9
6071
5956
3732
7555
8569
4562
1390
135
2643
900
8197
6875
7562
3219
4385
7494
6175
9687
7633
8202
7563
8632
1825
5588
1258
567
9831
3131
1726
2782
4916
8188
1357
1550
7516
3441
2181
8228
5163
1868
4058
2734
4070
6672
9655
8500
8054
9400
4944
6505
9561
3278
5096
9993
5765
9145
7171
6895
317
4591
6403
7158
2717
2352
9389
7024
4121
1772
4273
47
9061
1236
3736
965
5832
8924
5079
4000
9773
9573
96
8341
1680
9566
1130
9576
6033
9986
3237
2901
5646
7719
4285
4948
5144
9571
6292
1686
3561
4798
3557
9759
4693
3960
5964
4789
25
3645
5777
3802
104
9761
8149
5564
5190
4924
6799
3447
7043
9856
3390
7446
4177
6900
9148
2792
9000
5467
1330
5861
3832
4695
2608
1367
7729
6732
6192
8105
8521
6471
2811
6678
5769
5881
519
3130
5253
8753
6474
8803
2508
4583
1306
2942
974
9449
6357
8004
9832
3823
8751
6038
178
8010
2393
6288
9509
3947
7474
7601
8392
8749
7483
4207
6383
1004
2637
1862
4721
9933
7556
6527
3399
5077
616
2525
4816
8167
9502
5394
5644
4606
5512
8898
6331
4738
7733
6514
3531
3999
8020
5055
3370
1726
159
2016
6955
1417
4532
2356
2024
9701
706
2046
1557
1824
5093
2761
6236
8836
891
6919
4237
9764
9544
2730
2019
3062
3725
7886
9752
5469
4036
444
6126
463
3190
4378
6052
1969
2468
6009
218
5022
334
5835
4013
3719
1976
8482
5379
7582
7831
5140
5224
9698
2263
5996
645
6543
8794
1750
8220
3077
2209
3974
7371
2635
6997
2127
2072
5149
3378
2993
7413
4140
4220
6077
9991
7625
9431
6265
2124
7186
6961
132
2178
3817
335
7971
517
1448
9773
734
6302
4142
5755
9970
1297
8561
844
9263
928
7748
4521
5882
9701
8031
8436
8610
5062
7487
3870
8820
9934
7995
5260
6484
3127
6996
1523
7693
7067
6361
6367
1626
9303
3680
8370
6655
6381
9585
8112
102
4155
2661
6291
9937
4961
6493
5782
272
4435
86
9283
6318
5322
7498
1342
6463
2999
716
2419
5738
4542
3230
7768
5853
2311
9489
7159
5617
5143
9132
3284
5161
7972
7252
9849
657
7616
3064
9854
3682
2387
8870
316
16
9066
1033
9766
704
3167
1503
517
8585
7809
1874
4184
5292
3278
5497
575
742
2828
5261
5296
9595
4958
3319
9464
1777
8745
4254
714
8545
1804
553
5226
1410
6219
1520
161
2480
6699
8947
4748
682
2662
5953
3349
5387
442
2941
8104
7725
1785
6477
9790
1599
7499
4088
9709
4282
2689
1723
285
2064
8994
6107
3880
8033
8112
4149
6794
4007
2479
3231
8790
2529
8165
657
1912
2207
44
128
659
6032
6181
9301
3086
2560
8072
3283
8553
8634
1385
7925
9569
8072
9728
2438
3615
4433
1890
9865
3583
7499
6256
4534
6530
6948
7742
9320
6845
6244
3320
2503
8410
6250
6001
569
3257
5873
7286
552
2430
9988
4910
3179
8030
1370
8411
1027
7245
1890
5244
8229
3911
5323
8958
5104
2708
8285
1153
8662
4198
5181
6026
5469
7904
4609
7529
1667
8245
7793
3003
4827
8913
1360
4370
1833
7714
7023
1752
7918
2014
8071
953
4373
2268
4391
1191
7291
8770
8361
7390
8696
174
8475
7154
4190
9859
5004
8082
710
6612
8456
8133
9620
8049
87
2652
4494
9581
8829
7547
7381
7977
9906
9743
1404
2454
6240
8750
6308
2330
6330
6945
2688
8227
5097
8867
7986
6182
9988
4657
1906
1179
3873
7818
7662
1748
8639
1180
8356
8307
1780
3360
9303
4656
8547
4725
5550
8294
7214
8452
8572
7164
5568
136
2010
191
4167
2385
9252
3815
7520
5354
2751
9311
7289
5635
9549
7753
6984
6744
8714
6636
733
4527
441
7970
5232
7849
3340
5263
8222
9662
24
3812
5480
5559
6613
9776
4049
9570
7421
4396
8814
3808
6321
3220
8175
6681
4449
3611
2982
5983
6386
925
8237
2631
4006
4127
4181
390
7833
3733
5028
6009
698
3961
652
6936
4095
1919
8104
6684
7036
9590
7487
1310
2650
9716
8454
5812
5178
6071
3499
9533
2803
4998
5757
1085
814
5167
3170
535
27
1910
8528
7858
7589
2526
6016
4503
7193
426
7906
3107
3830
262
5143
3066
2458
1449
3482
8242
2418
6950
799
3392
4477
6504
7921
6885
4914
4385
4695
468
7352
5196
6499
8538
3621
896
2001
3397
758
9472
3526
6264
3114
7989
6597
5278
1659
4278
3432
7079
1169
1735
5740
6543
4940
580
1729
8027
1431
6007
2068
9156
5091
4111
9914
862
4063
9228
2148
2453
8549
6691
3610
9798
2489
3350
531
692
1426
5706
7908
4367
8512
2561
6511
4129
8816
9840
5477
382
8006
5797
3855
3694
3578
6466
3037
4398
1437
9808
3044
2332
9657
8257
6545
4662
6108
9349
1771
746
7331
5195
706
8337
2030
1151
8845
4461
4611
7351
9853
1809
591
2200
9456
5750
3444
47
5265
9399
5484
5979
3618
1519
129
8316
9420
4318
7945
9338
2007
6801
3426
6933
5682
7302
4199
4075
5416
193
4906
446
7033
8484
1333
349
1237
9188
3377
4320
6852
66
9440
9365
1459
6202
7777
5045
4060
3161
9732
2744
9850
2556
3598
136
4583
3153
3375
4175
6341
7676
3168
7647
898
6981
4841
2704
4317
1907
1561
1394
8115
1902
5648
9311
9370
5525
4190
5213
7182
8080
5630
6105
9904
2113
8110
9361
9798
867
2776
4959
5045
9812
184
625
5939
4100
7817
1218
2269
9715
5909
4100
4430
1422
1925
3698
5662
4022
3299
8725
8437
9247
7247
2265
8877
564
839
5800
490
8150
8020
8109
882
4512
42
2402
9520
2988
2617
3410
7450
9222
595
817
3795
505
9134
197
3521
2360
1328
4609
9264
2406
4639
4051
8095
1923
3983
6764
5378
2778
416
7199
6341
7147
472
1530
9104
9158
5484
7147
982
33
2879
6735
3504
9013
9472
7609
235
6908
5701
1250
5825
961
3381
9280
2188
5163
721
7349
5604
9800
98
4897
5955
3447
9147
1601
1771
6495
1316
8228
1886
8142
3497
5448
3097
5975
7303
8586
7304
3412
8990
9644
4147
8344
1582
9035
940
1643
5980
6387
7462
8180
252
5397
6687
8466
6070
4927
408
2197
2640
6789
4099
9403
44
9589
5697
2407
7371
1195
6787
2106
753
9101
332
5803
6769
5962
5129
5466
380
7679
9094
9248
2790
3762
7205
847
425
8221
9796
2642
3236
8489
5754
4765
6723
9215
4198
6946
9934
5841
7468
6287
7782
3927
525
1703
4087
2773
3951
3426
3671
8987
6527
2521
8917
6423
2696
1174
7568
955
7830
1812
4552
7637
8496
2705
4483
3404
9594
529
2457
9746
3435
4224
9566
8987
6164
4506
6337
1838
3017
3184
1056
1714
5188
9156
8161
3839
1895
8569
5347
7894
800
5638
701
4213
8215
2286
8909
6425
8865
6397
3630
9185
8322
6475
1389
8645
589
7601
9860
6727
6944
637
6084
2722
1273
7465
1043
887
5226
2453
6507
2741
1584
1462
5247
7217
1054
9043
5124
1870
1816
7664
951
2414
4322
9209
6747
2735
7907
9415
8385
5069
5081
5611
3907
2578
4661
3477
9762
9500
9178
3573
7749
4212
8965
8760
1999
7936
2566
5446
7137
5962
5031
6469
4861
5229
7363
9404
2490
4661
3198
7631
1523
2393
7477
1602
3818
5590
6152
7111
5858
5879
3203
9536
960
9907
9382
5353
3625
1887
4771
3389
9295
7199
1682
8241
2587
6988
8051
1056
1606
4616
1798
1070
9920
8144
1467
6951
8008
4430
1488
3492
7835
4783
9745
4445
8193
4716
4779
3827
2315
5737
9396
5589
825
9760
1523
3629
3723
6450
7308
2677
9897
4135
1985
6691
1568
4035
3093
3254
2387
2876
1424
6306
9532
1289
5637
5927
2388
36
8897
6587
3346
1791
9618
3189
4715
3319
7200
1738
5099
451
4382
8444
1092
5571
5659
1684
7996
1958
2601
2966
8853
1281
71
5238
1368
1847
1610
6010
2757
8686
1144
3969
2809
4919
7086
5948
2387
6924
2440
6985
780
9877
2701
1415
7882
7614
9569
4544
1774
987
4447
6495
5629
3168
5750
7865
4639
3377
9331
7515
5009
2258
8932
4662
677
1721
3281
1404
554
3847
8775
7530
682
2931
7004
6186
5603
3480
7119
7146
8600
2911
700
1713
4753
2183
526
8323
6330
7296
5446
3612
9814
7628
3683
1532
8085
6300
2511
4788
9190
8163
2450
2280
2826
9245
4244
5466
9919
3401
6162
9051
9125
3207
1743
2903
3021
2392
1468
8636
7584
3728
2560
5452
198
7875
764
5389
879
4647
7668
5818
7790
6428
4129
7642
5630
6608
9498
2441
488
1901
7978
4052
7491
4451
3960
8931
9019
9899
7436
3571
3055
8130
4841
7403
8491
8631
2210
8999
2401
261
8876
5345
2731
8014
8367
1414
2463
5826
9013
3276
9765
1651
2468
7142
4243
6135
826
9201
8433
6043
9144
3862
2706
8748
6851
3120
6250
1089
2028
8058
7931
315
4473
4594
287
7066
5045
9269
4605
5696
4297
4597
6048
1620
3691
8809
9019
3432
5646
1765
8812
5740
1817
9622
1810
5277
4938
9798
2220
1648
7489
4264
7844
1698
4850
2634
2207
8809
5731
2292
2423
7851
7762
1696
6524
5315
1018
8209
7364
5960
2871
339
2600
4706
565
2822
9942
9740
5409
1181
7575
7857
6713
4871
7595
5248
8246
9261
6301
5286
6894
9498
8384
5747
2005
8038
117
214
5992
3416
8038
6181
6080
5580
4566
6316
3737
9721
1569
4859
1500
3936
1409
2616
5692
4939
3855
2867
1380
1637
2178
3427
4993
3237
5050
6076
9796
4466
5922
5227
3538
6357
5886
5338
8289
8083
4058
7643
2289
6355
4208
8424
1660
2781
1628
189
8474
647
1438
3040
7749
6633
6121
9542
1976
9394
2592
318
1273
2546
2528
9657
9116
7419
9649
7810
5038
6984
8506
9372
1322
19
2980
955
797
2307
5514
2408
1252
2538
7011
4123
10000
1888
549
4764
3556
7865
5013
336
2063
524
3321
142
7456
4281
6692
7729
914
5709
9104
251
2517
7976
3224
612
7620
8463
2836
3644
3458
9279
5961
7087
4529
6995
9901
4103
2646
3606
7218
6419
4594
7650
4537
9627
9354
7245
4476
3739
7018
3502
6561
3631
8152
9111
6953
1026
2739
9867
2340
7579
5208
3479
5792
6830
5893
8978
3800
3405
7566
9874
9269
6433
620
5207
2741
5510
859
3401
2761
7149
705
1767
5971
4168
5007
5387
8686
7131
2451
3004
2230
7563
9268
4231
3860
8745
2811
6403
8582
6301
5331
4661
5048
2450
3376
8683
9358
5401
5368
2656
5502
5673
4616
6156
9193
5982
5691
862
6921
1959
2266
4394
8302
4247
2692
1473
1050
6333
4077
9268
9394
8491
6705
4576
3668
630
9122
6166
4776
9157
7918
3682
9663
163
1258
685
3347
9952
7278
9943
3636
5317
9602
3462
6656
6970
6697
2529
9772
5278
5686
9840
8465
563
176
7610
4037
4501
4032
1852
1228
8753
5801
5709
7974
326
7040
6283
1997
2116
2955
5086
1660
6024
5502
4925
4436
3214
3733
8186
5253
3207
4035
1441
9883
5059
5241
6718
3629
8071
9599
490
3455
275
9239
7679
2294
913
1200
8573
8749
3866
6475
8274
6144
6182
8307
3699
2279
9387
2128
4517
3722
5682
5559
5782
3551
6339
1597
6224
8625
7835
10000
3703
7360
4743
8364
5755
1944
7202
3948
8941
4931
4023
3941
5492
2885
6534
429
1830
5384
5114
61
1678
7099
8113
3012
8213
3033
6850
2956
8774
1705
4567
9610
5952
2189
8659
3208
1746
9511
3300
2179
399
1592
2165
5765
1207
505
2599
8659
8106
7287
3751
8783
6504
8360
8180
8570
800
1783
5906
2010
6271
4393
3315
642
6876
9571
27
8464
9288
1997
3563
7133
6065
8444
9203
4440
8303
1903
3771
8126
42
5454
853
2645
4312
2681
5038
441
5390
6114
2448
9150
5379
9445
9324
8291
9413
5919
272
3421
3812
821
5012
3295
3948
5557
4706
5322
3281
6367
8533
9705
8382
5581
5186
1073
8915
1195
1087
893
2006
9822
2111
1991
8880
5962
6953
9126
5780
2034
2324
5244
8307
7302
3150
2676
20
2439
5562
7787
5586
8882
678
7933
2269
4791
3189
1079
5790
5413
3410
9067
9287
6037
6106
2972
9384
9858
1322
4218
8860
4408
24
613
96
4257
2007
5088
3355
6677
2128
6929
89
7371
2213
2277
6115
814
2097
8139
7775
5562
9550
6221
1162
7236
67
928
3488
1040
6617
868
3882
1541
1645
3325
6217
5193
8586
7234
6898
4488
3067
7146
5346
1242
5093
2584
6252
2020
4111
7453
3823
4879
6300
8322
1291
9209
5163
2931
9180
8296
2131
4476
7814
9819
5669
1098
2277
8108
6661
5327
2331
7066
8149
8016
8317
1673
5407
1291
6724
9625
3172
3778
3197
1559
6798
5430
5730
2067
387
9941
4197
4212
5024
848
5935
8767
2694
3990
3566
3001
8441
111
3438
7174
8020
7422
5209
6516
8624
6748
9994
5087
8319
7575
8784
1433
2885
746
1157
1704
2602
4554
1057
7869
5157
4431
494
1564
8484
4908
1945
6996
6627
1932
9221
6161
1317
6796
7657
7026
1505
9753
950
5094
4529
4666
7940
5831
790
7349
275
5721
10
1938
6217
7834
3843
2755
4171
2351
7683
4166
3315
7490
4591
7510
3769
2344
3987
5003
4330
4247
9184
9701
8382
3675
9485
4648
6897
9442
2049
6041
2004
9875
5801
4140
6078
2433
3145
9254
9082
238
408
5201
8778
2648
5617
5398
6742
2126
4204
2304
4508
4877
4680
6055
7558
8366
5008
1141
8200
2004
2005
5816
5640
9486
6248
1053
3055
5735
8044
7049
3252
8
7112
7656
8033
1085
135
7182
6593
6957
5634
1619
4160
9866
7313
6219
4820
8919
1647
2682
8611
7197
7759
9560
250
3867
3565
6666
9764
1529
9186
416
6731
9365
6988
1071
2432
7431
515
1067
5696
785
2243
5677
1059
4608
5014
7281
8690
2038
3371
285
4121
4170
7781
9281
5820
8795
3141
6462
8247
7008
964
3811
4764
1649
9441
8519
2751
9806
2532
7416
4589
1534
2839
8958
9409
6174
2147
9048
9200
3705
8016
4594
3278
4681
650
7475
36
2937
2127
1754
7061
339
4553
3311
4720
7474
2525
4740
5706
3795
7325
9325
1289
4808
3101
7091
4891
7592
1352
9172
2116
159
4055
4652
601
4526
3013
4448
2509
6242
2439
6829
645
6305
6705
8723
2176
598
1180
899
2839
1414
6627
2678
8243
1718
9887
3288
6748
5758
6546
231
6533
6476
5609
8342
6453
406
1084
9359
8303
423
4787
1457
5198
4929
4300
5636
6136
545
3852
995
9068
3720
9854
9717
7189
7499
1472
5089
5131
1429
8699
1557
8734
1691
3948
9166
7883
5522
2602
3851
687
2605
4790
8000
1587
8526
9741
9187
2614
6269
5763
1152
2354
2056
2875
7258
8060
3506
6865
1991
1416
4173
551
1489
1462
6947
3570
7169
5039
9482
3460
6450
1823
3367
2973
9905
7881
3671
2524
5545
4706
7713
1057
1184
2249
6750
8822
7355
1556
7616
4638
109
1916
5611
1245
9234
5212
2433
7903
4966
8587
2755
9049
6606
7470
6248
5256
3698
2382
9364
1551
3905
1084
5603
8300
3886
5635
3300
989
3954
5195
4386
2289
2034
7408
7515
1435
4917
7642
1876
5323
7261
7664
487
1620
4846
26
2915
6083
4311
8581
723
9838
1967
3558
5865
3158
9105
2294
9312
6713
8838
5862
8011
4326
7341
790
3164
6058
4177
6112
2421
7230
817
617
6426
3434
7594
7773
1693
143
9080
9413
428
1714
270
1146
2255
696
765
181
4727
3004
6690
195
6829
6538
8422
4918
1313
1489
7627
7157
9380
2238
5843
8075
7983
6744
2477
9633
3687
8984
2258
6289
2524
3120
7055
5291
3022
5444
1041
7875
2308
1680
8803
4189
2104
8163
9274
7888
9228
6008
3768
8595
197
4261
2757
8664
9121
7703
2388
7126
272
495
8526
8164
2693
2231
2176
7313
4556
2346
5939
4478
9574
3125
706
4095
8672
1605
3521
3735
3386
6476
5177
9203
8815
7753
59
2711
1675
5158
3186
8591
8860
842
946
9927
5009
9417
7027
9886
7059
9223
7521
4523
7729
589
6827
5472
9351
9707
1401
8394
3361
631
7194
7487
6680
8776
358
6866
9272
2681
23
3486
4540
8545
4451
5720
5725
2259
4230
2919
906
138
674
600
1259
9
2845
2286
8767
1914
2621
2747
2522
4480
8072
9348
1140
1064
57
2664
6261
7544
8922
2518
6015
6130
416
5330
5331
2109
8477
8080
5690
4759
8448
5514
1519
1787
4155
665
1047
7322
564
63
5569
9101
8084
7850
8941
4101
7521
2381
4892
821
4122
764
6325
3087
2608
8989
8299
376
9779
6027
3697
5510
294
889
1402
8601
6589
2202
7396
7942
2891
8976
1486
8837
4731
2500
2412
2109
1691
3638
1156
6180
6856
556
4082
6837
4619
7597
1838
6574
6795
1422
9846
7538
4645
8344
6099
7444
2380
5996
488
9697
839
2508
3313
8343
4687
4199
8515
8433
3587
9763
6410
6699
6767
875
2211
6854
6099
2709
3752
3139
2223
4675
6981
2609
9017
2199
6756
5657
9572
3832
6760
9949
4173
4540
8969
8285
7427
6315
2574
2031
644
124
1104
3710
5395
8704
9337
6986
5977
8099
6409
1939
5998
7562
6155
860
5399
2236
449
9830
5301
6691
1074
1291
9378
3714
9433
751
4812
229
5345
8530
1538
8309
5115
4588
1829
7595
5867
709
5937
845
1396
780
5226
8000
4866
9857
4452
6629
5817
2270
796
6703
8194
2539
9623
2425
4539
5181
7784
5279
3215
3871
738
6564
8882
8200
8352
8946
9879
2737
3996
4752
697
8303
327
4520
3343
5478
9481
1285
1611
2899
9568
8662
8898
5089
3874
1014
4432
3782
8087
4916
2610
905
5514
2910
5938
8621
7544
5170
7622
6741
1615
4143
1466
131
4314
7639
2714
4482
3630
3556
6533
5261
3932
4264
3167
9831
1824
9308
9879
6729
3636
8602
6134
4132
362
2368
6687
2906
4655
1375
6505
1269
70
686
7612
7430
1536
8043
1086
4733
6908
6759
5679
4179
1730
8806
2135
1453
3373
5445
7939
6672
5652
1034
8012
1268
1731
6333
7210
9674
8651
2068
9228
195
1634
3766
8319
9200
2520
3237
9798
2152
8708
8655
4986
4296
7915
3480
3353
7165
1761
7294
858
7555
3406
3877
5880
4667
9972
1055
7173
8619
8347
2550
6868
6137
3493
7277
4492
5724
1514
3885
2012
6174
2061
536
2897
2871
6776
8884
8563
4094
6141
6251
1937
9612
2600
8296
1538
5618
9543
8689
4560
533
3673
2164
8189
2568
8424
8217
4859
1223
9203
9476
4220
3036
3704
2277
6858
7580
8377
3489
6396
9974
8491
1424
4249
1689
1663
378
9638
5140
5695
7415
8536
4285
904
1656
7166
1729
5086
2997
5203
8198
9213
3630
7214
6133
3144
6556
8657
4072
3412
7357
9567
3272
7166
3478
9020
733
9543
5239
9535
9692
6086
5120
1470
9137
8086
4172
2130
9378
6428
4241
7781
463
8126
4066
8864
914
4702
763
9037
2041
2750
8619
8563
8218
4844
6926
5579
3564
2144
3652
7307
3482
866
9479
8077
9066
1725
3783
6076
8509
363
146
8797
2744
4328
4451
9132
6972
1528
4803
4075
3142
7476
2687
227
7871
4613
9293
2173
7199
4227
9243
5542
7567
7326
7160
7890
5741
2280
1052
9261
5014
1802
3533
2056
5196
1637
9138
6161
6526
2792
9873
8761
5271
9185
6166
9281
8248
9503
5850
8638
4717
3412
1378
7267
1179
7909
3008
446
2523
2145
1100
9352
3430
2690
9411
8717
8241
9903
3052
3477
2265
8278
3723
6820
6067
8295
4963
4043
8558
4275
7730
7257
971
2120
2249
1776
7978
5590
9659
9257
7167
7044
2974
3195
1425
6546
399
415
46
3612
9441
2622
6393
6221
1291
6564
1050
5897
2587
794
4318
1610
2163
5106
4057
8817
6473
1696
2581
9721
7879
7289
4975
2752
4275
9278
4878
3438
1493
2197
5280
6130
9639
3627
6053
6991
1336
358
3939
6866
1242
1607
7749
2804
7772
2985
9048
8389
4372
3054
337
519
8916
5455
2121
211
2125
6025
4563
5933
5055
9338
5376
5456
5542
6788
8168
5601
440
9737
8090
8435
3773
5894
1084
2254
8897
1904
2398
511
3391
1795
4221
3088
2220
579
7377
3961
1050
3184
2198
8610
6065
4428
2878
868
6906
1883
7212
2998
8981
4069
7186
2429
5690
3043
6784
4892
1970
460
525
3389
2433
4658
797
5630
6984
4467
4059
2536
3281
9895
1651
3086
8964
8458
1940
4909
3246
6071
167
4423
8773
853
1724
4415
9896
1362
6611
5776
2024
6359
1797
8114
6829
4549
3578
3567
9061
1149
8039
5285
1357
3380
5329
6003
6810
901
2954
2737
2691
9879
7133
1044
1620
6540
7032
5814
3824
5520
2856
8666
8089
5209
1381
8280
7470
7088
8482
8669
6008
9846
8618
6820
6426
4386
6086
2296
5004
5242
264
3691
716
422
5009
899
429
1674
1153
4465
5316
4146
3452
9760
6343
939
7398
5143
3503
2172
8169
4186
6320
3064
9481
7833
1474
4029
6005
723
5483
1702
2421
8307
1641
1891
581
1504
5691
2540
680
2200
512
1167
1843
2039
1379
523
4787
3078
301
5745
4484
3893
2033
3615
1294
6883
5383
2800
4223
7009
2553
3851
3098
1441
7211
7630
1873
5972
6459
1767
5223
4901
6040
636
8150
8501
1146
5439
7325
7388
9627
3249
1715
7278
7138
2660
3264
7606
6871
165
5834
432
7064
8753
3213
1217
3499
4908
3183
4220
3471
1276
8298
7877
1663
8725
1970
7484
710
2734
3845
9695
8884
2326
2916
5617
5345
9762
6702
8182
6138
7191
9942
5445
6848
1548
6372
6038
7565
9676
3216
9468
2827
4611
8931
8398
4674
7729
329
4313
1873
5917
8576
6666
9868
1653
752
1094
594
9666
8486
6185
9415
5647
4625
6815
8091
3156
5683
3168
7739
2588
2948
5405
4590
747
629
9600
4205
1253
6747
4956
5753
9168
3954
705
1
5853
7832
2825
3735
8323
987
6955
4296
3454
9170
3899
3095
4382
8830
3813
3674
2676
5703
1950
5083
8133
4862
6704
2382
6428
6292
1941
2826
1459
6422
914
8223
9201
4704
390
9005
4136
9772
9713
478
3000
584
7982
185
660
4053
8726
5766
612
9218
5854
7957
6982
406
9513
3109
9724
4199
26
8943
1746
5931
7271
500
3211
9866
5859
1103
5756
3709
1182
1999
4918
7349
9782
2757
7104
5101
3821
7396
701
4048
1766
6751
9462
370
6111
9974
3679
5717
6565
7516
6451
1599
2022
8321
3110
7999
7959
5868
111
8552
4874
7880
9000
5981
1440
323
3112
5385
1388
9468
3712
6581
1004
8037
1496
9097
3938
2883
5396
5673
4233
3924
7846
7262
711
4789
4494
2516
4403
6027
615
463
6514
4774
9415
9914
4741
5290
693
5173
2972
3103
6104
3980
7446
7181
9662
437
3381
854
142
5497
3962
8022
4434
4376
3565
9370
7291
1989
4586
5256
8373
7577
9253
6759
7446
3159
8765
2816
7763
4657
8913
2204
7174
8345
6357
9186
8366
7627
1761
4410
5603
7155
5921
7977
6080
9506
4050
6060
5426
3405
9216
8352
7618
857
133
1012
165
1555
3743
763
4618
404
2072
2019
2668
7853
3983
918
2444
3350
6057
8841
3526
1059
1473
9523
8186
6129
7251
5895
4917
5268
1630
3621
7165
3924
8983
2842
6115
5628
2749
8506
313
9169
3188
3920
8147
6711
6485
417
4463
547
605
2065
9210
3572
3862
7296
2763
1567
965
8087
5576
7065
8070
5135
781
5266
12
5033
9342
8356
373
6180
1319
7457
615
6825
4051
7723
5265
9298
6492
4749
4498
460
7963
5028
2701
6711
3695
4896
7828
2102
4193
5189
2926
2602
4007
1137
1824
1101
9900
1551
8990
7209
8122
5336
2697
141
4880
3270
3894
51
2711
7118
2904
7374
570
209
4046
2699
1284
5213
3516
9953
7434
5327
466
9951
8057
144
250
7913
3698
5633
3280
680
4182
