6901
1149
2677
9020
7312
8076
4812
8954
3681
7001
4746
580
9458
9267
7162
1911
5252
7364
7999
105
5358
6172
2884
7998
3406
4616
5773
1691
3348
3178
7082
5982
6686
9706
8407
9203
7341
8104
4233
5607
2529
2852
6468
7478
8847
4388
9903
565
8650
2515
5135
405
5925
6340
8643
3033
9980
2738
4559
3467
9664
94
1496
7956
4233
4848
1950
191
1086
9238
5384
2828
119
3673
8082
3136
7719
6168
9888
6176
6280
614
9176
2666
9278
8992
2228
3370
3635
2439
1760
9264
5555
6015
5905
8579
4962
4361
898
4228
3714
7863
6120
6518
8691
1423
4377
7609
5494
4341
5077
48
1679
7941
1908
1792
4120
2767
6323
8336
5008
7344
115
6143
5542
1167
9757
1065
277
4553
5791
9284
7967
7785
8026
7497
3736
1257
1952
8353
4161
943
179
8969
3398
326
8229
2937
2409
491
8996
2012
1927
2278
4006
9579
6603
2873
6770
3783
4686
9303
5874
4235
3416
6702
8387
1707
2896
6830
6907
8777
3978
7610
7292
7832
6358
8339
4399
6262
1600
4360
5825
4146
7909
8831
52
3029
757
5883
9071
8609
1394
9629
4782
1525
4159
387
3207
5500
9947
8185
1538
2278
5836
8828
9568
7904
622
5381
7774
2322
9186
5952
7334
6840
7509
287
9534
6048
3152
2799
7778
2316
1794
145
9867
202
2081
2116
1611
1278
326
6116
9373
7257
9292
9773
4205
1392
1043
3134
9400
4775
5411
4936
3585
3855
2786
966
485
2662
5452
1428
9551
5254
897
8532
5988
9271
4889
7365
6029
2632
6780
163
4479
839
7987
8719
3861
3819
5610
1493
3233
3243
5121
3160
4434
8318
7107
2849
682
6118
4265
242
888
5481
917
1485
8672
9258
1088
3861
4816
7278
9651
6255
7043
7716
1088
4063
6756
4507
5112
6862
4987
4717
5999
4963
8965
1165
6685
753
8154
3812
9853
5038
2688
9945
4911
9389
9766
3173
9339
5945
2525
5534
7598
4502
3914
1134
9953
1089
4816
744
7574
437
4480
1558
8130
1419
3253
3672
5320
1693
375
9993
8394
1287
7501
6953
3281
4840
187
4217
7433
6034
5925
7831
1524
2522
1212
6610
2102
583
3609
7356
4038
9782
1286
402
8853
6956
8935
3277
9137
5990
7015
2997
4699
4005
5727
7322
1742
5075
2105
1236
1077
3420
472
710
4339
7365
1664
1298
1409
3910
7209
5594
4667
5996
7627
3824
7461
222
1274
8497
9714
7118
8671
4591
830
3036
8966
7376
4021
6934
775
9729
165
8670
5165
9256
6412
5221
1397
3676
8996
3301
2015
8019
852
5123
4469
9902
1119
5253
7730
9959
2040
4197
7333
7056
455
9453
902
978
4971
2705
6028
4041
1787
3284
2171
2863
2696
6587
1440
4509
1038
7188
1567
7974
1085
3310
866
8380
7087
3613
4276
8691
1052
983
1887
1498
3845
709
3753
983
5791
3698
5474
759
9732
6879
9919
2213
4553
4870
7810
3383
4928
3713
886
4756
5845
1854
2258
9332
634
4070
6326
8836
1645
9386
7202
7861
9021
1787
7588
3545
9756
3946
3642
3178
1919
5489
9092
962
8962
5166
9903
4764
5657
1874
6590
4702
1982
6181
1551
8414
965
2628
2440
5617
5568
8845
7088
7471
3396
8319
9544
8670
4309
8544
464
9005
238
3382
7443
6992
6787
4189
5928
3316
6705
1754
7910
4889
53
415
5897
9528
6155
4308
3290
3914
3827
1262
1538
4361
5157
1490
1628
976
57
5989
8293
9631
3666
4378
4747
3874
1676
344
6708
1644
9332
887
7390
8762
5558
1201
8511
2841
6019
5370
6921
5596
2077
8592
2835
9673
6751
8572
5178
9230
2594
1963
1387
8580
1055
4577
6734
6633
9951
5838
7624
5209
5969
3957
115
958
6875
9615
9171
7638
6726
5766
3195
5142
1693
2377
1151
9158
1286
3163
9789
825
6921
7050
7390
9492
503
7148
6636
9148
2724
4214
3564
9151
7033
8084
7104
4053
9063
7243
6541
5597
6196
3151
5269
2120
306
9441
7833
387
9162
6766
3558
1863
1285
1709
983
3101
6772
6276
531
2140
9141
7223
441
5566
93
1498
657
3297
5879
8248
5085
3721
7928
1309
1238
8769
9562
1659
508
8490
1828
2180
88
5674
7183
5179
8432
6075
1084
3040
5273
4336
7691
8876
7879
7232
2429
5636
8080
5407
278
7650
217
4745
2563
6320
9766
1212
3926
5136
1813
7777
7909
5603
2605
9549
2242
9336
3888
5860
6237
8245
8863
7158
1989
6629
4907
1032
8374
9246
3148
9662
3381
1654
8131
8723
6911
3820
3144
2819
4031
1844
4385
354
6420
5360
6923
143
526
1358
6842
8061
3507
8835
3087
9359
8297
6816
1283
3607
4239
4956
6420
112
8597
5384
5843
308
5390
2649
4475
6107
4081
9315
1351
4541
9658
1430
4455
9476
8358
9458
6443
7102
9605
8193
8550
6971
1973
1154
880
136
9367
7208
4111
7110
3223
932
3506
2827
5017
3367
1282
433
7507
1553
2308
4484
4010
6389
3331
5719
6713
9711
4990
3576
6753
5447
7577
458
3748
6949
4181
7021
9845
9477
9014
5238
3745
4813
7300
661
7707
8349
577
6039
3771
5099
8184
7649
6915
9011
7815
7256
4012
3652
364
4109
5747
4889
1043
5191
6098
8749
3424
3972
7704
126
8512
4307
5585
3645
7826
4218
5900
1004
2691
6119
9794
6636
9402
3621
473
4319
7539
6140
1571
5893
7841
3096
3328
2851
4431
2069
9986
5862
2235
8184
7905
5011
6877
4157
5020
6784
8662
6804
9501
6010
3274
3563
5780
4408
6354
1704
3939
292
1174
8953
7060
2173
9521
7493
9032
2286
257
5080
7784
7171
7144
4805
2278
5127
6266
1768
1501
7107
7588
569
9737
3569
6763
1218
8447
7380
2661
7287
8654
3540
9535
702
5631
3936
1092
7145
133
8430
2756
583
384
9063
8684
882
7809
9169
1377
5916
283
6560
2544
6885
7247
1280
8106
3511
2838
8340
9407
2994
1782
9412
1205
1335
8184
5239
9519
2528
4517
5306
8541
1888
8029
1395
3531
7766
2546
8600
5434
7053
9825
8176
5004
520
9729
3531
4055
3740
2241
7265
2827
5715
4901
9294
641
3455
4137
9167
9449
9553
7534
7737
1177
7638
7201
1025
1377
4090
6565
5179
1507
8371
3058
2320
5297
3466
373
2817
6705
6073
2133
3491
6880
9576
9008
3226
2211
9933
8499
1108
4691
8679
7108
4396
8489
3128
3502
7665
704
7599
299
6618
3347
4129
8130
8171
9068
2644
8898
8494
2166
2833
2441
4573
8445
7400
9409
2926
7020
4357
7301
8446
1784
9410
1852
3745
230
3205
4699
4293
6396
2060
519
7066
8247
7182
7736
874
2647
8663
1332
8259
5620
1041
2280
416
9136
4526
6218
6719
5925
8559
2614
4009
618
2184
6409
4554
7076
5124
8374
9682
1739
4256
9101
1943
7774
9324
228
8552
4499
1231
9174
4986
5917
68
9955
453
1075
7379
1094
3190
9355
925
9189
6711
9534
3860
9604
6431
2360
1613
2445
9324
6588
893
3671
7863
2197
5338
4279
4621
2886
5635
7157
2146
3497
4932
2463
7934
6718
6290
6244
6080
247
8284
2968
2125
5913
514
178
3576
3820
2024
5460
3050
2163
230
8298
645
6591
3304
6372
5957
7009
8002
8554
2684
986
4022
1174
2009
4710
2648
5959
6892
3093
5948
6440
1773
8157
2818
490
4452
9500
577
9364
9763
4561
8423
7603
7003
6053
8873
6225
6659
2577
2788
7008
3342
2885
705
3567
9700
4441
9198
7634
2858
9706
879
5971
9346
7957
388
3875
6310
1711
3919
8140
2241
1057
1282
3498
7899
2924
2608
3590
1869
7878
9129
140
3251
2646
8178
6414
9608
8960
8984
946
6538
7399
4048
1781
852
1009
4200
2925
5635
1846
4174
1814
825
7598
7324
9940
6919
4939
830
4107
4262
2255
2029
7743
4817
1146
1950
7839
6476
7075
4240
3880
5777
5109
1442
4638
7356
7035
5193
6467
4973
103
5238
3760
2851
1738
7263
5427
6323
6942
5996
5282
8121
9946
8094
8267
2506
5234
8894
7301
1376
9943
9731
7282
7239
4217
4826
9388
1773
6262
3773
8710
6909
2349
203
5830
3351
4740
5237
2356
4804
4262
6988
6169
9612
6004
9623
4487
8832
7506
1055
3474
4594
9619
1660
8255
9428
4224
8262
627
3013
3937
1972
5073
5006
2734
7960
7194
3138
8558
2770
9151
5005
842
7253
3568
7458
1927
4978
3584
2236
2432
642
1885
8848
6957
675
1051
2051
8421
1882
3042
174
9647
1300
4696
6941
1750
5740
3162
7026
9448
5974
7098
1841
5494
1809
6262
6640
3375
9404
2779
8580
6599
5514
250
3279
8475
2840
311
2140
4216
9260
9223
3163
4474
6082
7593
6037
9489
1414
4697
7120
5941
7361
2225
8174
1221
4059
868
1829
4278
3569
2023
7928
2977
8145
7970
4586
9559
6819
8829
728
134
4917
3517
2306
9725
9720
6927
2002
9958
3654
5045
3801
6494
2077
6624
5835
2177
3406
7628
6929
6932
7248
8812
1423
2546
2731
6487
3380
5818
5099
9371
3620
6812
1951
9606
8336
4959
5196
6570
2886
5432
5417
7493
3497
6492
3960
3303
5184
8112
8572
858
785
6967
3469
4962
4161
5443
2670
5928
4356
5178
4467
7933
789
4205
1225
5593
1366
4677
4498
2939
5829
5476
463
1782
4026
7138
7031
8035
3721
3391
772
7529
1939
441
603
1673
2699
5166
4182
9630
66
6747
7968
4107
653
4181
4527
3001
6668
1457
512
3873
3710
4725
9859
9701
9616
3683
7686
632
2228
9920
3798
4690
5618
4576
1941
5292
8938
7704
1707
9165
7890
382
556
5015
2451
4979
6821
4497
7710
8395
9871
9606
4753
302
1651
5743
8320
1092
5341
8639
1075
3133
4075
1536
6891
190
9122
2558
4264
7374
422
4996
1357
2543
3707
3827
3405
1212
4668
1665
2745
8414
3169
8256
5776
6645
9330
3072
2560
5936
7132
9640
5380
4630
2402
6946
4940
7062
1020
305
4626
6795
3721
6951
4901
9403
4641
2645
2194
9024
2200
9836
1994
6579
2752
9867
2936
6805
4332
287
232
389
975
5510
5938
2396
3550
9682
2691
823
2310
3933
8706
5130
1236
9742
8056
2421
7735
3052
654
6711
4789
1088
9790
4279
6717
917
7502
8321
9636
5890
4192
6017
4772
8847
9147
2752
1840
4868
568
8459
4036
7049
9874
1258
5225
3935
4316
7276
8008
1723
9643
7148
5034
3179
5457
4673
5860
955
3491
9686
601
3637
9373
8225
2065
9070
3729
9144
4051
2240
2186
569
4711
1322
678
8575
3962
575
6577
7884
6622
659
8240
5387
5127
204
4800
1083
6655
7197
9449
7752
8072
9249
6056
8034
4103
8948
8655
3367
8602
6521
5013
8035
5438
8956
5720
2259
4993
8405
1185
4665
5266
7419
8941
5033
2377
4665
3827
6513
2651
7420
4885
4762
552
847
6059
5917
5929
1476
6654
4125
8863
5194
6430
8857
9778
6779
6222
1021
393
4407
5444
6340
7715
3953
1551
923
9302
2697
162
9951
8403
8117
7492
4647
3870
3370
5297
5900
2829
5611
7737
7136
4939
6024
6484
4438
743
9498
926
8807
3575
9938
7373
9296
8408
6152
1470
7878
7995
616
3202
2500
9314
594
3186
4073
8702
8837
585
9561
7324
4186
1394
4684
9273
255
1674
918
2768
5865
3837
3854
5221
2394
4170
1287
6836
8498
4424
689
3222
7184
4610
7729
4067
8304
20
6273
7023
597
5444
7360
2155
7204
2433
3483
8599
8377
4624
1032
1961
3627
6781
6640
4936
9201
5128
8906
568
6089
8633
8911
3396
6166
5464
15
8837
1879
1635
4613
2659
3060
4048
3490
2224
2361
8631
6608
1786
7147
3056
3747
7204
7044
6306
1261
4068
7035
8123
8415
4794
911
872
2769
522
8522
4611
3136
2032
3934
6445
8390
8965
3745
7878
7636
5013
2916
8318
9160
996
4144
9781
1246
4470
4126
5266
5139
9239
9670
1516
2447
6169
406
837
3683
3445
4745
1046
3866
9876
9703
1511
6830
3360
9283
9048
8870
2114
9202
1190
5601
5300
7090
5421
4438
3572
7301
6014
5023
6785
3480
1923
1638
5025
1546
5583
9966
8282
8891
1445
1034
6160
411
4275
4613
9846
99
6768
9419
819
3179
7274
3979
9935
6933
6297
5678
495
3097
9131
3015
1845
4419
2220
8250
5774
3496
5479
1767
5451
8363
1456
156
100
4873
6568
7217
5636
3685
5186
5288
2957
5767
5612
3403
9317
8554
8754
2846
6615
9290
3512
7236
39
7137
7109
8227
2490
3575
9099
2945
361
1446
5433
9413
601
4585
788
4933
5202
6583
8974
1493
7369
4215
4906
1320
5796
2310
3000
1113
6463
5478
9632
7350
7229
1073
1543
8240
7917
295
2982
3826
4881
308
4531
941
9414
522
2182
8699
7999
8622
5905
8068
9943
5670
5110
9247
3265
1341
7420
9165
3812
6563
3936
6652
9424
2638
3641
3895
7636
6948
2139
1492
7435
4404
70
292
2646
8285
7529
9491
5401
6013
8078
1181
2743
5466
4002
5335
3615
1265
7752
2528
3226
9614
8984
6481
8580
4032
8906
3129
4547
1632
2356
8411
6196
8078
2376
4289
4274
6399
127
634
2240
5261
6383
5654
6708
8391
1091
1831
9766
7852
2843
6917
1504
558
7838
930
4950
5352
5863
6046
4930
2143
7435
5067
6166
8485
6308
4207
5156
896
6606
8447
5201
9638
4589
5429
7012
188
2684
7800
6671
1612
7109
9864
4600
6478
1598
6630
9234
9498
7969
650
9834
2752
9292
1044
4029
7695
9814
2764
324
57
6115
4585
1240
1263
6190
7440
3927
9431
482
851
3797
5924
2150
5386
2668
7755
555
7650
8520
8150
1901
6006
3077
1437
3109
7
1951
7238
3160
1535
2906
2591
8726
8558
5819
4742
3422
9093
5626
1172
6008
3332
3449
9647
7005
7605
4597
8347
3153
1195
7879
4636
191
9016
7919
571
1800
5377
5710
7489
367
4126
612
2481
5979
6597
3131
4807
6540
1169
8214
8014
915
6805
5003
8080
4553
4644
255
6192
8871
1540
9582
9269
4320
1530
4441
8656
8071
5810
4725
3982
6132
1634
3655
7716
2404
2735
4520
7353
541
3936
3273
3784
1868
588
7517
7509
6441
2268
7450
378
3837
2358
9831
5220
5097
3716
4169
5336
5014
9244
9889
6565
9666
4066
9815
3584
9376
3731
529
7326
3329
1709
2658
4030
7394
1120
6997
7742
4072
2558
5762
8937
4277
298
2794
8886
9239
7089
5734
5291
3720
2072
1090
9804
3809
9328
3974
7133
9344
7192
9039
4690
5456
2836
1373
1841
3648
1055
770
877
582
1889
3586
522
2929
6301
8288
1617
8188
3277
6386
8341
2659
4435
4400
2400
4713
3126
3637
6895
2897
3950
2481
9396
5826
3805
4787
6330
492
3922
6134
8272
9085
8299
3013
5099
3936
5299
5797
5957
6150
1486
3587
3593
2171
7160
1671
3371
7099
4364
4703
2527
1510
1335
1048
1055
5782
458
4928
8303
3526
7421
1419
8006
9315
4402
800
7114
9787
7656
4910
4076
1849
503
1539
3883
3729
3584
1458
5904
3596
349
4741
1375
9403
4097
2762
4920
5272
4503
8971
9013
9539
4303
9252
552
3532
6813
5238
3233
4087
3714
2428
8735
6211
2774
4809
6410
9446
9474
1310
7293
2956
3718
8302
6357
4401
2848
2524
3742
4521
1799
9230
2960
6139
8979
2344
4455
2929
2959
3748
5751
7683
844
7141
1409
3689
6953
4000
8439
143
9615
8720
9970
795
3528
6515
1070
1032
7304
1275
267
7174
4412
953
1256
7823
7749
3534
8236
1154
4280
1197
4168
5355
4145
2420
3830
1984
3096
130
331
5532
3630
4416
6965
1511
2139
9277
5708
4523
4228
6450
244
856
7424
7745
7983
4177
9991
1267
792
7072
17
303
2975
2415
1425
5335
3181
3918
5062
6858
9383
4995
5132
9304
3950
5808
4272
9955
2053
7572
9902
9265
6691
3030
7448
8171
1736
735
990
5040
6430
2632
4052
3228
4449
8438
9483
1360
6462
9449
7796
8550
4746
1378
6662
4070
8500
3017
5807
6157
1523
730
9785
8882
3669
6322
7700
8032
3423
6236
7187
6530
2199
8996
2621
3794
6376
8027
6187
9841
499
5143
5582
9539
8355
6833
4496
2068
240
8507
548
656
8380
6111
8425
5776
7713
4375
656
5220
3422
381
2241
4485
6662
8493
6191
3486
5590
8552
2005
3896
6628
7066
6324
3211
4539
58
1321
4266
1089
5779
6734
4867
2025
5990
5118
9664
9638
1381
1633
1505
4168
1212
4205
3588
3690
4033
3158
9988
380
6285
2550
3461
5612
8611
4297
7068
1259
7199
7314
2833
2740
8854
1655
7339
3019
661
3380
9624
8833
9194
2501
8410
5473
6402
4337
617
9189
3097
6207
9821
2522
3663
7701
8099
8516
8502
5480
6187
2329
3771
9178
8419
5112
2067
5367
4304
9408
1336
3657
9643
5149
9816
3895
4394
9923
6586
5867
9700
5904
3661
3013
8457
8774
5450
8348
6921
9874
9711
234
4227
6984
1787
9142
1844
1936
9423
7123
7499
5444
9874
2600
2388
1818
3498
8386
9963
6102
1034
9949
427
315
5132
5841
9350
5633
6366
7274
4626
1517
4221
5685
7739
6621
629
9664
3518
6027
5741
8848
3195
134
3074
5189
5717
8195
3966
5633
35
2600
4144
3147
1880
2435
928
2363
2350
3086
7020
7109
5206
4568
4018
8254
4182
8963
5255
3201
6636
8791
7063
7182
1463
4927
1445
2888
4937
9761
6470
213
6285
59
8255
862
4142
5665
716
7998
9382
7214
9152
7925
3336
2138
3828
4676
5732
2967
2648
8516
1095
1802
6741
2490
2071
2777
5417
4480
1904
9442
5516
9779
6327
3178
4679
8265
9212
7932
7621
2583
9174
4063
5869
3749
6778
9861
1080
9968
8462
4502
2774
2717
6732
8811
6001
2277
685
3135
9479
1281
5546
7877
4501
3653
4471
5676
5981
1015
604
1941
5548
3978
1082
9947
1403
7277
5010
4236
7237
5311
3350
399
4599
9381
9561
8346
772
2316
5567
1178
5706
7843
4073
6649
7301
1310
9751
5887
4843
5051
1430
8677
2038
8374
3693
8990
8845
2868
8142
2784
2579
1320
5711
1235
5205
2486
4278
3623
5770
6673
9681
7047
1783
6467
2095
5502
7883
5326
4776
3327
9927
2891
6980
2808
6245
8744
7946
5076
181
850
6726
7146
8477
3573
4061
4361
2709
7101
9368
8245
4591
5655
8659
3202
7146
8250
3373
4914
8402
9750
1709
1129
142
9014
6533
9040
6807
7889
4826
3757
2586
1294
4131
1687
5418
2878
2612
1218
5998
8162
235
3400
2375
7567
8071
476
4390
3986
5623
4826
3819
2004
3266
8170
4707
2118
2288
1857
7503
717
662
2157
9728
2534
9992
5794
7701
7956
1721
9101
2107
2903
6886
2578
5873
8387
8856
9611
7560
9350
7343
9510
3775
2522
8689
3269
1853
6904
6819
702
1206
9596
5741
8021
6222
2730
2954
4356
746
8083
8426
1039
373
6670
8474
1413
4906
1820
6909
718
1888
2291
8637
352
1345
1047
4094
4885
4213
2406
8921
7382
2228
7358
5776
6190
3022
256
9485
7302
6411
1183
3419
2151
8784
4869
3659
1258
8812
3694
6472
8083
854
6597
2674
542
945
1609
5208
7642
5008
6138
9712
8733
4939
535
7000
8484
6665
9976
1090
8660
96
160
855
9350
4948
760
6419
9017
3158
5738
5680
4839
7381
5618
5141
675
3967
9651
1575
3053
9005
4033
2729
4825
7877
4082
5007
5972
5384
3329
1945
4046
4510
9782
4976
8970
5806
4285
8409
948
5014
2543
6333
5178
1427
1855
8573
9791
790
9686
71
4489
1863
6045
9981
609
5812
8574
9246
8375
577
7588
2713
2169
4025
3449
8822
1343
3911
3864
9140
807
4921
7870
9511
659
6544
1762
3015
5832
211
8691
4791
4426
1022
2739
409
6412
6700
4825
9071
9242
2716
3757
5123
4012
8401
2464
683
2290
6705
9674
2049
2242
7909
1542
3068
7388
636
1730
5585
7209
1929
5145
4786
7171
3386
5141
9751
2538
1221
6240
5451
9376
5643
3339
1324
8135
5504
2321
4847
8364
2924
6493
1178
2743
6168
4065
8880
1365
2335
8539
9730
2812
3854
2373
6432
716
7661
2158
9655
3162
889
7672
3595
4213
7670
9081
5495
935
8786
5603
6548
8168
4803
7094
1658
7354
3357
4716
8595
1056
8661
8978
551
7668
7374
9428
9958
3694
7230
8152
7781
2952
2740
8893
9808
6322
8481
270
2950
2055
9189
7181
7180
5430
9212
768
3402
7747
3161
9018
9748
461
4486
4806
7485
6055
4058
372
238
3816
2532
3075
4167
1560
3477
1627
3378
789
2843
3124
5588
6105
6414
5496
9240
7519
147
9806
9151
3562
8751
9653
354
7486
3612
1933
5265
1328
2481
5689
3961
1297
6117
6150
9111
532
9572
262
2790
5199
578
2293
8039
2172
1821
5582
9748
4927
790
3262
3075
386
5156
4521
303
894
2432
627
9434
6946
6754
1337
411
4615
4364
7514
1964
1328
3916
5652
238
4347
391
2842
6584
8333
8757
9717
7499
5123
2348
3606
3383
6649
6563
2123
6946
348
996
6841
7582
9985
4541
333
8972
3557
1226
4726
4040
7670
8294
4396
4804
1546
6452
8678
6675
7485
4960
8939
8134
6559
8098
2878
3723
1330
1260
3574
8379
8597
1471
6703
9971
7266
667
6222
6970
5273
2195
4935
8310
2819
3790
3678
6073
669
1530
1755
5997
3039
1715
8781
523
9645
4458
6237
4730
8365
1950
7192
9140
4718
3686
3457
706
3065
5634
6835
9833
670
763
5759
7413
2948
9231
8658
782
4087
6638
9958
4678
5736
1095
6326
8023
6450
9045
9917
6935
8535
2336
9604
4143
3767
4346
4959
1620
9584
9220
9902
1310
6519
6138
9917
8980
1384
272
4786
9842
486
4085
1625
3880
1385
7434
9531
4330
2110
5844
2245
4433
3656
3373
6565
5375
7001
8347
5078
1592
1878
4139
8489
3094
1583
5027
3242
5846
5469
5158
163
8651
2523
662
5318
3630
338
3211
5338
250
7703
8855
7564
2333
6420
8721
5643
3947
4342
3210
5511
2984
2022
2970
5926
8839
3334
119
7420
886
6465
9112
6902
2879
2964
6893
3994
1088
8807
4413
8178
735
6191
8705
5077
7717
8600
2753
6578
3841
6469
2218
4011
3806
7978
2971
4408
4637
222
2689
5534
7350
3884
7482
297
5935
9669
1061
1125
40
2525
2397
2757
6713
4117
7482
318
5622
2410
4828
7153
3973
6139
3979
4226
5133
6688
5278
8874
5311
5764
4632
2487
7923
4210
5065
3979
5528
3697
7294
3913
2807
7620
5407
1598
2353
2961
7402
7219
3675
1921
8547
7705
8569
6599
6023
1366
1742
6522
6524
256
1478
2002
8562
880
2416
7400
9151
6468
8253
6222
6972
1945
7078
2331
5513
6932
9091
6273
8121
3222
3261
1823
4927
5962
4118
2472
7415
1090
8616
7937
7793
6164
8305
7775
4034
7794
5918
9476
4289
1406
5879
3183
1168
2434
6141
9458
583
7519
7218
4951
7425
5264
3757
1064
7918
3220
4053
4103
4833
7665
7326
7865
4632
8294
2350
3738
8160
3401
3076
3671
4603
2070
8018
7753
6560
341
4573
3075
1570
8162
7742
6689
7731
7445
1577
5239
5606
893
1910
7971
2634
2745
3964
8234
4862
9185
5
4078
2250
4562
6998
255
1831
2855
7933
5635
9091
5748
5405
1423
948
788
1130
4398
9264
9709
8083
6696
3125
6168
4725
1907
8572
8116
3323
5973
490
98
2975
2796
6849
6229
2072
5396
9799
5937
2583
9268
5496
3655
6158
1624
4783
1692
6799
8934
1247
6761
1
4701
274
7395
3484
797
5229
8737
7836
8019
3844
5723
1485
8015
6545
292
9932
3966
7016
4804
9214
4415
693
8078
7378
4731
2017
1298
5903
2259
6502
7424
9679
86
3638
1561
3420
965
7477
848
5653
6773
7959
4919
5468
2352
9934
7185
7692
307
6254
3102
8814
7249
4964
316
5357
6862
2887
7782
7725
9454
8284
6715
777
5410
5982
9250
9751
229
9233
1669
6035
2715
6207
1803
2313
9068
1220
4099
8840
339
9195
2452
2690
8614
4160
5188
3646
6334
7265
375
1059
5883
7859
8123
4887
6674
7284
4226
9449
9990
3808
85
6247
9884
7439
7117
9952
4235
2248
6582
8250
9483
7665
9257
2488
189
7679
5802
232
363
3552
1513
5954
1416
236
3917
7744
4181
6011
6498
500
5191
6655
5972
5663
1414
981
8573
7806
4602
4576
1891
2888
5999
557
4406
2016
7269
1940
9654
295
7711
3248
7715
2565
4351
5971
8406
8512
5607
3371
5479
2521
4613
7430
6242
5413
909
2038
197
8122
3436
1265
6966
8592
6080
8162
7462
1476
6771
6758
499
8371
2130
8834
4097
1644
6309
960
2396
403
5851
5526
2084
9018
4733
9317
70
8353
4441
4584
1169
8126
3561
989
1754
639
2670
1187
8619
2679
5847
2118
2428
8712
1721
8096
8474
8477
7675
56
6764
1701
2316
8301
7045
6279
2606
8428
1097
536
710
199
3401
4678
8555
8261
2366
9687
2498
191
3713
3399
1508
685
4192
2390
3714
2453
2270
4393
6037
8506
1952
6223
3574
4646
6874
3261
1845
6701
9071
1218
422
3600
5107
2268
6329
1207
6818
5673
1430
1317
4938
1810
2396
2834
2901
1415
2642
8329
9589
3418
9202
1782
2054
1853
5802
8038
7953
4644
5491
4764
5944
7127
7954
9710
1177
4206
7071
4752
2309
2891
2855
3714
2042
7737
1245
974
5412
8460
6019
4159
2736
542
6767
9294
3058
8627
7447
7956
9342
7045
4114
6240
7190
3759
5047
2641
7955
2040
6508
3749
258
8876
3272
803
5814
2664
4098
3367
699
1800
3249
1485
1357
2207
6548
416
3400
2722
3039
5665
8472
1226
133
5362
6867
2334
9311
1702
7094
8070
5272
9742
2200
247
3549
8016
6297
7215
5194
7995
1861
3786
1502
5874
683
5172
1842
9238
4531
7544
9342
9037
7051
1129
7219
5264
6468
13
5041
6019
8252
7598
8293
2637
4925
656
9796
7397
9809
3153
2123
6728
5226
5629
4478
4203
2785
9945
7169
5105
7637
4924
1782
2561
9094
1691
366
9061
1950
7517
8563
198
1332
7170
8623
6958
3801
5302
3752
8738
1109
3726
4044
7708
6724
2983
9606
9528
9963
1858
7744
6449
1563
8694
1518
3393
2466
8473
8270
6994
8591
5348
8799
8790
2095
3045
3036
8162
3498
6000
5396
2746
6345
3237
3482
7329
3931
8529
6594
9978
3785
932
7163
1487
1666
2622
2405
6627
8189
370
4399
9016
7136
9989
3480
4988
7077
8974
399
3116
5796
9324
7907
3566
6500
8019
3716
7412
1819
5347
7810
2888
1475
6692
9349
7738
1079
5699
5842
5195
8489
1602
3046
665
7958
7731
3061
1037
2437
7401
2514
1222
2111
6564
2790
4912
7729
7802
5937
7066
8801
2326
3989
1722
9879
2995
2121
5560
7136
3701
6014
2186
3037
8583
7366
6116
2500
5147
5286
9810
5438
8821
1804
6475
982
2362
6399
1490
5721
750
1435
7515
8822
1639
102
2843
7495
5294
9739
830
7063
1267
8847
5891
9842
3132
1518
5291
6184
9919
7212
5520
4263
7114
1507
9151
8797
409
3752
6041
6469
812
2579
3668
7286
712
5690
7663
8875
827
8457
462
6011
8446
8169
9298
7470
7650
647
1685
2965
6777
7909
723
3538
2604
2268
1462
9942
4844
5326
4331
6554
7988
7122
9070
1565
7657
255
6555
2051
5484
7980
5327
1486
5043
1060
8065
6423
6665
9786
3889
146
7272
1452
2604
4937
5116
6114
3192
3663
4576
4263
5843
2724
2478
1397
5616
135
6768
2134
7085
9021
8422
8364
2182
8303
2553
4569
2330
5354
1361
9870
4854
2371
5925
3205
2838
2666
6995
8654
787
13
4203
752
1677
5809
7005
8519
8354
7631
4523
2163
9360
9880
398
4654
4647
5387
9587
7654
8831
7050
2449
4682
8822
4330
5627
435
7738
1993
2089
1169
8250
8052
2170
9331
7464
5473
1644
6499
1674
1511
6047
325
4313
6813
8933
8098
7164
5545
666
7899
2556
906
4540
2045
9257
5799
9831
8926
5387
1198
7800
6062
9816
5819
1564
8947
1705
4665
898
5116
3644
7440
354
1475
8151
6547
9217
358
1218
9423
8464
9997
8849
564
4739
8325
7580
7406
8434
5053
5465
3980
7331
2627
5274
4766
2925
8190
4937
4351
8488
6013
7991
4886
4897
9350
3768
8281
4528
9847
2129
8897
8527
883
6194
6874
1581
11
8783
2662
5766
1011
2712
6495
9267
5194
9666
638
5602
583
6933
2528
3440
7176
9144
292
813
8984
1967
4328
1082
4994
111
2672
276
2941
6040
9829
8977
2305
5064
8765
2454
1040
3817
6709
443
7366
4672
3238
4919
8904
369
252
7553
3566
6550
31
7791
4259
5097
9984
188
9279
7337
9607
1296
5014
500
3386
3119
2960
7137
5537
6108
3217
409
9979
6911
7824
695
9924
688
8690
1709
7196
8675
8233
4098
5339
535
7213
5480
9140
9505
338
6542
7718
3120
3263
2735
4437
4287
1309
3669
9440
1869
32
8051
4433
8790
7009
4905
4383
9637
9171
8308
227
5586
451
706
6275
9381
6108
5603
9484
7873
6930
4634
9089
2822
5706
8396
1690
9194
7435
1299
2600
4214
7958
5894
6876
9017
2932
3377
3130
8696
8963
6931
7460
2877
1650
2364
3943
2468
9495
7804
4471
2816
7206
2059
1897
2663
2404
2296
1354
3891
6986
3369
8413
8066
7514
3755
8245
7094
8498
4392
553
9273
4808
8864
4532
3204
8177
4158
5215
1868
6599
5008
3999
9425
9523
2510
2442
6314
5627
808
7411
8798
7254
8263
327
3629
3039
9393
6044
6147
3222
6442
6608
6261
994
3516
3185
8909
54
8557
8220
3261
5755
26
7371
5906
9104
5122
7369
2887
83
6594
3838
8886
4748
9516
3130
4319
5049
5915
609
3853
4657
7420
2143
3805
9362
3191
6628
5555
7363
5118
3036
8750
623
2205
6488
2528
2908
5013
79
3476
288
5966
2268
7496
7112
2581
6682
2314
2932
8800
4792
8604
8435
5308
9849
9147
9622
1717
6385
5634
7180
41
4073
4785
269
9572
6480
3106
2432
3774
2694
7283
115
8589
3526
4063
5831
3334
402
6767
7206
5410
2750
6954
8980
2187
6463
8104
1933
2028
5448
9560
6861
7471
3489
643
1802
712
9004
2697
9031
6335
4393
206
7458
5335
7597
9820
4605
4695
4900
5905
9927
1283
6255
556
4816
6179
8949
702
6422
5648
2158
6192
9269
7371
7140
6308
5504
1723
4645
2905
7360
1477
3501
1280
4545
2290
5381
6822
1602
1735
86
5607
4507
1050
2397
9905
3208
44
9419
9051
3282
7006
3338
6852
4198
3464
9276
2214
3419
5759
5056
2531
6563
3753
1155
3016
358
6616
4136
2637
147
8680
8304
8094
6913
9045
5131
2093
1109
5786
6389
1460
1964
146
6035
472
6324
4294
4394
5768
7606
6469
1378
8898
2238
3986
2552
600
2006
4943
1775
2167
6258
2125
9485
9139
3896
7868
7698
4948
176
8523
6423
1291
9787
7055
4907
318
8664
7109
103
6997
9726
934
861
3537
3895
830
3975
3313
5186
6056
7701
4717
5103
876
6444
1605
2869
9722
5665
8528
8159
8417
7350
4374
5682
586
8703
1066
6373
7373
5497
2579
1705
6835
8060
8858
3725
9589
1726
88
9531
8986
7293
1111
4696
4659
4005
6427
6143
3327
1676
7091
8015
50
1662
8776
9100
538
2971
2966
5144
1794
6223
1849
4867
4754
2448
7042
467
249
6138
7142
574
2874
2140
3414
8072
1063
9647
4564
4018
8129
401
8888
2001
989
4981
601
5105
9465
2292
9059
9833
4528
9663
8302
663
3210
6032
7133
4086
9984
2291
5504
6123
488
8993
134
8825
5877
9675
605
6032
4781
2437
2041
330
2191
3047
173
2767
2054
8102
9253
839
5067
3794
7659
6626
5819
7481
9642
3998
9407
4285
4482
1322
7505
8681
503
9781
4987
4378
2164
1802
8713
9327
3015
5410
6523
90
9350
7546
3762
7590
8667
7506
9179
3893
6845
9464
1795
7189
8926
3561
2479
8384
7210
9157
7253
8364
8765
3964
3287
2564
1199
3405
579
6600
4845
7125
1492
4754
9672
5763
506
8804
2068
5055
4914
523
4912
3556
3716
7683
5151
5092
9677
183
8340
3824
8116
1460
3409
9280
1099
9701
4298
5211
2486
3223
4158
9218
4135
9036
9636
1445
1745
1058
5228
949
1422
6719
7892
4099
8662
8962
3151
2613
7268
6838
7399
494
2753
1974
9518
0
9559
5208
8202
2533
463
1578
4437
6610
7933
3367
5755
73
8919
8476
8084
4553
6775
9306
9919
8773
7208
6953
7623
2663
126
5021
490
1192
795
9802
4311
3269
8590
177
8923
4322
2654
2798
4175
368
279
5796
5983
1025
1968
1968
6462
218
6541
5891
9271
7823
5336
1514
5346
6385
320
3518
3913
1274
544
1137
2490
7682
4028
7468
2569
6588
8631
4017
3428
79
9869
4249
854
1093
7411
6079
5264
2680
5444
8245
2029
1680
7077
1531
4689
1897
7884
1197
6006
2147
5062
9101
6424
16
1454
1271
6863
6477
9414
7641
2626
4849
7674
8015
1015
7267
3940
394
2489
3344
2371
51
0
9967
6992
4091
5509
6741
1964
1133
7415
6442
6436
8349
6192
1028
6622
904
3271
6151
4408
7759
127
6027
1338
1481
859
3019
358
4263
4752
9429
1509
7173
3114
8034
9144
3302
3917
218
7269
6181
631
5379
10
2920
9998
7284
6396
3226
9713
5537
8051
3249
5317
7726
4401
5506
6565
5592
1239
639
4926
5120
2783
2562
93
1409
681
5426
5385
3516
4048
4677
926
8622
5946
6985
8145
4325
6532
9605
8375
7639
3794
7309
5997
7679
2739
362
322
3877
7652
3730
2862
2147
8963
2723
6204
1245
7076
4387
8489
8605
995
7417
4420
9292
3349
4437
9375
6361
660
4692
1689
7461
7175
760
3391
1008
1287
830
5065
3531
9414
1013
2172
5409
7710
9137
473
1322
4195
8671
5615
9030
7981
3421
5423
1046
1532
9430
6600
4089
8278
9838
4761
5897
7609
8844
9763
8158
8999
1339
6909
582
7931
9130
7565
4471
9846
195
2160
2755
6754
6139
5140
7905
7129
1525
5552
7024
8973
7145
4718
7202
6035
1187
5246
6510
6596
5523
802
2962
8319
3506
7962
3934
6319
9941
9633
553
6392
4748
6668
8494
3817
7001
5048
9745
1993
7531
3073
7704
4209
4010
6329
4451
7157
9922
7454
8916
6766
4575
2081
6162
4598
6231
5484
958
5749
5857
8829
1589
788
9276
2519
3348
3905
2158
8827
2222
5912
1007
9739
2416
2206
7433
7372
2857
890
4086
9152
7977
8264
221
8426
8643
9283
223
9002
6040
3073
2823
761
3463
6942
2668
983
2944
856
6708
7463
1207
2185
3288
8315
7862
5276
3236
1059
6120
1123
2819
3658
9338
3731
31
1391
2192
2393
9427
5434
4329
4253
4597
9432
6741
469
742
1944
1472
3925
7404
5151
8672
313
5348
4272
2361
8278
6994
7540
5299
9281
3124
5234
1626
7021
4347
4707
556
7897
5970
2317
2227
4018
6888
6706
5470
4767
5820
2005
8469
5039
7084
3010
3548
9214
9666
1247
6194
9976
8872
1062
2027
1817
835
4747
7983
617
4435
7723
6425
76
7868
5272
4479
6813
668
9042
6633
4783
6247
2045
4134
2246
3369
5838
4662
551
3350
40
3599
3061
5677
4903
9422
9148
5577
739
8552
7568
1250
5822
3047
1165
2942
888
1887
5615
4711
1779
5539
9354
1757
2856
2852
4195
2555
8946
7170
1658
677
4572
8543
1184
4841
5380
4792
193
253
602
1353
146
678
9286
2239
528
8739
9338
2927
8760
4300
9551
9899
1661
4710
3951
7788
2972
9942
6287
3788
3590
6453
9503
682
3714
6416
3825
6226
1150
1745
709
7817
7702
2552
666
4499
1637
6154
7753
6142
520
6419
9777
7908
7060
1667
1630
3593
1977
9782
1843
119
2576
7683
7345
6231
6250
4983
2015
6305
411
3391
3973
1326
2264
590
1507
9519
8061
1118
3215
7472
6800
5786
3882
8867
6650
9220
4144
1806
3304
9627
2158
7413
4234
6466
1620
2485
5936
4692
7457
6551
5888
5855
7066
4733
7040
2228
3345
4800
9786
7788
6472
4659
5091
5929
7624
254
2238
1692
8736
4102
8409
1391
3744
9405
5582
4455
4324
5344
2314
1491
7487
8715
6306
4286
7187
9808
3656
7974
9578
6386
8879
4392
6575
2084
7980
9656
9226
2061
6235
7227
6372
8022
2140
3897
5881
3618
187
7464
4086
3857
6988
2505
6989
6979
8798
7856
1946
7060
2419
7196
9262
2111
8369
6020
6206
5674
6148
8714
1565
6225
7729
5755
3101
4462
8513
4278
5497
1464
5672
1385
9930
4686
4228
3186
6825
7990
6210
8645
4381
9376
6410
2758
7361
5041
5735
5647
926
6385
8011
9303
7436
7981
8411
3187
7260
8094
180
7786
4289
9792
3362
7348
1647
6741
4974
2823
3853
6161
8132
5110
5580
9956
4551
5218
1098
676
3266
5432
252
520
7552
4443
4125
5411
1337
910
6367
6216
6735
3867
6959
8420
5343
4300
3141
1810
6289
7361
9485
7953
1334
3527
6972
5324
7884
7353
8383
3997
7529
4766
8805
8121
3778
7245
3157
7861
8775
7384
8942
3118
237
1603
6328
9133
4574
5706
5817
5044
5520
4029
8393
918
9755
4083
9442
1568
7771
8864
446
3511
1781
7121
7076
5818
4495
7276
3661
951
3592
759
2227
7342
8156
8639
384
5941
3290
7320
563
1562
3731
9412
9398
5533
4755
4317
9784
4969
963
6818
5180
2233
37
9219
6069
7986
9728
9035
417
3799
6064
7557
5265
9076
8525
4698
2277
6132
9979
1530
5001
9659
6842
2609
5315
3907
4246
9264
3295
7023
9997
8166
4754
5617
2025
3531
3187
6050
1241
587
2650
980
4613
3856
286
2815
3840
4725
2138
5813
9555
9950
5326
3700
639
78
4780
7239
1378
4643
5006
1603
9561
725
4772
3833
8328
3543
6294
9387
655
719
340
5033
687
1778
5642
6179
1336
3310
7637
7077
9124
2898
9854
795
3678
8794
4735
8093
5842
7376
3303
2929
4721
6952
8392
1794
9805
9649
9297
75
1181
8646
4478
4970
1971
2833
3396
1828
7963
4496
5309
7678
6880
1441
347
3041
6636
4408
1990
9031
9472
4507
3124
9847
3693
8622
1966
6511
6267
4893
6680
8271
9187
1865
9055
7756
8920
6051
4173
722
8770
6588
5160
2555
922
8662
6073
5882
977
499
9583
4843
1780
7489
8231
5738
5116
7923
5230
6505
9457
5119
9820
1957
9780
1226
8658
7322
9674
3174
7801
5551
5481
1869
1276
4714
819
9372
916
1139
4771
3381
9793
2291
6863
7725
4058
9094
112
2423
8048
9124
7485
2889
475
7017
6265
3566
6457
3532
3623
3811
304
6678
9154
4645
1320
2788
2155
4121
5595
8198
5547
2896
8889
2947
1446
1134
6763
3274
4681
1898
1381
5218
8711
1576
7321
6563
4320
8026
6781
4416
7162
7839
104
7194
8008
9878
9184
5276
2758
6818
1242
4023
2598
6310
1071
9763
6884
593
3976
2661
770
6940
1015
7063
8704
3899
5734
5325
8110
1506
8180
4010
740
6161
5834
6973
6864
1231
401
9995
8533
8374
5314
1605
1711
157
6394
1661
4496
66
3366
5911
5823
9581
6245
2556
5078
8179
347
1465
2469
5519
6524
5663
3416
3738
506
7269
2273
9236
8764
4562
7191
9598
1154
7468
878
675
3552
6518
8104
3437
187
1186
9933
1699
7639
434
472
7931
5756
7885
9161
9047
8788
5627
9525
7038
7700
3464
2210
6588
274
2134
7995
4461
1185
389
9234
7896
2883
3217
8687
6743
3894
9463
4243
139
4832
8236
4404
5722
7777
6548
182
6027
8440
6734
2603
8257
5788
5490
1814
5169
8888
5036
9973
8534
1499
741
4852
5789
1471
7621
3552
6268
2832
6417
3213
6148
1200
7116
7923
1646
4549
3821
4502
9928
4920
5058
3204
1610
7985
4266
6019
5643
2546
392
1008
8251
7055
7349
1613
7591
8461
102
2587
9774
8474
7903
4602
1549
7880
4563
6138
7843
309
798
7799
9544
6474
8152
8987
5008
7113
466
219
9388
6526
5903
1568
5419
3866
2377
1203
8965
1930
4646
9957
9372
1325
6674
6674
81
8303
1938
2126
8127
9
1216
2220
7953
5042
9802
2905
5449
8561
9199
1840
1828
2715
8301
8358
8004
9054
9763
5959
6253
6624
6836
5705
3442
1966
4364
3449
7582
5550
7180
7229
6817
1225
8637
607
8532
9304
7488
8972
5651
836
5104
5457
9235
4306
315
2637
6481
4195
7701
5680
6626
5779
2328
6720
7132
423
6844
6512
7724
5541
4648
9939
4326
5032
6206
7641
3254
3546
929
8939
2639
625
9371
5334
2301
5007
4237
4258
3051
5930
1246
2470
4188
3690
3255
2626
5457
7263
67
1145
4265
9583
6451
6826
2597
2255
5703
6668
5243
6834
3295
4295
9098
4861
1431
9727
5296
9035
6889
115
5230
5703
5763
6758
4194
5518
4516
8281
4791
6145
4649
3451
8171
7851
84
3569
6610
4
6013
1020
964
8306
9155
7226
7679
2949
2232
8586
7259
78
7316
9400
1069
5478
3475
16
4313
5869
7059
5382
2244
9242
9466
2873
3074
7807
4080
2962
5687
5169
1166
4257
9382
3853
4020
1513
8247
9847
8965
2357
1901
2439
467
2066
2176
1294
3160
2392
679
4619
7581
3912
5049
8129
2744
2902
9719
3397
3538
1377
6668
1894
2186
6885
7622
2329
5269
8068
579
7154
4703
7981
2052
2447
1903
3005
3843
8498
2988
7642
7056
3623
2018
5011
2393
8223
2636
5732
2217
908
4076
614
1438
9367
6746
4540
6017
4660
2025
8936
7380
9547
5797
4398
7268
6271
2209
7806
3721
9913
8710
6164
1317
7337
5493
4200
8885
1860
8877
1103
5979
2608
9945
7703
8086
1129
8774
8048
7649
1880
9445
2716
2331
2596
7902
2607
8957
6168
9092
2358
6365
9660
6573
663
1623
3678
9332
8294
347
5680
1643
8091
8436
3582
8750
7614
4224
4427
9778
6275
2976
1440
9390
1951
8477
7294
486
8831
8858
1043
3789
1024
8533
2589
8837
8026
2999
879
6612
9542
3020
5610
4114
2754
9058
2807
8033
2312
5133
8625
630
9003
5864
2423
9280
5216
3494
6202
1135
4577
6080
3592
3806
406
9138
2626
9706
9917
2746
4810
1280
2861
6484
7212
1220
5781
7060
9998
3141
6579
7398
1969
7136
6548
8168
5956
3639
6442
7655
1562
6700
7188
324
1541
7903
5764
2358
138
6113
1313
2569
4491
7738
1967
2776
4165
5974
6059
5267
5399
3242
4157
9351
5006
4060
9167
5479
1147
4627
1818
2664
4548
7887
1734
3392
9805
6189
4553
7920
5752
4140
9662
9959
1321
1003
2679
1841
308
4746
8506
1792
2277
6796
386
7149
6174
2201
1273
9581
1113
9936
9629
4990
5015
2442
4530
6861
6573
9139
1452
6701
3383
6051
1210
6375
8672
4400
790
5024
8248
8923
9938
5293
5231
8640
9610
4431
7020
6985
1819
3272
5510
1903
7829
2016
917
4488
6101
4271
2103
4211
1605
9628
4555
5392
5118
5708
330
5573
46
9106
7765
4109
2917
7505
338
4609
409
3630
928
8448
8518
9913
4874
4810
9581
5867
3385
6311
1798
5172
1899
9112
3261
8201
4576
1129
7081
7933
2834
9215
8525
945
8931
6762
9198
6138
8502
4586
444
9108
2702
6668
6484
5143
6250
7674
1071
3884
2427
6213
7276
2385
8446
2729
4301
8071
1805
8925
2500
5087
2397
3214
5308
1711
8679
4846
3080
8459
4744
193
7174
9527
4996
311
8170
3818
8152
3001
4320
3253
4811
5229
1519
390
7187
4220
5418
4868
7882
6418
5013
590
4531
3277
1916
9322
4547
5950
6216
5330
6050
4702
2071
3493
1620
9588
2417
7360
8293
3321
8629
1976
29
2382
4629
3706
6451
1911
2487
9166
8730
8931
8206
1568
7512
2527
5216
9214
4107
7792
6976
7455
7749
6838
8533
4014
7787
9842
4831
6314
2002
8689
7073
1745
4121
1457
9389
5184
4052
3896
8995
8847
5507
2237
3996
3759
5837
1071
4631
4395
2111
3295
6510
6710
8626
4806
0
4434
4898
5132
3013
3185
8727
720
2757
9399
807
5371
6339
6343
9089
7773
5608
7719
6390
6162
4583
2038
5089
2306
8838
4618
799
5252
2422
9663
6923
7229
4749
7329
1317
1269
559
1837
1713
3654
5437
587
4506
1888
4511
3891
481
7305
8137
160
3849
411
8738
2220
1641
2254
7683
6365
3258
8893
5808
317
9991
8059
1480
5991
9260
7509
9230
1017
31
6057
7325
999
2907
2530
4425
7517
1611
6050
3358
7189
1957
6720
6610
5715
4534
5374
3356
4377
8241
7178
8765
6781
6410
8600
8993
8762
8320
4131
6474
8374
6423
9572
6351
7649
5280
9938
8972
2347
5231
1889
4810
3469
554
7577
5969
7766
911
210
2362
7749
3993
5999
4798
1209
5395
2054
3920
7465
6415
4158
3806
2448
6199
9349
4554
1244
2641
36
5009
4831
2001
6484
9649
316
6986
2586
9246
7714
5112
4385
1971
8037
2937
3129
5510
549
3689
3288
1679
5215
6956
822
7226
9550
5024
7431
8904
8231
1378
2600
1687
6411
9705
7719
7111
6179
134
5406
6995
7543
7067
493
9134
5776
9825
387
3393
7998
8910
9716
4997
8123
849
5707
3846
5649
9151
4692
265
3087
2122
2032
9442
6555
5711
6505
4108
476
5952
3059
4065
7038
4828
6735
4215
8217
8105
4479
4082
1609
9564
5390
4149
2715
1526
653
913
8918
8864
1649
7640
9191
1412
624
7621
5661
8487
4421
9051
9646
1851
9735
901
6760
882
1037
1584
941
8224
4627
4943
4516
7389
9628
5720
5964
8223
5804
8153
9584
693
2956
5021
2372
6051
724
6254
1492
5004
491
2160
1390
1941
5404
9015
6414
7607
3163
8990
1130
1813
4659
5107
5386
6881
5769
9474
8918
1771
