7075
2336
8354
8154
4657
1540
2475
1996
3349
224
4816
7931
2578
7984
7225
8040
9513
4923
2527
2390
3092
9270
1222
2514
3698
4507
318
8875
5384
3968
7631
9371
4282
3671
5738
842
4106
4184
7853
2999
49
6532
4375
3707
5181
2742
3579
8471
8426
288
2090
5916
3661
9936
6976
3694
7459
6193
3312
9660
3876
1299
5298
349
4105
3384
7675
1908
9385
5951
2261
7541
7237
6237
8751
5448
5871
805
4722
9654
4519
5734
4435
6827
9249
3470
6381
5786
3672
632
8926
5002
1633
7117
1793
273
6904
3715
9979
6806
2923
8664
7793
5063
5436
2318
9779
7325
7986
373
3286
8876
6444
3727
3854
4206
1541
7915
8806
83
9640
6357
9992
3396
6646
8893
5631
2092
1788
5718
1019
5221
5739
3348
7988
6605
8543
8655
9380
1274
9341
6185
1612
343
5741
525
1222
8048
11
1331
3566
2400
8674
2004
4487
4716
22
1991
3362
9125
1449
7677
262
1077
7996
7429
3376
4810
2231
6499
9168
5164
624
1911
5577
6541
5471
8488
1738
6948
1112
2492
4546
4858
5743
5400
5536
4240
1481
159
5892
2803
4406
968
5045
1982
5468
9406
17
2359
8971
6638
1649
7558
7410
9084
1281
9408
6238
6132
5834
2550
5186
6555
117
3911
7550
3167
8944
5736
5295
1034
6975
2487
1186
3996
1964
175
3648
8178
2711
448
7013
9217
9383
1966
9721
1696
8791
6819
4388
3233
3629
9067
234
881
2087
8967
1099
5523
4885
1582
9863
6968
8850
6566
2743
4289
7086
9631
2126
2720
4711
3391
7301
8938
2990
6984
4288
8735
5119
3084
4797
6330
6546
5236
178
405
9714
8465
9326
6612
641
7181
4083
3325
754
1805
7792
1930
4584
3479
4490
3428
9895
4436
2904
807
6249
2191
8785
7322
1807
3044
7727
1939
1415
8898
1156
6657
3834
5558
5124
7608
9641
4689
1950
3824
3721
8949
1623
9518
822
3938
8545
897
4898
5741
7103
4172
3962
8050
9829
1903
182
6078
5594
4309
2919
1020
3005
2626
5188
6975
3619
596
9148
4357
4787
1530
9369
6244
9972
3246
3814
7472
5421
9625
2240
7542
3155
7847
9906
8804
1332
3762
3663
4652
2874
8315
809
8104
3194
7018
8246
8635
9475
4795
9346
565
7114
825
6464
480
917
475
7054
412
4194
7330
1758
5439
9648
9612
9637
5482
3443
7511
7363
4731
21
3710
90
8755
5416
9469
8954
1817
2418
5228
7686
9343
822
3975
3125
3846
6784
8294
7554
3652
7843
4557
2441
5847
9345
6710
5743
4401
9511
6623
3046
9422
8904
7656
6087
637
3844
9476
7183
4365
487
216
124
9903
6330
4836
5550
7554
3810
1475
2995
4022
1253
9861
6614
480
9629
4269
1908
1996
5962
8881
1412
6555
5811
637
2936
6832
1767
9280
7921
6303
4390
8074
9574
7813
5564
9961
3962
2082
6144
4556
534
1934
806
2586
7874
3941
9605
6907
9767
6199
3986
9818
6438
9534
8543
3670
8332
6774
7968
860
6884
9740
1680
2343
1541
3060
3109
952
865
4676
5713
3636
5951
9047
863
2537
8981
936
7373
1312
1964
5144
2663
3711
3373
6648
6845
8929
4346
2908
2109
7471
6894
1758
155
3173
2456
3448
6909
2916
305
9690
2268
5595
9275
9721
1887
367
6286
7818
2737
9971
4899
1470
3260
9544
2505
1096
1906
5349
6127
5340
5633
7716
3918
485
3788
4400
43
5494
390
1845
4237
7106
8724
1923
7766
8020
3201
662
630
3052
2176
5182
4276
4284
4257
1269
8148
1487
4046
4736
3636
6879
7389
4649
3978
8748
683
7549
3063
6437
5533
5863
5059
2493
5972
7940
3685
3571
2595
4088
4931
2201
9620
237
473
3995
9257
5662
9063
6989
5575
4174
3967
5453
4145
8275
7957
3361
3791
7546
5247
6717
259
5215
933
7806
6464
4510
1858
8371
5514
7028
7503
2491
1759
7826
5792
8549
3900
9638
5799
8975
3918
5690
8658
2994
6508
4715
7855
2164
7724
1074
1217
3123
373
7936
2125
2959
7426
7399
455
4419
9512
7059
6783
3827
3881
4463
7724
6988
1087
448
3022
8838
566
8708
2555
8656
4942
3060
8611
777
7258
2629
343
3155
4080
5599
2835
9545
6122
9002
6343
7999
6568
5595
4897
7703
934
8640
8904
686
9433
407
472
2641
657
2318
7462
6924
4372
1451
6465
6356
7492
5354
2404
7025
5840
3136
4602
5584
3062
1161
237
4261
6824
3340
5969
6459
9442
5447
4112
7461
5739
7866
3625
8685
1387
4552
7123
5764
8679
6142
2179
9410
3438
6663
3522
5514
4163
4938
7313
29
5043
1312
3091
3304
2863
7310
4511
175
9381
3110
3190
6790
6164
8554
4479
4968
1820
1344
3289
7016
9144
506
4228
640
2639
3461
5809
304
239
1223
1920
2580
10000
5371
6053
2248
1497
971
8482
6028
181
8991
8233
3775
3767
3590
8978
7606
4359
5968
6397
4086
2118
5638
544
1350
6447
1840
9533
165
7952
3660
9092
4373
5487
1220
5922
1048
717
223
4592
5058
6074
4681
2782
556
332
5152
1903
1117
1211
3044
5563
9277
139
7972
8225
3700
897
6777
9826
4399
3474
786
4882
9329
5575
104
5965
2401
7525
2389
1912
6400
3288
4036
3942
9604
8164
8650
8735
8668
2560
6950
5840
8585
6228
4473
1141
4718
7682
622
2288
8622
7955
1338
6253
3944
1589
4476
4265
701
3116
8891
927
9341
8816
1482
3352
4272
6871
2857
1924
1628
7674
2885
9716
5696
4562
8665
985
5654
3260
2825
3665
9454
5506
5051
5953
4175
7407
5204
64
2965
9240
1923
3446
1342
9334
9327
1932
1750
9279
5063
5549
4823
7180
9720
7372
5750
9874
3678
2850
5516
8732
6963
5864
9010
1335
1975
6298
359
241
8778
6048
2284
5227
2410
6952
4512
3504
3250
3919
7085
178
9287
6536
6665
3243
2751
9498
7382
9975
357
3104
4431
8547
8927
28
5165
5141
9368
3769
202
669
8548
300
5299
9254
9609
1458
2438
278
5876
3826
9829
3309
6295
8630
8337
4356
2667
6919
641
6820
18
1759
1795
6532
5277
7134
1284
5218
8174
406
7975
2554
7029
6846
9821
69
563
5142
7345
8132
1231
7144
3428
5054
5712
2456
2671
5647
5158
9900
4536
1819
4901
5825
6776
4436
6265
6688
5390
1395
4605
9508
7784
6370
4161
5308
2337
7325
5200
3640
6097
891
360
3744
5970
8754
8952
4871
4834
1885
3406
3062
2924
9590
2129
5152
187
9158
841
8699
6803
6988
8247
5536
4333
7788
3189
8112
318
9469
1723
8287
8881
9244
9270
7561
2666
8204
1630
2590
1664
420
3103
3313
8751
8505
3852
1284
6347
3266
2837
323
2665
4075
3321
1264
1401
8859
9634
9048
1847
3290
452
4473
8060
9122
8188
1498
79
1774
233
3899
9650
7730
6159
1947
3760
7816
8602
5095
6392
8588
3417
3946
5066
7041
7271
3344
6977
4524
4649
9371
7512
8250
9325
451
6295
9244
8877
7556
4760
4247
4681
1963
2422
2690
9881
3812
6160
2486
1744
5057
372
3543
5864
7590
7835
5011
410
3243
9659
220
8508
5027
7789
5810
61
3409
1869
6702
9851
7298
1889
2760
6288
1011
902
4661
7200
8409
7538
863
9830
2312
1766
2195
8416
184
7020
7414
9515
1569
6523
3188
583
9649
7115
424
6576
4356
634
2732
6561
4048
4137
5038
714
6542
3854
3281
2869
7511
7992
6977
775
5380
5638
8226
8582
8251
1980
6988
273
9806
2508
1517
9792
402
3201
7347
8228
6212
4230
512
9199
8809
9944
3795
8460
6587
7534
8160
6808
4028
9968
3573
7883
8940
5187
1351
7710
9864
6406
17
1113
9109
4003
6365
5412
8546
312
7414
8623
7360
719
2825
2589
7023
8347
7622
1620
8477
6871
5364
2939
1425
7508
5725
4425
5520
5976
9356
7591
8783
3122
8641
229
4785
855
3055
2036
9722
8346
5909
4648
5971
150
4559
3523
1499
7360
9217
6299
4826
4950
5752
3003
5526
9017
3297
75
8833
6506
1588
7893
8153
6522
5493
5064
1493
7138
9811
9028
214
1674
7782
6991
5347
5740
3436
1577
4181
9560
6398
5864
5695
6507
5228
4284
3863
2560
8607
4672
1315
6246
5234
8863
2483
1743
5343
9359
5702
5058
5085
3264
7205
2358
1852
3248
3362
4147
3064
7299
9129
8632
6314
4090
9235
3231
3147
3694
4234
906
9985
9743
6894
8311
2875
1512
617
5080
3000
562
4394
3442
5174
8494
807
315
5989
9331
1393
2374
4384
9537
3895
4673
864
4368
6267
2745
5517
1953
9900
2881
8955
6287
6144
6666
8029
285
6166
4964
6442
4283
8148
9425
8164
2711
2347
5611
6936
3195
1675
6695
6138
5507
8703
5376
7031
7527
4503
5451
5183
8538
7907
616
8184
3447
2613
2647
3107
4557
9819
6693
8833
673
1352
8996
4619
7574
4831
5671
3661
4421
8650
4721
3269
6895
5330
3462
1919
6946
4934
4309
4603
5036
871
9618
3811
5632
3051
6122
9658
8616
100
8835
1847
6756
7677
3884
4810
8846
4884
1644
265
7778
2482
5511
6253
7863
6987
9843
9742
5451
7532
1358
2657
1730
3422
5304
1829
6321
7439
1560
920
4588
8825
6928
5525
6092
1966
2041
9061
9364
4098
7568
3195
9409
6252
5521
2003
5271
4867
8837
5522
5935
9240
1109
787
4439
9796
9638
137
5659
4474
5548
3709
7674
5299
1811
9054
2571
8938
7025
9300
5349
6967
1487
7001
651
4059
5981
260
4025
12
2057
1122
3386
1686
81
8859
7172
9031
7703
2344
7353
8044
7823
3667
2599
1719
3555
3056
8423
4180
2159
2201
9939
4198
8544
5661
9500
6829
3765
5390
4505
4639
5375
2467
8533
7999
112
1670
5968
872
8746
8489
3726
2616
2171
6545
571
6770
8037
3147
4666
4035
3444
3580
6029
5875
3892
8141
1664
994
7734
6271
8757
6451
5943
5030
4464
4953
5173
4551
5811
6853
1643
6533
387
8827
6439
7880
1302
2686
890
6209
8794
2404
2690
8116
4549
6761
9535
6142
6166
3667
7878
563
5746
996
7775
2398
6856
5936
4330
2884
6504
8784
4345
1089
9558
7249
7650
833
6514
4179
5510
5048
5749
1683
7020
3854
2267
8551
9216
19
8435
9829
5219
8492
5245
1173
5504
8276
321
5094
5560
3867
2354
7237
2238
6704
5600
7568
979
6285
3021
6687
9062
2965
7270
5927
7051
542
9353
1560
3183
9733
1154
6356
8909
6619
2479
9811
6293
813
5696
7507
4268
4404
6874
7694
6824
577
598
4560
3343
996
9829
3036
2536
4718
8036
7811
9067
8752
3682
7443
1351
6564
8439
5586
7585
9286
445
7649
2003
2894
7212
6616
1763
6637
8629
6781
1580
8528
9676
3983
3144
6229
6986
3884
6880
3232
1967
9525
1661
7433
938
6382
9814
4731
7356
1952
6923
8888
3796
31
868
9593
5287
1582
2870
4380
6486
4075
5189
3252
7160
6435
8830
8341
3612
8154
4614
5210
5947
2402
2064
1375
2904
7049
2819
4151
9743
8870
9933
2999
1812
9859
7356
3378
1270
1869
9927
3381
8186
6878
4618
7670
4944
413
9085
1424
9128
4217
1799
7356
8482
1672
304
219
5315
4675
5253
9359
7411
9989
9673
2804
2187
9513
7197
7747
1834
5242
1840
8108
6784
7246
9060
3748
1394
2386
3772
5759
658
2147
6379
3077
6167
430
4754
6050
3401
7275
7925
5651
2045
756
2413
1237
782
8755
1756
6863
9157
5297
9205
8140
7567
51
9726
485
5237
8010
1881
225
7691
4146
1800
677
4590
6132
4881
1441
9825
654
3629
3543
3243
8060
7121
2645
3804
2223
5248
2748
5946
6918
3358
6345
9427
8482
8876
8826
5429
6137
2121
5322
2208
9204
2632
7194
2218
3063
8050
539
642
9950
9761
6014
965
7062
5180
9299
4447
1827
4367
4221
8549
9304
1938
8303
6913
2046
7715
5834
4505
7718
2108
1054
7723
5899
6884
3717
1942
1984
3667
666
8852
6932
1706
7844
4407
178
6730
2594
1957
6089
9276
7754
6407
2502
6018
3263
8577
1728
5405
3033
8891
5430
5612
4827
6850
8034
1963
489
6670
9829
6417
6661
3305
8204
399
769
4735
7654
3115
222
1712
9432
2248
5224
773
7150
6988
3976
6904
4210
4310
5013
9786
8749
4346
4606
3647
5524
7217
4033
5923
7727
8865
7753
446
2872
4304
9219
3321
5096
705
6546
1283
975
5405
8768
1253
9950
5847
8711
4989
5095
5105
2079
8258
3897
8631
2600
8014
902
6402
2299
2332
9653
8706
1072
3249
234
9065
4895
4479
7214
3138
3155
2200
6887
6083
5099
545
9418
4585
7030
5415
5170
1429
6896
6042
9991
5143
39
1358
4046
3592
9613
2064
7357
7167
4448
9287
5355
6971
7206
8437
7250
3696
9041
2013
6716
2765
1150
4461
2747
3381
9388
2048
1579
4939
1339
3623
4779
6146
5026
5482
9222
8753
2510
5283
4549
9123
6945
6299
9882
9504
4914
1329
1285
6042
6112
771
8417
9482
4926
3866
9348
8362
2864
8043
7059
7963
2420
5359
3199
9208
439
9702
5813
2393
5908
4324
6542
8014
1513
658
6438
3188
675
8814
7167
2189
5371
483
9251
4850
9134
1557
4221
8557
8054
4662
5296
1860
2472
3255
6390
1774
1911
6444
3224
8239
2080
3006
6421
1360
6820
3437
3155
9239
9794
6963
4418
4389
9436
1770
1845
6134
1553
7748
7809
319
5776
3366
3282
7326
4656
7600
447
2425
2788
8564
8471
8423
5334
1807
8015
1441
9921
4088
7678
5782
1827
1484
1147
9410
7469
8493
3848
4423
8958
2542
5992
3145
9381
7749
562
5365
4654
3957
8888
8575
9072
1471
4877
1403
9392
7944
8324
9515
7990
4566
1730
2436
9411
6358
8371
8683
285
8808
4529
5841
779
1572
9207
3311
729
1499
8968
5583
9286
1856
6262
8517
9066
3308
6582
4672
8982
4809
2456
304
7665
6257
7991
6109
2706
3802
5811
2202
8344
8323
7871
9388
6282
9871
5580
4224
8084
3539
2493
4124
2440
7653
3073
3790
4343
1958
610
8537
1518
563
5834
3277
6262
2055
1818
3109
4475
7938
3600
1100
9565
9401
7074
2559
2019
8585
8370
8544
331
6078
7488
3159
5480
5214
9439
6656
546
8851
2868
3154
9345
5720
3423
4142
3710
4396
5413
5395
7085
8962
1272
6893
5058
2797
5694
1216
2062
1235
1392
947
6345
7723
1457
1464
7127
8572
7240
4742
6750
5054
6762
9166
9726
3563
619
9626
4092
8685
8949
6793
8861
1355
1779
20
2334
6816
2638
2666
9385
7956
709
6019
9754
7946
4864
7221
1301
3265
8611
8702
2966
3872
7780
9501
2177
7479
4577
6970
1922
3027
116
532
8970
8146
6242
9759
2838
2867
8822
5903
6707
5112
8285
5595
8644
9363
8361
8463
7149
8223
8168
2219
2095
7306
5998
1896
4762
8251
5093
932
4904
3102
8626
9938
2950
2230
6639
316
7880
732
4772
7896
361
5432
8779
357
1585
9619
3612
3896
9058
2882
9883
389
692
8643
143
7935
9094
6376
4702
8020
1942
4056
632
8246
5641
8495
593
7607
8651
4531
7312
5847
4247
991
3540
6528
2844
4115
5760
8505
2417
9427
1745
19
7048
476
600
1888
909
3101
4175
4645
3691
2487
7000
5296
3050
2468
1387
1943
6836
5952
9187
9753
4208
5404
6231
6673
8206
4773
7740
8775
5741
9587
2202
1384
9541
4707
2082
469
9656
8366
3551
1684
4552
8148
4470
743
9967
970
5723
567
9379
2011
9575
7106
1977
9458
3646
1826
3568
7051
6167
1142
3390
720
7687
6412
1834
6633
8522
2354
6883
5796
787
4822
2480
484
7939
2897
8341
7310
4498
2602
8598
9709
2116
3507
9797
1176
630
1783
4084
447
6719
1383
3364
6037
8235
6535
7813
1914
1369
7206
1502
9261
1210
1481
8795
3880
1997
1651
2160
1497
2082
9480
2618
5950
8715
9597
7071
1614
2671
207
8832
3331
7903
508
396
8604
6612
2127
6896
8261
3473
4994
8915
2574
2461
6178
3910
5770
4180
1116
6787
1046
8826
1088
6369
2648
8982
3414
9552
6411
4201
207
9146
7417
3351
337
9263
3282
1362
5495
4750
445
3143
691
1348
2601
4816
3133
2346
2454
6883
6613
6692
5177
8806
6925
2857
2057
4419
6210
6458
1124
3361
4343
6955
7122
8212
3657
7094
3092
190
4429
6268
4684
3724
7752
693
8796
2978
2258
9854
9542
4847
921
7284
9162
7479
7116
3696
8095
6094
8890
3103
2574
9376
1267
7226
3881
3684
9382
6051
8063
4530
4882
6058
4536
6160
5263
3997
7509
6611
1601
5337
8597
1569
4283
7199
1389
6381
2275
4859
7478
5497
3686
7427
9494
6707
6580
7970
6334
4236
2968
50
1128
3313
5931
1242
3383
5798
8010
8287
5513
1753
3321
1664
1732
7276
4445
5034
4478
4387
2973
7092
3554
7189
5602
2858
841
2877
9181
4330
6086
408
3111
182
7447
112
8800
1515
7730
2069
8104
3032
7187
9524
5910
8802
2756
4519
2276
9331
9325
5410
3657
1525
3620
8660
8414
2877
6593
4722
9359
8303
3774
5971
1062
4293
4100
5621
2702
6288
7264
4503
314
8104
2668
170
9060
7931
6544
3122
4811
4109
892
3389
8845
6631
5405
5653
8001
7938
1311
7564
3024
3392
8809
3637
9782
2480
8900
5630
7148
7301
5543
8066
9577
5633
1419
3738
3074
7811
3816
6584
1851
1529
3268
5911
3494
4046
1401
482
5167
2392
4673
6393
2334
8683
4045
5500
8515
7245
829
3458
5931
4685
2662
4645
3141
1369
3365
6517
7896
6535
7544
6616
5641
5564
3192
6287
1492
9112
3579
5433
4505
4487
758
3838
8204
3094
9580
2527
403
4530
989
1768
5406
7673
8770
9431
1066
671
2875
43
2243
7637
6568
8790
383
1541
4164
6649
4020
1191
9876
161
867
9399
3696
645
2158
2002
6650
1764
1819
3618
8742
7224
5044
1716
815
1659
1908
5122
8366
3680
5108
6524
4474
8780
555
5640
9659
7359
7380
4175
330
6456
911
2948
2027
9632
9425
7617
8743
9768
4183
4911
3215
4272
5579
5287
3586
4711
3479
7976
6267
1561
433
162
1298
4230
9006
3563
1185
4849
3339
4943
7741
109
4505
8175
6094
5246
6276
2550
4761
9956
1117
1265
4978
428
4794
8031
8926
6339
1076
6435
3222
8598
7933
3352
5553
7463
8060
3109
8202
7043
4296
2339
3316
8663
6341
5239
2050
618
8840
5267
1964
4142
6278
5571
7095
4507
6207
6274
9626
7502
8235
4317
8709
7477
7304
5004
2883
4184
163
9580
3727
319
4702
9617
8133
2536
4507
4006
9831
3801
4171
2299
2638
7275
9402
3331
3472
7254
1877
4016
7630
7381
2198
3949
8878
5164
1349
5868
1346
9499
9123
6478
3976
8357
2770
4137
3713
1845
4635
6013
4756
2856
7709
4997
9163
6864
7123
268
865
6228
8124
1606
1820
434
8657
2188
1905
1313
3930
2413
1856
2713
2264
6373
5937
3752
9126
3701
5156
6360
235
4956
2421
7020
4947
8967
6511
3246
4899
9207
9012
9083
9534
4770
1750
5931
3182
4019
5243
9328
6669
7391
6287
9353
652
4589
9258
7442
6578
2000
4206
8741
887
8786
8364
7664
4142
5744
6341
8592
8619
5457
9830
558
6212
9786
9059
2148
9454
8199
1334
620
6384
9691
3390
7667
8330
6423
7634
7663
2339
151
2649
8216
3669
5597
2039
5612
2436
2929
4101
7605
5755
2476
8930
6269
2625
7061
7144
2370
297
4330
8892
7999
2788
9524
7764
6083
4101
770
2794
1902
6583
5815
291
3778
8677
9501
3736
4684
8385
1326
2391
1049
603
3193
4498
249
4659
9294
5055
1180
8481
2366
6286
2402
7594
5648
394
8480
2857
4395
675
5637
266
1081
3775
1437
6389
2635
4877
8780
1551
1182
8108
1425
2589
7027
9869
3662
9681
6880
341
706
5040
1579
8102
4150
4850
9933
8470
167
3933
543
8411
4517
3490
8614
1010
295
7788
648
2365
5259
9787
7622
8361
1041
8432
4637
9303
806
4188
7492
2231
8149
4847
1936
8181
9185
1793
3850
9348
5964
4054
5240
1565
1693
8034
8664
6814
3429
5485
6425
9011
5723
3173
3998
7991
1872
8780
7077
387
6129
681
3114
8388
8889
1649
8842
8173
964
6775
77
8486
4995
7552
5370
173
8293
5266
3687
6947
3990
7449
9944
1973
9775
1052
9072
1766
5857
9111
3955
1746
6886
7786
4439
9718
5471
7256
9544
8342
7588
15
290
8096
4372
5077
6119
8066
5064
3430
1112
5100
1886
21
392
2480
505
2540
758
8498
8527
3690
6919
4418
5969
4199
7057
530
4676
1186
1940
5759
2776
689
2409
5493
8904
3287
7396
7373
4743
5662
2703
9695
3219
8367
8902
8321
9299
8386
219
8705
8446
2162
9859
559
4554
7053
1072
1196
836
7289
7245
4416
8840
166
6799
1031
3479
7649
8061
2889
9361
3104
3538
4330
1591
9319
6094
4887
4761
526
8767
6121
8849
7061
4227
174
4041
194
915
4008
4478
4656
3244
7949
7032
5630
9529
1520
3631
4875
8958
6328
5480
1567
7063
3015
6038
534
9016
5369
6298
3962
9154
8832
4528
4221
5721
6969
988
1092
1155
3251
5425
3925
9208
7839
6319
861
9793
8931
5385
225
9989
8173
3206
3553
3293
1807
5849
6251
9792
8143
1715
4884
881
9753
78
2052
483
984
8490
3130
2502
2989
4677
855
9553
8325
4694
9974
8413
1730
6688
3295
801
4840
8590
668
5749
5505
1457
3354
9297
9108
6553
2663
2123
1920
7825
633
1093
6114
6560
9939
9321
7199
3614
2052
9682
930
3168
4940
8085
3472
6099
4843
4311
4469
3298
6667
6836
9210
444
4898
4397
2519
9728
2841
4809
2589
9224
9269
6237
802
9101
4043
3491
6198
7508
2490
3816
545
1419
4220
3467
2737
3617
4656
3385
4900
7568
655
9305
4748
2568
8808
4009
687
1622
6094
9031
4975
2460
869
3629
3430
1371
4386
9419
5498
2456
3356
3616
3797
6016
6494
3363
5155
935
1729
1465
5411
558
9089
1286
6886
9699
6391
397
7033
7651
9725
7475
838
8958
4070
7491
9203
7881
7771
1525
5670
7906
5730
5037
2897
85
3746
5215
3412
7862
1302
8605
6390
7994
4301
4838
9092
7095
172
5045
4582
2090
7470
1025
4471
7847
6479
5740
2351
9840
6468
5025
1789
5786
2055
2521
5267
7005
8948
8019
6216
8461
4415
542
9254
2963
3388
2950
7984
3663
573
938
590
9497
6048
9152
1701
4702
8509
3457
6225
5707
5570
558
9398
7143
2146
7260
7293
2862
2658
6685
5199
5434
5241
2917
5264
7200
6494
8002
8172
665
6922
3899
1827
5720
5449
7048
7388
2466
1256
4409
6653
3133
632
7759
9285
9733
5314
7582
4059
2385
5804
388
4148
4332
8019
5552
1496
1449
6370
9377
1656
5102
4187
6192
1847
757
8950
925
3628
2308
7057
2453
3228
6734
5545
3770
3051
3929
5166
2492
2082
3870
6069
1111
3433
5824
5727
8767
3025
3255
3631
6407
4545
7830
4687
6552
2062
3756
859
2533
5433
2063
9120
4045
5651
4264
8142
4643
7584
578
8953
5497
4019
217
4903
2059
4463
2508
2796
9484
7764
8984
6979
9738
3969
5050
1369
6696
6558
8611
8476
5145
123
1516
5973
6027
3340
2507
7291
9537
8417
5515
6466
9678
1729
5614
5016
1875
3182
5631
7905
7756
4361
6166
8554
7983
8123
50
3916
9635
1190
4166
8570
9915
5640
4818
4538
300
3856
7432
2701
8058
4314
1185
7585
3477
7350
1595
2652
6641
2306
9577
7783
580
2816
390
3902
1874
6219
8309
1599
4394
2544
2610
1021
8507
568
5380
9007
7957
7251
9802
8405
3081
5263
4358
3152
1185
2274
7545
6261
7396
2891
4183
174
102
3154
9147
8576
1935
8538
1374
9275
9104
8974
2233
9296
7212
7556
2283
2538
8359
3642
243
4211
5622
3260
4012
5024
8540
4447
4889
8179
6367
3042
6288
3709
7653
9933
4118
758
862
6214
2184
8260
3795
7125
9323
12
4916
6011
1298
8871
6525
4354
1727
260
8752
3377
7697
1396
2864
8517
5579
4783
2774
7176
5129
6108
2458
8651
6853
2453
5549
2303
9485
5724
4708
9143
3770
2096
7154
2279
2766
1142
7656
4050
7753
1806
2248
742
1194
2504
9514
6661
8654
638
219
8913
8396
6344
4212
3823
2116
7629
5417
9621
6453
8711
7572
2724
2413
5975
3713
7673
4018
2221
39
9745
6771
9841
5175
1410
9188
3501
6551
5628
8323
7939
1254
1024
939
2381
3401
1126
8462
6783
8098
9244
5676
8506
7598
1841
9307
399
1034
1100
5121
7411
1706
6902
7078
1707
8667
5311
340
9138
6698
8598
8819
692
1672
8963
7442
312
3090
8230
9706
8766
8383
4557
1761
7616
4863
1279
7100
6706
7322
1609
393
2904
5454
7854
6185
7870
9589
9459
4383
3464
9059
1293
7861
5287
9033
7341
2761
1620
5694
7721
1956
4632
9371
235
8700
5758
4955
1028
1036
3705
4890
8800
9555
1322
1235
583
8231
5143
4047
2070
4740
407
2349
1568
6632
5126
2003
5066
6049
6770
5731
4101
9622
6831
809
361
155
1928
9002
2412
8645
2399
4779
8232
7286
676
1199
7099
4536
2436
3354
3619
9272
6612
2500
2073
2932
1693
2182
6527
8521
6877
7461
6927
5863
199
4568
7823
2641
3850
6223
6389
5542
5560
8541
4186
4911
9172
8097
7432
8898
3784
735
5881
3873
7327
2753
8580
6895
8245
6531
4335
4019
2185
7888
7479
8054
5898
28
7589
1248
6923
5237
4937
8551
4812
4845
8627
7538
5653
9701
2872
592
8341
7709
8913
4218
7210
821
4402
1061
9130
5412
8768
8437
1413
193
381
7616
7582
9555
1704
1064
4545
9664
9830
2569
1004
9591
7962
3918
1362
2212
3586
3928
6828
3877
9542
4914
9133
1764
8962
509
5132
9389
7176
6115
4852
3849
9738
2213
484
3057
4809
2430
952
16
6222
8969
1099
5588
7996
93
4857
2470
4637
384
1056
8050
8881
1674
6702
533
8561
9461
6618
159
5852
5395
4400
7965
4667
8487
2436
3151
9423
1609
8161
7160
9761
9100
3495
1258
1223
8568
1305
7482
2114
989
9624
8813
3907
4125
9697
6192
3844
9843
3999
1124
9260
8831
4624
6736
605
6352
6969
3826
1218
794
8015
3077
4082
3311
579
8544
8462
2137
698
3732
2663
5382
1364
5657
5293
947
265
176
7999
4489
1638
9816
7703
7481
4991
1541
6718
2522
9671
4729
7664
3468
6472
3692
5582
2052
6879
8662
5313
627
7974
185
3338
4531
7889
1900
1689
4047
1600
345
3554
4649
132
3316
8768
5341
1856
2545
6399
9507
8053
7410
1597
5646
6392
2014
7810
7404
706
7806
7879
124
5522
4702
8613
5552
5513
5705
9213
1527
9653
17
4696
164
3361
126
3388
4608
5139
6349
3229
9767
1689
3838
5095
6206
244
8820
2392
8032
4636
4138
1555
818
6987
417
6374
4036
6220
419
6403
2150
4638
1391
7709
2577
6359
2391
6742
6129
4062
3306
8376
4429
8118
5891
2416
3318
470
7652
2549
7665
7371
679
7556
5279
7138
6078
4669
3968
7176
6268
5902
1315
9339
6512
349
5887
9753
9863
6529
8717
8351
3328
8185
2353
1378
4432
855
9896
6169
2182
4205
2233
7051
1887
6481
5740
2456
4679
3608
6861
4543
5123
8616
7268
1950
4010
9325
3706
2045
8684
6050
5250
6060
4717
6131
9179
4543
6290
9389
888
9442
4811
8420
5064
6648
2024
9959
7446
7211
7094
8550
4985
3483
7786
392
8278
3104
6575
2257
7181
6005
214
5103
7250
399
6321
9282
6985
3995
9069
8492
3964
8301
299
7572
387
5850
8027
905
9544
9622
456
3513
2022
6521
2268
7849
338
8033
3349
2570
4312
5868
1132
7872
9984
4638
8216
8746
3859
7209
6304
3846
1924
5439
7197
6588
2403
3276
5010
926
643
7648
784
6275
8674
4518
6288
3280
257
4651
8495
2855
6158
6919
8226
1490
9009
9443
7933
874
5601
4929
9505
9058
719
8034
9626
6380
7113
7568
2239
6321
4872
260
4513
5402
8946
8736
156
8902
2433
8364
3927
6150
6810
3709
170
8616
5837
497
3260
98
9026
1978
2363
985
6660
6423
4228
6284
8210
9624
6605
5481
4236
8166
7337
5914
929
8476
340
3539
9925
4264
8396
7806
3774
4504
1370
1147
7843
6176
2517
3260
2547
8438
4513
3112
13
3564
9223
1575
2694
3865
8286
7243
4611
599
7777
4422
2695
8596
5986
2717
9831
8607
2914
6803
1277
2552
1668
8684
6870
729
9009
6400
2868
7644
9614
6811
4344
2443
3120
1364
413
5839
5051
6926
6755
937
4129
2102
4989
469
5068
7274
3042
84
9608
2855
6037
401
4580
386
9184
4283
1240
3577
9081
7189
4667
3297
8515
4409
9990
9057
2315
219
7383
4081
3806
753
5856
1057
2486
5227
5668
4887
987
7239
4130
5922
8457
3143
2028
2484
3513
1003
9871
3803
9137
5696
3296
7179
5580
5687
4560
911
3483
2285
8540
3827
8772
9605
1201
7802
2700
3710
6575
9593
7814
9353
3687
5530
9249
294
8913
9958
9593
777
8359
8493
1061
1068
4333
4909
8677
7478
4925
2930
8557
7939
192
4085
6836
9002
9754
2086
8257
7520
8483
662
7152
2793
6519
9558
1062
7296
1016
7676
6051
2999
8844
1895
7517
5590
7220
45
1317
8492
1791
3538
5986
7132
7511
2896
1169
8326
7802
3834
9308
3951
7294
4670
2504
2849
7612
2639
6456
733
9010
1138
3567
2407
2524
6915
9388
4698
4357
4992
6950
1721
9353
7489
8818
3072
565
5190
786
9920
5759
384
9643
6467
1721
3269
3834
1338
3963
6648
9674
3543
5768
1710
8246
7226
788
6473
618
3678
224
6208
2440
4955
6219
726
9938
8687
1667
7444
5291
3701
7759
5963
7647
3507
9620
9221
9928
6388
1586
2383
9002
5003
2950
4581
4900
1607
6718
6109
5681
798
8045
6062
3309
9367
9577
9324
498
5430
3569
8305
1737
6808
5390
7415
6817
9242
3642
2766
6222
5029
2314
192
3659
10
6686
1033
5396
631
9685
226
1517
4348
9618
8923
3882
8839
6228
5035
7022
5765
6468
9261
8758
5389
251
2889
1149
9868
9518
1390
3759
1089
7778
5266
4132
5561
5566
5195
2565
3709
2652
4422
8906
8608
1143
7603
8878
874
3789
5288
5841
1544
7314
5847
4979
3838
4622
8957
3778
9525
7757
9686
8255
4940
9124
741
9083
1236
2087
3504
8244
7563
9587
1470
7726
9014
3458
8078
4521
7688
8259
1819
9336
5781
510
4388
7073
3750
5809
8869
4598
6345
8230
7909
8259
2864
2445
187
249
600
1918
1193
9000
6195
7803
8003
926
5476
128
1034
9157
3199
5480
6606
7221
7791
4698
4111
3866
7070
8971
2604
3316
8749
7768
7134
4159
8952
7911
1360
4653
3679
9603
9022
7512
9374
9209
1571
5639
1230
4017
8379
9344
5170
3117
8973
1976
6070
7964
6467
3389
1640
227
9297
5956
940
3807
7422
3381
2074
5804
5388
7794
7833
3992
2250
7859
1898
1567
479
6254
2595
5857
333
7343
5651
9464
4407
1225
2228
7675
6397
3397
1989
1013
9082
5809
5250
2668
4916
2557
2312
5512
2499
574
4570
3396
5081
5006
4283
4918
7345
362
6993
5989
9261
6200
7613
4639
9224
3258
6128
5129
5377
392
9085
154
5839
9239
2847
3759
2620
562
2719
5466
5688
3229
620
8707
5876
8554
4974
3433
2636
4081
3959
37
5446
8973
7961
5936
4487
9355
3204
4793
2891
1915
8598
1935
7389
9104
2138
8091
2856
3659
3696
9176
721
4966
7163
6335
8751
2266
9965
3372
7443
6424
7927
8944
8250
2583
538
4656
1429
6272
3736
2549
5399
9830
910
8411
1663
8431
6091
60
9119
7634
8141
3142
4894
2092
7083
4658
7140
232
4990
2715
3760
8662
6877
6052
8240
3199
5208
522
9722
2587
2687
793
247
1038
5057
9077
7754
147
9030
9666
590
6038
5486
6193
4269
1450
6291
1398
4469
2946
4386
8849
881
7881
3733
4179
9462
6464
9755
8505
4745
6599
1675
4467
8063
6643
4659
3987
3333
2186
6766
2232
7512
8924
894
3654
7161
5724
4489
7567
8301
9244
4733
7719
6863
9386
5535
9396
2580
2924
7043
2282
2823
8903
7923
5111
535
9294
4515
7510
9967
7950
7216
9467
3013
8710
9325
9367
5336
9374
4524
709
6963
830
3684
3335
5605
5693
5929
4402
9376
4156
1669
5648
299
4519
7543
8035
6570
4896
8678
6754
9816
8217
1597
1899
2458
7842
3841
3093
4500
503
1246
443
3935
8503
6488
5349
1885
8160
348
6429
2556
843
4225
1725
1676
4939
3010
3342
5065
7417
8088
7343
4275
5790
2151
1302
6611
4767
8319
4326
1385
929
9973
1640
6917
6434
5111
8805
7263
5662
33
3620
8639
2794
9563
8803
5642
9029
3201
6447
439
3271
3121
7010
8443
6130
2319
1547
859
608
7018
3381
4791
6789
3175
6206
2299
4518
9571
781
250
4020
9084
8431
6599
7218
8870
250
4884
7074
1280
2859
7392
6796
8489
9165
9795
2848
8165
5496
4861
6004
9207
1120
6520
3130
3894
5526
8217
4055
999
1543
4186
8593
2745
29
6501
9575
5790
7308
8454
3504
2854
5917
2097
3661
901
2559
3481
3519
115
4987
5253
7298
5400
6185
2133
2761
275
3519
594
5935
3349
5650
8575
4055
9269
3448
9922
7556
6395
5500
4741
7877
7585
8323
1710
308
6830
6245
7891
8295
5192
4575
4832
2397
4045
8777
2890
8469
7849
5310
4980
3490
2116
9859
7812
6222
2393
5352
7519
4910
8321
4493
5230
6239
4732
4268
9730
961
2779
6859
1922
9585
615
3912
5812
6811
6661
7847
8742
7155
3401
7038
8136
3375
6405
6365
7822
9732
6471
5743
5533
5042
6917
996
260
6053
9782
8808
670
927
5139
7069
2470
884
375
183
3911
4788
157
5547
8342
9629
2834
9492
4811
1212
1811
1906
7386
5915
2311
8235
9231
5239
5683
564
8019
4731
8348
5810
7445
7770
6177
799
6022
6855
2555
7759
41
2540
7801
1549
3
9046
6205
3359
6040
8533
3532
6221
8382
4579
1803
845
1172
3104
9406
3144
7023
8350
8424
4416
3612
9409
5447
6506
2396
9174
9203
2992
1909
8889
9342
1241
8250
8547
7812
7569
4202
5080
5801
2094
7625
1957
6222
9438
1630
5988
6114
2816
6246
7848
8523
6585
4528
5095
7314
1161
4667
7731
2361
4602
785
23
4783
7465
5869
8530
5104
2804
1951
3974
8683
4350
5182
5830
3009
4456
1808
4146
3401
7031
7759
5034
8833
4742
7350
2964
2896
2313
6800
1153
7514
9944
6026
8610
8043
2320
2217
2806
4067
2800
4342
1839
1979
6497
2415
6147
9155
6073
1559
6904
4239
6201
7145
2141
5336
4418
4093
2512
3852
5728
9917
6046
1419
378
1405
2598
9273
4228
2915
8386
4784
5005
2099
8862
8495
4884
6021
8928
7582
9242
6603
3147
2315
4933
6370
358
2114
3131
1587
5672
6011
7244
4340
2718
5138
9968
5705
2886
6875
302
1558
9577
9890
8075
3451
5041
5353
2956
2917
2157
2545
2926
3117
215
8471
1315
994
3983
6344
9015
788
817
9473
2452
6723
6928
5898
5163
6912
3122
2538
3191
993
4352
980
3056
3908
1341
5615
3062
1423
9197
7707
2809
3882
3406
1824
5369
860
6004
5300
8563
2308
3385
7487
1199
73
488
429
4158
3254
9240
3766
1491
9097
1829
1070
7174
1392
2267
1941
7652
9218
2573
4196
5885
6901
4771
5924
3184
8911
4268
3119
1345
652
2915
4198
4981
9064
352
1343
7120
408
3400
6793
616
93
8634
4828
3289
4892
7104
4990
3677
7739
7273
6423
981
6279
954
1624
3472
9221
7661
8235
7839
4639
51
2665
9154
5303
6557
7344
3103
3822
9606
6925
6561
5432
1980
9195
6680
1790
2252
2715
5934
929
380
8508
9561
1802
4748
5425
4855
8608
7639
9513
2766
1896
7015
5545
5728
7774
1649
3591
3143
7221
4363
7383
9685
1371
7625
9213
2973
5527
1324
9448
1437
1242
6069
4249
2290
9535
6174
4252
2768
1282
8717
580
7961
8258
5206
9625
9095
9128
3010
9327
8926
7614
7477
8827
7089
3242
8062
9519
3003
1582
9229
7364
4398
7275
2875
859
62
9890
7635
3041
630
8886
5063
106
5565
5190
3047
6103
7861
6150
4050
9943
3403
87
7543
1017
8745
9895
2065
1396
8387
4380
8591
3413
3620
354
3469
7184
6299
893
4496
144
8710
7213
6073
1378
6171
3743
9219
5238
476
4125
460
5506
689
6403
5597
7218
7723
2912
5213
8594
1624
7904
6304
509
7358
9668
8243
4832
3615
6351
1365
6074
2095
2206
4060
7413
1503
1553
1443
351
8038
2479
119
7244
3326
3114
5589
9586
6491
4320
800
6030
2490
8734
4528
3442
398
644
1741
6185
2808
8706
6452
8711
8507
3847
1864
1687
2035
461
257
7183
537
4363
2208
9486
4292
6163
9846
7790
8321
3097
2359
2641
3
1973
9009
5240
3788
4131
7656
2056
6973
4418
7376
9212
8175
1538
8639
2872
2909
7954
9861
9858
5586
7538
3769
3342
8278
4794
9581
7609
3169
7316
5358
3551
9020
5535
2872
6117
9527
5288
7056
6355
8880
8
6839
701
5600
1475
6579
4020
6211
6470
7677
3165
8218
580
7614
8534
6266
4262
8840
5825
2594
6457
7984
1899
5433
8362
4767
2840
2373
4492
4098
8072
9576
1977
6699
9799
5347
6475
2794
9444
1963
1918
1482
4041
9926
8856
2403
2171
4817
853
9164
4338
5994
8257
824
9423
329
2564
2145
6213
1563
1909
9567
8734
2014
3011
6795
8934
6851
2533
6932
4816
8522
9686
6996
4727
4568
4152
3745
2193
7045
39
5500
3422
4712
890
9044
3558
6936
343
8884
3338
4707
8135
1870
4639
7716
412
4522
9875
4812
7476
3558
1100
5374
4853
8918
7186
5650
5522
3591
4460
1102
7344
2450
5830
9676
3293
5361
2046
6054
9708
4203
2024
5126
7316
2893
7260
8419
7662
3900
4555
2721
7317
9362
6180
9984
9177
4739
1319
4460
4857
6032
929
9056
9468
4857
476
1886
233
9089
2540
4744
9582
399
3980
3180
6923
9256
6427
784
3641
9781
1340
5576
5410
7360
2563
2150
1705
5697
2917
2689
333
3275
6508
9808
9651
6224
2062
9640
2952
2690
5201
2908
5603
2513
6890
8859
2712
2501
2042
7411
6294
3230
2800
2952
8378
3763
8045
8988
7715
3029
5535
1468
3870
1686
3962
2337
2908
7519
3413
1402
2175
4254
7617
3909
8129
1985
2498
2405
6680
237
7784
1110
1067
7347
8879
5631
4884
4738
3030
62
3224
4217
2141
15
2756
6647
7969
5873
1838
6309
3031
6090
3989
9314
3965
1444
5285
8731
8833
2398
6062
38
9631
3373
2907
7878
4257
4724
9331
3168
2289
7311
3413
7424
6307
9084
1449
4672
1907
7455
5150
2315
94
933
8973
290
1079
9091
8450
7511
5673
2181
8318
6293
4114
636
7583
3747
286
63
4394
9221
968
4762
9310
4211
399
2565
4744
9598
2618
8574
3927
1366
5023
3245
9564
366
7740
6179
1204
6213
4496
9220
3449
9132
8692
1442
3931
6058
9738
9940
6245
4307
7730
4019
4954
4945
1258
9318
726
9458
5158
7343
3017
433
6004
5003
4057
7551
7247
2319
5665
8088
843
212
4878
4995
3013
822
4489
1737
1734
2741
2942
3546
7137
5258
5700
713
3797
6597
7813
8516
6927
3777
5987
9845
2412
1111
9595
2884
4940
2457
866
8728
8569
9632
5441
4383
919
2177
8731
2473
2484
5342
4978
5026
1824
6114
5905
7851
9428
5100
6005
5839
4642
7280
371
1173
8754
7552
2595
4115
6027
6323
4417
6045
3290
2305
885
6630
2192
7787
4289
6030
1292
2677
3773
1440
2792
5861
4003
6210
300
4989
1923
7528
9466
9554
9613
9117
5253
2443
6520
9733
3345
8607
4733
5229
662
1476
1311
7295
7911
1619
7792
3762
5570
8118
1403
8620
6753
3207
1606
7552
3314
5833
3306
4220
2373
2226
5694
1823
1090
4192
7830
8235
8174
3904
3114
3443
8390
8902
1024
7354
1110
6893
2867
2594
5823
4005
4611
1585
6030
7421
2114
7351
8745
2098
7464
853
2893
9132
1367
8123
7071
9107
1903
6107
7290
4810
1268
2594
8681
863
6163
15
6524
1344
9117
9653
1538
5756
9105
915
1468
3002
9453
9650
3515
4296
4977
7719
6632
2184
1872
5911
5032
4066
8768
2951
7403
9553
5920
9253
7006
8411
3206
3664
2888
4113
3800
4019
6871
1579
6534
2535
7552
1171
9894
4586
9711
2501
2886
9020
1490
3582
72
4421
3850
3682
2757
5996
6314
9129
3982
179
7557
8819
2102
9082
6823
9650
7056
1167
6124
8420
3558
3720
906
327
9814
652
243
2902
875
2551
1894
7113
5384
6238
1350
5359
931
642
6306
1524
8144
8025
9175
279
311
5964
6722
6478
7889
2369
7640
8353
4932
3813
1742
1549
5262
1256
528
7559
5690
9675
3355
9869
9843
5137
4325
7260
5800
9329
3614
1615
4964
651
2570
9168
6722
2865
5951
5023
2520
1745
5075
5416
9913
1678
4122
3998
8628
7102
9380
7894
2464
392
1350
8087
5687
9173
9756
3120
2958
2702
3759
1140
139
1339
8361
9442
5625
1008
1894
6734
2933
4499
5132
5799
865
4647
8482
2645
2219
4145
9173
2503
2783
4079
6824
8901
2943
6457
3966
6032
6470
9006
3921
5727
2394
72
7369
1155
5162
3042
9097
2916
8454
3064
7205
4636
8039
3608
7292
1290
7779
3783
5078
9661
567
5434
1142
3749
5921
5168
530
6584
2792
1786
1187
9611
238
9661
1421
7388
7756
6303
9285
6752
3813
2341
493
7462
7819
8869
4429
1546
5588
172
7067
8226
564
5329
6948
6863
9573
2668
3371
5779
6398
5872
8126
1736
5378
2194
9186
2298
764
9206
896
1612
2001
68
3766
879
3322
7320
3649
991
9341
8247
6538
8159
2450
6292
407
8297
6945
261
4238
5280
9230
3145
9648
9037
1367
9598
3276
2721
3273
7965
2011
2103
2317
5313
124
2445
8350
3510
9267
3129
2132
619
4738
1294
6411
2067
6374
1115
5726
7247
868
1270
1548
5261
4223
2086
8972
8966
1895
7251
3130
1051
3115
5968
1327
9878
6616
7741
4423
5231
4709
308
5033
1462
5167
9778
5379
3947
2558
9384
5778
3749
1965
2956
5781
4456
4022
2619
352
9820
2483
1306
986
1688
8200
5920
7049
3536
9472
4128
4118
7884
6533
5311
4321
2192
4265
7390
9140
8365
2759
8942
1099
5813
6655
8499
3671
1919
8816
6391
4098
4919
2815
485
6192
638
1500
581
9729
9901
7641
7337
4562
9507
8848
8285
4159
1136
3683
9711
6735
6679
1432
8843
8333
5470
6589
5113
6399
556
6014
41
9332
2985
2832
6400
2204
101
7395
8395
3984
8318
7079
6365
3144
7192
5319
5222
1586
5763
5395
3046
4423
3700
6912
2909
7278
4676
5286
7590
2397
722
117
8521
3743
3030
7597
7371
6287
2553
2880
5687
3598
9549
694
4077
5553
7689
341
3603
148
4510
3493
8397
9029
3776
8506
6005
4773
5335
7915
9877
9264
7083
765
6424
8932
400
3030
6346
6340
3526
334
685
4200
4959
4022
9902
3637
6658
5178
21
4670
352
3678
3520
5746
6519
525
5875
5474
1129
9459
4477
871
5280
7933
2047
7794
6400
423
1375
908
9246
4490
8860
184
5919
973
6040
6115
8792
6271
7380
7508
4281
4693
6350
9892
5531
1473
976
7356
9697
7348
8111
1188
9756
3361
7627
3215
9997
8221
8424
297
9036
8760
3321
2078
1866
6399
6436
7565
4517
6725
4464
6040
9402
794
6149
3428
1768
4952
4497
284
7641
1807
9662
1243
4421
7381
1819
9097
6432
8358
7565
874
2239
7913
624
8200
2487
1025
39
4067
5630
8781
1125
2741
3292
4444
6800
2733
8996
9569
6563
3486
6231
3644
2366
3339
6310
411
9900
1652
5019
9195
4006
2075
5857
40
4131
3677
3581
2592
2407
90
7311
6881
6757
584
7648
9342
5613
5655
5894
1062
6026
992
6862
398
728
7077
5922
3165
3277
2514
6602
5676
7736
8194
1235
1977
4624
5511
3772
7105
8486
2322
5266
2857
6162
3332
5384
7099
4297
1465
6625
8968
6919
7513
6357
9873
6420
8851
2431
5952
7971
8397
9917
777
609
5261
1971
1207
9839
2669
7489
6634
9791
8725
5131
6141
448
2518
4463
6921
9401
2843
8917
1722
6761
94
9683
9915
1014
6873
113
3127
8708
8021
7856
4523
5052
7447
2101
8030
2118
4945
1431
9707
7248
3305
8766
1400
6378
1255
5867
9718
5606
2945
2008
103
2092
6776
3354
8948
5056
7657
5408
9310
2538
1142
935
7085
4597
6319
3314
9683
148
584
6536
2648
4169
2812
3155
9456
3285
5407
2199
9824
7314
8467
2727
1800
8651
4612
5677
5369
1663
8548
3515
9131
2116
1417
5302
2634
4271
2048
7504
9729
6806
9830
275
721
9238
8101
5773
9474
7699
8401
2445
79
4285
9880
2503
3216
8225
8121
8349
3718
1636
808
3699
1724
9311
1052
1655
9685
1067
874
7228
6862
5558
8894
2786
9834
7672
5264
3614
3316
8534
4706
8319
4681
2989
763
7113
288
8913
7849
4129
4184
3189
1439
6692
8145
6107
4998
565
7020
7835
4425
4213
7612
3515
9660
6257
3394
1911
6748
4975
4572
2562
603
4408
7515
7354
2198
3422
8206
6909
451
7205
4208
1250
4161
7134
8328
3063
8402
5324
3585
5497
2375
6747
2633
7803
21
9713
2360
1577
4053
3604
614
9983
3809
8852
915
4263
7906
2442
8172
4124
4288
1196
8850
6178
9228
6776
5408
3213
4256
9086
8255
8666
5898
7320
1173
2308
1808
4139
5194
7725
9574
2783
7456
5716
2834
5369
8265
2126
9415
1199
6598
1037
4687
148
1879
986
3288
800
2082
5636
5134
411
7183
2544
3631
426
3080
7545
8579
5905
4826
1634
7744
7900
9923
5802
8003
8581
4233
8014
4665
5107
398
9654
6174
902
1021
7002
1925
4251
5158
4304
7876
6651
3228
696
8117
6686
3154
5208
612
2461
1948
7464
3576
7055
3008
5791
9487
5313
9646
6160
7619
6651
9029
1746
5693
7581
4319
629
3957
6635
4310
7113
5440
9440
4790
922
3961
9703
5992
9312
1771
2188
7752
5492
7648
1229
6869
243
2520
1680
3831
8136
940
5469
6430
1349
1264
1193
5486
5021
4355
1816
2316
8159
388
4010
5960
9313
3806
7414
1667
4809
430
8919
8875
5438
6399
2450
8200
796
3333
5860
4033
6985
6317
7416
3907
8040
5419
2228
7956
4574
2714
9591
6875
5261
9780
28
7562
8323
3196
3303
8362
9934
93
2848
9772
814
7497
6724
4889
9482
9099
8672
7321
9150
8595
2029
5387
8792
8184
3999
6698
4197
6793
2297
1116
6900
4970
8941
1664
9096
7995
1213
1490
6813
271
11
5676
4883
8077
4657
7393
5670
6387
6183
8951
2791
4453
9275
1389
8732
5658
2650
2488
8944
4186
5621
8817
5977
2587
7966
7910
5640
5966
544
620
406
9174
5831
3009
550
7457
7098
3451
3860
5651
2232
8206
2785
8425
5890
5422
3272
1894
3472
5007
464
965
7547
1123
233
5910
9217
8668
7838
7184
6485
6936
108
2130
775
782
9291
1117
5098
5402
5419
8689
3974
8629
1533
2921
1963
1353
4631
9622
1314
5100
1718
5170
387
3284
4835
8500
9731
4285
9799
226
8316
1103
2376
9646
7588
6908
4077
2302
2617
6295
219
7529
3064
2340
1785
693
7262
7528
8900
2373
6647
2297
1490
6515
1630
50
8763
3087
3205
7336
8012
6357
1139
5134
9640
1521
2833
193
2994
2515
181
2781
7395
9883
8389
6964
5255
214
4111
1589
1124
3732
5346
1532
5458
4967
6178
4917
7447
3259
3060
1698
6761
6827
1983
3970
8242
5748
994
9214
21
2255
415
5705
3104
7428
9556
9492
328
2292
3613
6311
5097
8685
3655
7295
8213
7985
2564
3128
7474
7175
2040
397
2154
7732
7402
2775
7589
7272
8124
2478
3395
3465
890
2521
6756
9076
9683
8095
2655
1239
4813
7887
2578
9299
7218
2857
5294
1954
2492
9172
9987
3387
9929
591
1458
911
6944
127
4532
8788
9726
2138
3447
2881
1559
3629
3473
3654
9839
2701
1472
6327
5563
6438
3411
9718
4886
8553
4402
8637
9569
1221
1370
5287
1546
7639
3185
9891
575
1429
3324
2044
7943
1239
5763
9340
9082
198
1211
9708
1960
8050
2326
5661
3195
9744
4887
6748
8524
4249
9638
4093
6405
9656
4878
9710
4409
7270
9531
8367
8851
2812
6127
3762
6600
2516
3076
8832
9076
309
8340
6270
9944
9248
5889
1801
3064
8475
9216
3950
3290
8265
9148
3398
2623
674
3414
2136
3969
7376
4122
3104
6918
617
7211
4068
3953
8887
5375
2783
6452
5426
9981
7019
4726
2424
5647
258
109
1394
3324
7861
9973
6449
7292
7860
4107
6994
8562
7658
626
6336
7242
5699
4502
7226
6465
8039
9580
8253
3958
847
2097
1090
9427
3759
7405
684
1737
9329
8006
5176
2528
3447
9662
8230
1352
8974
5281
3069
3410
8251
9792
2253
760
7700
8220
7396
9352
8313
2799
7731
1041
5012
4267
373
7510
7971
3307
9262
7481
321
3212
9073
4637
6121
45
7973
6251
2223
6318
6472
7016
2811
3148
9150
6499
1934
5192
6207
6281
3515
9692
7206
2857
850
8909
4095
6536
7482
7651
9735
5605
6033
7167
3923
2437
187
3352
6662
9808
1995
6558
1764
485
711
8213
6866
8545
1005
7320
952
6118
6743
880
8955
8152
9785
381
8857
4680
9406
7144
7872
3063
781
1370
8085
2954
498
335
7116
6672
5914
8712
6833
1456
300
2540
8142
2527
3727
2774
5432
1112
6235
4120
786
6498
2188
3044
2714
5291
4718
795
4018
2220
1541
4912
8912
8417
2118
5197
3911
6360
7676
4123
6807
830
9463
5055
9185
1083
3750
6699
4880
1243
8043
7246
7942
1054
7342
5874
7989
5112
691
1245
2055
838
4234
1624
694
1183
2994
268
1816
6173
4322
2203
3516
7476
6276
579
3942
1265
8401
5771
7863
3477
1926
8155
4751
5934
585
4253
543
4936
1167
76
3352
3330
1095
8350
6130
3076
4283
3086
8975
9246
3688
1787
9792
5045
2831
3134
2840
2250
3069
8827
9712
1425
3797
8374
171
5638
4356
4672
6087
3309
915
3904
6
3701
6324
3442
6307
7456
5231
4239
6173
9351
438
4975
633
7241
2375
2155
1475
6783
2197
3817
1767
3072
4502
8029
1710
6981
7424
8746
2346
4311
7427
5690
9672
4893
4372
1644
3119
6789
2336
1925
748
5918
1746
7518
8978
6663
1158
5074
8581
8567
1653
807
2535
7243
8602
2975
4218
6198
4582
9688
5117
3660
9353
1679
9561
6952
2595
7983
95
88
4798
878
5280
7805
863
9203
1443
4697
1866
9386
5450
4394
5120
8863
3132
1083
5923
1180
459
6372
8960
8859
1830
6499
9333
9069
5982
9826
9454
3101
8677
765
2600
6507
3992
5734
979
6337
575
3535
5599
7038
5836
1646
8444
9976
3153
154
6951
107
3495
9083
7314
8662
7801
1050
7517
8038
3982
4459
8331
5886
2403
413
5954
6687
8156
7950
5097
5078
5207
7686
4827
922
5792
1026
5136
5208
1691
5234
8083
3019
869
4711
8344
2810
5291
9757
3863
5770
6009
7870
7663
1251
751
6826
7175
5679
6071
4025
2276
2659
2106
980
9200
489
2704
6818
2125
5620
9902
560
2726
9750
5839
8686
8522
7802
8863
3392
7853
9812
3678
7517
1934
7142
9009
2006
4719
4949
8822
9789
3916
9326
3371
2776
9821
918
1319
6433
4807
4286
2642
2282
898
758
7668
7077
7676
3180
2139
5827
904
6516
1409
669
8150
6906
5821
1867
5603
4443
6340
4661
7333
9657
3646
8404
8112
9256
939
1601
6963
3003
4103
553
7165
3738
7524
8036
320
3679
1992
4245
6878
4678
2930
7433
8563
6612
2593
129
6584
855
5153
3194
16
3595
5603
6497
9032
4164
7443
8685
4762
3827
4408
2683
3294
9381
8215
8504
2747
855
9318
8670
1711
7502
4981
8495
4802
3638
4763
3670
3604
1949
875
694
9004
4665
6308
650
2913
5586
5209
9218
8174
3306
5863
3012
8191
6018
2792
2549
2111
3953
3697
8463
5989
3903
5305
4881
8211
1679
9317
7944
6917
5536
2845
2473
669
346
1112
2117
8810
5228
2028
490
175
4674
7641
4463
5508
5293
6642
7121
5730
1355
8843
5200
5476
5393
1062
9537
7343
1242
8525
2838
9828
5919
1388
161
1140
3338
4720
2998
9761
8579
6819
2464
202
9647
7957
9897
2230
1492
4282
7435
9360
2335
3386
3681
1583
5585
5030
7611
1669
9826
321
6213
4935
5767
7882
435
2199
3038
3844
6810
4712
4263
3343
4087
5505
6424
3905
3622
2784
7377
358
3255
9802
9201
826
5936
6271
7040
8603
1031
3833
474
735
9724
2032
8612
723
4436
3392
7845
8624
6945
1146
920
8641
8296
552
4410
7024
1674
1996
7032
9633
9377
3899
4112
5157
8018
7029
7347
6191
9951
4734
444
2262
7706
1992
4504
1309
8154
8850
9385
8672
1410
3037
3989
3288
5051
7518
7337
6818
7561
3307
804
3015
3113
9347
3970
2493
3344
5330
7780
918
4388
63
725
356
721
586
9668
4762
6328
4987
6762
8920
567
464
283
447
1819
3218
6426
5939
49
5059
4600
7964
5564
2846
7344
8472
2073
3591
558
7617
4643
4833
129
770
9983
287
2962
3239
7967
289
2766
1020
6309
4155
829
4457
8010
7885
8774
8818
5628
5253
875
4855
8466
3183
8504
5377
3867
369
4359
7532
6308
820
3822
6491
2855
722
6295
8937
6392
8620
3080
5444
6439
3679
780
2166
9569
8573
3245
2784
5123
7225
7411
9978
2068
2874
4805
6224
3709
2204
5427
6957
327
7227
364
3815
1939
5010
1906
1639
1861
5330
8015
1108
713
2401
327
3768
5306
2373
2561
6314
4699
416
7250
7374
8310
9478
7358
6134
3501
6655
4082
7244
6627
2409
2858
6489
3186
7965
5353
1892
6235
3374
6505
3110
4561
1657
5006
3761
4565
2318
4304
4130
7205
7296
532
8121
6
1743
8572
8428
519
7036
3207
1573
8556
7759
3119
9662
8014
4155
1460
9528
2631
6567
5836
9992
623
6639
5904
3267
2524
4963
8843
8930
9361
7975
6445
4527
7279
1240
8865
7667
5738
9913
8030
4239
9692
6353
6447
8173
101
5548
2683
2912
7986
6415
7137
2236
6306
1205
4936
2548
6411
4443
5221
6564
8223
7318
7935
7456
1999
9939
2321
2467
5802
1032
9477
9273
1436
6953
1663
6768
3880
1410
678
535
5733
1362
2633
4847
4553
5877
7716
144
1861
8147
4217
4395
9007
7131
58
3661
7930
7101
1384
9517
4406
3562
7240
6626
6557
950
5782
3151
4574
2086
5108
5302
4905
6137
5135
4614
726
5811
2177
2728
6414
241
8059
9205
8102
2170
1869
6714
2928
7210
8214
7252
7852
9440
6749
282
8769
8930
1423
8280
8530
6356
5589
9436
8119
8742
4441
212
5824
6985
7227
8851
1650
2181
558
1451
3154
2704
2473
5658
5449
8771
2768
22
7149
2435
7216
3865
5575
1808
8170
6780
60
9317
9396
7534
7008
6160
4299
5363
6976
6786
7087
932
5903
199
6161
2690
3395
5083
5454
3492
7390
3688
8076
8845
2400
136
6741
5341
3266
8819
4040
5078
3445
2513
3894
9283
207
5897
4998
5756
4743
6937
5113
425
4273
8910
5538
8884
7741
7178
7473
4870
1482
2723
7726
1907
3421
2680
3916
363
5299
6433
9160
9988
2529
5122
5504
1810
8544
5783
7259
6038
6492
2296
9167
5433
238
1080
181
5231
7362
6761
3055
2602
6658
3804
8079
4071
7874
8349
2775
7496
3507
340
1766
4170
2881
8833
3922
989
9364
6037
5754
4469
7687
3584
8449
1577
9123
6274
4185
1132
9654
4465
7733
4071
8302
7357
4440
8343
8769
4176
4162
7358
6113
653
2726
1804
3074
2465
1117
8221
6028
1426
2550
4110
3843
4818
8619
4604
4933
4813
3537
9290
6693
6141
7898
2561
7517
9121
1888
4766
4263
3409
101
1118
8036
9609
6347
6030
6856
2252
760
593
9473
8504
6740
866
4701
7362
6263
8056
4951
9706
968
3480
5816
6325
3979
9756
8542
1825
4811
5499
2568
5516
5230
8411
6392
3046
3696
2790
6965
4555
8655
1035
4303
7483
1822
7447
6973
195
5739
6417
590
8934
709
2146
1614
5108
9066
321
6136
60
4830
6566
905
3127
9900
3311
53
3496
3631
6275
9387
1125
1321
5464
442
2449
7041
1497
2717
9196
8089
4634
367
9771
4344
9251
5772
9412
7653
9670
6267
5932
9254
3905
8445
7290
3915
9689
2624
9929
4790
2854
7950
3958
8073
9192
927
5739
692
4765
9454
4447
1653
8275
2833
6859
700
5791
6559
4855
7957
784
5721
9239
2211
8162
5866
924
7733
5449
1381
5163
8652
176
1034
1859
4133
3708
5783
4909
3000
5295
8762
7735
3960
7401
9833
6730
3305
5950
4903
2135
5961
3716
5646
5094
2671
5090
8025
5253
7452
8024
7121
1443
3155
4343
7959
3915
1858
6317
684
6541
6720
3811
7603
1654
1582
3188
4201
2623
3591
6599
5611
3039
6707
8458
1277
8685
6254
9264
9178
9279
5311
5286
974
571
3888
6492
7191
8340
8881
682
5443
6178
687
9571
4163
732
3083
5773
109
132
2432
9636
5933
1602
3900
8388
8041
2523
4414
4844
9540
4662
6577
635
8596
1976
9866
9855
4727
9744
7530
9092
4274
5143
3296
2656
6538
7758
2078
1572
6600
6207
27
9803
5345
1998
3444
396
7742
8325
1183
7537
837
2752
5422
2280
2740
4095
7930
3106
654
7878
7065
4170
5408
5886
4047
3572
9413
3948
4708
8506
3668
1789
1406
7141
3385
4171
7151
7788
642
6683
17
3869
6124
8620
6201
6657
3507
8540
3015
4798
6226
4171
8551
6324
6333
5425
3981
320
2615
254
7036
1355
5901
9490
1769
691
9757
2080
5548
238
6350
4874
7817
8195
2180
5455
1230
1029
8089
7659
8836
8038
5710
8696
7648
879
6583
3428
3001
8485
7257
2647
2278
9969
8578
9896
1192
3081
2407
217
3430
9941
6659
4927
6340
10
2556
5899
1298
7675
2607
933
8099
4215
3292
5145
9919
996
8689
4229
8949
6394
8592
6382
2918
8957
8919
8707
3142
474
6589
8125
43
8084
4273
2673
4539
5231
6807
3741
342
2695
66
6046
9891
2990
1086
7228
265
4071
4394
9269
4287
1366
3834
1462
1758
5120
7787
8814
3
5837
9048
3927
7651
2357
5368
5655
2773
1676
6540
7621
2683
9727
268
6017
28
2937
8807
4795
2704
7126
1028
3258
984
2268
383
8011
6749
9637
5209
3066
872
6793
6551
3493
5745
4180
1839
4451
69
222
9067
5601
9059
855
754
9619
4171
4376
4380
2504
7289
2865
6217
1211
2542
9388
3136
6687
9943
6718
2568
162
408
6128
