6630
1543
1176
8525
3893
4982
6478
573
21
578
7537
4947
4607
8558
4904
5102
4518
7332
1585
5522
3262
5145
8475
2089
4422
6687
697
5635
8586
9815
3848
8164
1248
8311
9055
1306
3452
996
6915
6917
1150
3350
3343
4416
9168
2299
4623
5641
9402
8882
1188
4458
7373
2111
9728
2054
7355
4774
3811
3931
2750
757
9545
1281
319
4929
4065
6317
3256
765
3004
9755
6895
6070
8268
1935
6026
7182
5462
668
3507
8219
2219
8716
5145
676
8161
668
519
4361
3745
6728
8820
9611
8607
3071
3330
1267
4244
5311
7104
4822
3113
2625
2049
3059
2151
2543
7685
2866
9473
3119
3783
5506
64
3486
274
3665
7348
2333
4769
7714
9756
7140
5740
3251
2389
1623
4881
3275
1094
7693
5323
5822
5054
8117
2371
3200
2772
5104
8185
7290
1044
5948
1149
3519
530
3594
2605
8177
539
9633
1618
4978
2660
6920
6506
2990
2281
8095
8857
5503
3692
7060
9192
1828
9028
3038
1086
9304
5531
8776
9644
6591
881
1991
6107
2381
4485
2345
1007
828
7748
7522
6496
4342
471
6721
8584
1513
7836
7688
3123
544
9209
6709
2319
349
4331
22
1201
1654
72
4995
8238
9373
69
6252
9756
9504
878
9507
3732
7931
4418
5749
7837
8030
864
1097
1630
3357
230
6741
4313
9986
5485
1700
883
2327
4333
282
3037
3453
6007
6284
5576
6790
4677
8848
7005
8171
4581
2870
1309
3726
3049
2084
6308
4068
3038
2571
1172
2025
2908
3695
8266
4151
1252
2190
6975
1809
2998
4547
4012
2579
4131
5571
5025
686
3501
5753
1496
6658
1973
7454
7857
8791
570
7669
7838
5485
8043
7794
2396
9683
6259
4609
989
7470
5949
9757
2541
1716
8369
8749
8503
6354
3556
6529
6577
8246
5606
6107
6543
7721
7428
4162
6631
6939
9368
5726
7960
8629
2024
4232
7492
6523
3946
7605
999
5655
5399
2567
7430
1949
6759
655
6466
531
5234
1734
1620
1129
4555
5946
1343
6781
1677
4981
8659
3227
8120
5066
9431
9086
9035
7620
7622
1752
3956
1935
481
3164
9114
1270
7007
8923
6094
465
1642
2642
6936
5641
3103
7572
6069
2065
5604
1610
7966
3806
4085
6714
5581
4697
1613
3225
2341
1597
7107
104
4906
572
227
5274
963
572
5273
1517
252
2263
8497
7533
184
3002
1821
3508
8745
8872
4371
6372
4297
6573
3392
5220
345
3456
1479
8540
2547
6425
6745
6033
2032
1687
9952
1683
3429
6111
8116
2474
7266
8043
2395
8109
101
7593
767
1296
7754
6748
3271
9114
2264
9026
6407
5185
3142
5203
9712
9780
1998
8385
2374
5228
7952
4800
7165
4649
1811
2731
427
3128
8261
2108
4363
3360
3171
5983
6122
2528
4039
4276
5328
8567
2167
2338
1965
4356
328
9422
743
7485
4083
4871
9800
1628
8857
9804
2228
8185
8822
6402
5857
2960
1546
811
783
7650
2547
2771
8603
5830
9812
834
4993
5171
5123
3154
8076
662
5490
3821
2685
6589
2965
553
864
7517
457
9229
2367
3486
2854
4510
752
2775
8935
4117
8292
6333
9759
5323
1225
444
1744
2529
7768
2460
5986
4387
3401
7543
5250
8360
8112
6136
2344
5981
2833
7666
8070
2332
8620
4876
1482
4020
1016
2055
7687
1133
1328
4018
7894
4735
1328
9132
7019
573
183
1862
5289
6270
2691
710
7723
1749
6108
1930
4771
5411
2160
4919
2097
3749
5868
8880
3902
485
7114
3577
7424
3544
4924
1214
146
8820
239
3786
5921
2743
3147
9855
9050
4187
1809
7225
2547
7030
9318
9741
3776
6529
1971
1759
2366
1414
7131
3226
4430
5808
9056
9054
6118
2854
7069
5537
2818
2527
473
7911
3569
9732
379
5530
3226
3568
3006
4384
7650
823
3243
6740
7233
4526
4414
1825
8537
7108
2686
5146
8110
2210
6832
168
4357
8555
518
2379
6534
8569
4552
2020
6126
3335
1264
9122
5227
1747
993
4614
5630
7076
5754
5422
3352
4167
9585
907
1760
2895
9489
741
8514
9363
9145
6258
6146
8303
8279
2167
8764
3409
7950
9429
2084
673
8388
2769
3623
8801
7668
2316
5280
367
2642
5384
747
3402
7163
3481
4189
7288
2843
2931
6762
5445
5876
9526
5450
5220
3094
1010
8929
1910
6397
8172
4867
6676
5788
1487
7510
6472
8752
8779
4888
732
5872
4474
7966
8882
3740
287
656
3036
883
2873
8423
4371
1072
5004
4103
9212
6080
6092
9856
7708
1743
1298
8834
1943
9333
6442
1669
9882
4093
1698
7254
6509
6045
9191
4273
351
7426
3892
2431
817
984
9433
4889
2012
5933
7134
1973
9873
5522
4669
4960
8269
5113
4862
8922
8462
2531
7684
332
1133
1469
3824
8927
2226
2904
2930
770
2059
3435
5471
2998
6522
4440
4368
9968
7031
8934
3490
5151
975
8905
2639
8859
1842
7163
9599
2576
226
1230
7765
3704
64
235
4255
4708
7455
5748
7225
5027
2713
3354
9151
7010
5575
8546
2817
4459
8875
3280
6655
937
7599
1053
7590
9798
5503
8262
5450
6277
2717
4822
4423
2309
8259
1946
2903
5298
9267
5759
2728
5598
5756
7763
5580
966
3999
7073
6129
3641
3436
3047
120
9671
4752
1505
3253
3772
6966
6511
6138
1734
8735
6270
6145
9750
2772
4512
5874
6235
5740
6712
3810
6119
102
627
2912
1091
5028
7798
9685
3592
4641
2318
2357
3556
890
1743
3522
6868
1013
102
9214
124
2093
7367
5831
7139
3797
7282
1426
1147
1701
1341
2794
9285
5930
6851
9242
3700
6421
825
4128
7108
1952
850
5364
2014
9910
4853
9285
7999
5727
3351
7142
6412
9177
7094
7764
4722
3633
9603
4630
761
1820
7211
3375
1265
7976
6616
3481
4857
8058
112
593
7731
312
5832
5921
8672
4362
1581
6040
9661
179
7648
1045
9947
2418
2505
2637
3937
5424
3272
2863
7506
2209
7683
6279
9146
5764
7759
2840
4919
7034
197
3225
2994
5854
5954
6720
157
7991
6829
8175
9907
4517
4034
8975
2249
2213
8179
4474
9619
5080
7267
5390
938
5358
8400
3971
1433
2064
6725
2172
8357
4746
9230
2703
179
5396
8151
813
4452
6167
2403
6206
5912
708
4450
5667
6388
7713
5665
2507
7308
2851
1165
7108
691
593
3131
475
1848
8814
1934
8955
4113
6046
7398
2897
8696
5497
638
8486
3616
4748
9254
851
8728
6329
2157
1842
1572
6268
8014
4069
4836
8997
965
8799
3217
1381
6828
1924
9138
2198
8880
3902
5555
1612
256
9987
3875
9327
1448
1448
4854
4141
1743
8323
6692
5539
4056
9331
7695
3092
8667
3620
3130
9280
9257
6444
5331
975
5459
8845
4073
86
538
464
9012
3978
7994
3216
5156
6183
1227
5265
3649
685
1051
4704
3219
3716
3825
2785
582
7970
5225
5228
2215
2307
2791
7156
5206
5405
7442
146
6268
1962
9784
7791
6553
3773
5746
2752
8189
2491
6419
7465
6110
3980
3294
4345
7850
161
5902
7800
2333
6241
8572
1112
7787
8567
142
7060
8174
1867
2148
4536
1915
5651
8150
7538
7046
4569
4878
8987
3558
1552
549
7528
6224
6774
9479
4951
4335
4503
8267
8889
7251
2182
5364
2594
4063
1899
8714
5191
7862
4211
6996
8479
1129
558
674
1596
2093
1676
5809
805
6934
5207
8460
8446
7563
7150
8084
5303
5008
2683
1859
4390
4610
3221
8180
2597
5984
105
3
1377
6347
7453
8537
2213
1247
8869
7221
3307
2116
4627
9265
7813
7391
1266
3500
9186
8066
3936
8422
5170
169
5868
4322
2367
3294
952
9238
6844
7972
6289
1042
3132
5223
1705
8028
9656
8084
3924
8096
115
1575
6884
9687
8855
7686
8758
1104
9923
677
8462
3135
6436
2736
7828
2598
2611
6472
774
493
245
4041
1968
6976
7915
2850
8280
8377
9687
2887
2698
7238
782
4167
5789
6491
1044
3288
1235
3779
8617
3735
3912
1504
1690
7173
9398
1433
1529
6283
2246
9717
1279
9725
357
6681
9288
2481
7259
7731
9397
3192
9132
6494
6511
1028
2279
7274
1193
7881
4249
4998
8471
8205
9674
3928
2927
6890
3408
7001
1457
6554
7290
6517
476
260
2920
3010
3060
5154
3274
451
8503
3087
2398
7431
654
2901
107
1827
8592
4850
5675
1661
2781
4923
191
680
2384
9935
3826
6155
5038
7287
9439
6112
2602
7399
2895
7060
2832
4088
5331
6525
5021
667
1649
2491
7389
3081
8579
5235
5751
3616
9252
9694
4484
7780
7469
234
7359
8757
2317
5284
3347
31
5423
6147
9368
1720
4598
1392
2449
8458
4018
199
8757
9163
5323
8914
837
2823
7266
400
9475
2457
9570
9367
2827
5245
7259
3430
6897
7980
2948
2358
8660
5372
6519
3711
3536
4419
2387
884
3411
1200
8049
4847
8667
5069
9207
1852
9691
5326
9302
7252
8841
5204
5239
8728
3151
2175
4540
503
1392
1657
314
9084
9905
6737
3255
3259
5585
1313
5106
2296
1553
7237
5986
996
7155
246
1510
1975
4684
9455
3859
9721
430
3163
4929
4196
8660
8580
6424
2392
6431
381
8814
9150
6241
3062
7319
26
5458
2235
8070
8382
8577
84
4541
9774
8371
8013
6118
2325
212
7890
8377
1515
6205
5952
5079
5161
8103
9569
6075
7798
6914
6695
7539
1376
5695
3143
278
6938
9217
3752
956
7087
8942
6967
320
4091
7938
5952
354
2514
2877
8695
7009
1053
5289
7933
2778
9879
6027
6099
7714
9194
4587
6388
8272
9977
9614
7555
130
7017
5489
3282
2357
5795
5941
4857
9991
112
9975
4437
3594
1187
737
4168
699
8470
5208
2191
6841
417
3616
5187
8117
3461
5093
8505
2715
2473
6990
2832
7022
2772
9029
5157
9243
8161
5077
5634
6243
2059
8515
2220
6845
6897
4873
2184
465
3900
8193
5176
8833
4313
805
1464
209
3511
5387
9356
4206
5540
1157
2137
8308
379
3766
8088
6096
9796
1574
1687
8537
713
1692
2263
9798
7605
8340
4151
8490
284
1468
9301
4385
580
993
7515
526
5071
5086
2694
807
9917
9548
3237
5565
5391
7933
4396
3467
9517
6822
8114
2341
75
9497
3206
6033
8951
7491
9013
1355
1361
4222
7326
1567
4035
7389
4412
7075
9328
7284
3360
5856
206
8808
7616
1762
9308
3545
2870
2033
4742
1264
6471
576
3950
79
2825
3060
7674
5140
2850
675
793
1786
6529
6124
6495
1204
3670
8536
1963
8703
1877
9202
273
9281
4219
1478
9799
1382
8465
860
2128
112
6623
5894
808
6750
8718
1213
6771
6879
2459
1960
7235
21
3684
7366
5170
9265
3265
4749
5380
9640
3988
1393
8800
1235
3108
8773
2004
8600
9636
2634
9918
269
7532
5620
5551
2804
8360
2554
6709
652
3355
81
2144
5750
5101
7452
6760
580
5
2529
7498
3819
9419
4165
7513
4683
8219
7636
9614
1857
4865
7041
2651
887
6208
3626
1129
9174
7364
5341
5943
7343
7888
974
2490
2975
8757
4063
1764
9646
2561
7299
7117
2984
8538
2930
2564
2449
1828
3838
3729
1171
6670
4967
7579
2538
6483
2481
2731
4181
5120
5648
4862
3260
5454
8459
1107
8885
8831
6060
7180
320
9478
6441
1515
2105
9357
9038
8225
3895
2420
6571
8093
3206
6772
9114
8577
4186
1200
7194
3178
6048
1135
153
214
2249
3181
4078
9427
5310
1667
1141
4588
4366
6178
3465
7637
5601
3496
628
9831
7620
508
8557
7491
3490
6778
8342
4622
15
8545
1085
7508
9839
9418
7448
1849
3623
9414
5845
6799
6142
1730
9152
5723
4632
4208
5171
6240
4337
6829
9185
1177
1165
1160
8518
6804
5137
9620
5926
6906
7106
5313
5245
5902
9348
841
5972
9693
1271
5098
3660
587
8905
1352
3238
1409
5924
9645
7879
4694
7932
6698
8703
9038
1633
8304
3635
4782
7298
3603
3461
682
7994
6673
5240
5278
1265
4936
2170
775
314
8533
9931
8342
6348
7637
7071
8287
9528
134
8554
8928
1509
49
9213
1156
6088
3759
8910
8566
1717
7513
5687
9630
6277
1673
9141
4094
9957
5
7342
7721
9273
2720
8133
3668
3973
2311
307
8010
6647
2948
2570
6050
7713
9296
2564
3154
7841
4648
4124
144
410
4225
6496
6460
742
8549
1825
2975
2720
4662
2129
4629
8304
4447
5013
5458
6369
4478
9081
9504
7885
9560
6086
6151
2980
2496
3960
1899
922
7096
6268
3825
8701
3176
1540
1743
4135
2474
8833
5694
6636
5765
6175
8844
5439
5506
1448
1137
9313
915
4806
31
5505
392
3129
6467
5254
1061
6349
3613
1761
6120
9788
8817
3561
8663
6727
247
3139
4897
3896
2747
7639
8949
2015
3055
7796
8704
9087
6179
6818
9785
2277
29
3529
3425
2231
5713
6008
2091
1544
3941
5963
7364
7713
2921
3186
1766
7609
84
3513
9257
2789
6148
9141
1875
3994
3451
5935
9722
2811
3268
8575
3424
3867
6541
8523
7811
6766
9205
6639
8956
6007
6791
6654
162
3570
6918
9916
7968
9253
2187
7841
6226
6820
9034
8924
1141
5998
7876
5236
4034
2380
6124
1811
838
4831
3251
4313
22
3147
4183
2268
5266
8153
4325
9932
4634
185
5452
8253
9107
8950
9930
42
4429
487
2041
2886
2604
6394
3360
3289
1550
9655
3098
2926
9402
7648
9619
4892
8904
8082
2934
9718
3554
9017
2153
5155
8143
2699
6089
6531
2219
1942
393
8683
8628
4968
2886
3189
3954
4855
9007
7428
8298
8783
3286
8719
804
1122
4089
6043
1366
1106
4690
2413
2749
633
2667
2550
9322
8423
5587
6303
4930
199
6072
3813
9148
5758
2559
9371
5890
4012
5375
3030
6431
8567
4422
2762
6656
823
673
4950
3134
793
8844
7712
1546
1401
805
147
8875
7801
3279
5013
3558
998
6043
3604
9982
7708
5331
4607
2358
1315
9136
2932
7814
1295
3689
9058
6880
3678
3239
6617
8011
2712
4545
181
8178
7637
6726
3992
5488
1380
5303
2327
9857
1100
4351
3181
8746
9245
2589
4205
66
9871
9103
1486
7247
8880
4154
7405
2924
6385
5065
8346
1494
1277
2810
5294
3220
3122
2915
7351
9206
3243
47
2045
6405
9294
7520
6806
3399
6025
1355
3445
8931
7948
9350
5454
46
318
7443
7989
8601
3560
2248
4702
5047
5015
9055
7302
9564
2220
7427
1449
6819
9136
6028
7652
6271
1359
5827
4392
8177
4837
4431
9678
4770
9461
4426
9202
4864
4466
4912
4526
5506
5427
5880
9299
7607
7200
1845
7146
7704
9632
9475
7706
3470
5966
5736
7935
6221
9043
627
3443
6232
8903
9060
9257
405
4325
6175
5298
4237
9858
1982
8265
985
2521
2443
6646
4518
553
8510
1270
6847
625
6492
9608
1831
364
1006
4106
9329
6514
3925
8932
7042
9347
5729
755
2308
3316
3356
3189
676
7700
382
5015
7116
7729
9919
3095
5758
4139
6965
9286
6094
9176
8508
9280
6042
7147
1915
7078
1549
5007
7919
1967
4847
2327
821
2089
2919
36
6918
7804
2142
6327
4867
918
3989
5918
7998
7510
6646
3766
6789
3761
7935
4771
818
3268
3903
5741
9988
204
7051
5019
9026
7924
3510
2350
5273
3036
75
1945
5840
5156
3706
4154
3369
7993
2131
3754
5544
7340
1044
244
3662
5632
3810
7836
6868
1761
5180
9342
4
4837
7199
1157
8922
6474
324
2436
3228
6582
6505
6800
8200
5397
1668
238
6
8367
6160
8621
7097
5767
9490
4344
8501
98
5474
7144
7516
8775
811
5210
1264
6166
6470
620
2791
7977
9349
2222
6150
9622
853
2845
2282
9087
127
6892
1394
8690
7642
4263
4328
4346
6233
2374
4803
2555
9885
9106
1855
3055
5543
8286
8543
6477
3385
438
6227
4795
2808
2464
8076
5321
8591
9571
3622
2697
1067
883
530
9230
7055
2522
8841
4088
7087
3882
2518
7308
8366
2367
2116
7181
4680
6187
2463
1994
6798
6448
481
9422
6742
4272
3467
5192
9200
2773
8254
9174
3899
8319
4786
1691
8664
409
1168
5114
7130
8816
5212
1586
6619
4244
5039
4019
1059
4505
589
6688
1231
4439
406
3904
477
1335
8280
1824
904
5503
1439
4876
5738
5747
2186
2412
4849
9910
8526
2241
4825
7930
2654
242
6851
7473
9905
5651
1889
6945
5375
7560
6000
176
6453
7091
9528
4535
3690
2050
5776
6904
7471
39
3080
446
9404
7027
1979
1520
7696
4769
1559
7909
4681
7529
1683
3443
5704
160
3493
4059
3108
5996
1275
4354
9851
5968
5832
8178
7198
5905
4270
5532
8896
9623
5221
826
6569
2474
5056
227
7986
6349
4431
199
4248
580
9130
8649
413
5536
2968
6712
7524
7792
8046
995
944
3645
2435
7045
5800
4493
9775
7052
6948
6514
1669
392
1013
8199
6278
2654
3102
2251
835
4556
2362
334
4320
6497
9694
8417
2523
9713
911
2222
8786
6135
5070
4288
1106
2205
9469
7562
8392
5017
7684
4711
758
5798
6047
4212
9453
6009
3156
1683
1449
9522
2309
8893
8057
7822
4827
5729
6665
8075
7436
4504
3857
4015
3620
1645
9548
6262
6059
337
2389
7156
7276
4375
7956
6977
551
2986
869
4070
5560
6978
4029
1023
7056
5077
1894
7576
6137
1496
2952
1551
8490
1262
7214
2125
351
8574
1439
3955
8461
5813
9139
5682
9257
9625
1291
807
4886
6017
9685
6296
9048
4492
9555
692
6290
3498
9028
4738
8830
3808
9537
1572
6882
3245
9892
2292
9594
6991
3066
9949
3484
287
7343
9890
1944
8483
7431
9979
4353
9507
6616
6718
2206
8832
9746
9138
6007
6655
269
1635
402
4632
549
4417
3415
9707
5578
2397
911
8532
7746
6259
3686
9187
9410
2827
3311
1191
8886
3987
2704
990
2679
5531
31
487
5335
9328
5128
4283
548
7529
543
8990
8611
666
5204
3587
8053
3105
5638
2486
7725
459
8303
3650
4491
6040
9240
2838
2836
8408
6912
7385
2789
4185
9894
1232
8118
8131
5349
5123
3845
5659
5456
5502
5975
5424
9873
6941
3308
6097
4552
9285
4056
6723
872
7836
1458
5030
9447
1262
3997
749
2098
8006
8440
6700
285
7578
5522
634
8001
4802
6379
1819
8896
7966
2630
9472
6248
3401
8039
2810
2189
938
3005
3829
3102
984
5759
1517
3097
1237
9646
2131
9639
8023
5075
6755
1705
2185
5648
9133
8572
8178
3941
806
8838
1984
8380
2832
7619
4846
197
7552
714
1558
4442
4008
9721
6375
4773
7897
3609
8805
4831
350
3530
3753
917
2521
556
8316
2059
329
3213
3422
6857
7335
976
8132
9026
851
8589
5839
9921
1655
559
9989
1505
6745
2165
9543
5971
3146
8733
2931
4330
5048
4329
6867
8275
7533
1667
5579
6589
1252
9060
2830
1832
3256
9808
2432
7635
9786
9256
9909
8851
7228
5260
8228
500
6272
5862
302
82
1369
3850
8600
4440
7286
523
6223
5422
2825
8760
3221
8201
4968
8356
5991
3314
4296
6394
2542
2455
3797
5008
7506
4507
6412
5121
5671
7037
5694
2451
6817
1664
1409
8564
9226
6469
5143
3472
2044
9740
5786
2464
8011
8760
8132
7284
8294
3669
9940
2394
6155
2055
5213
474
9602
9374
1594
159
2858
5142
2049
4168
9442
4195
6941
9707
6984
9496
3392
6090
4414
5777
397
5163
8966
382
8835
4786
7017
8065
9913
5861
6803
1734
1887
6310
8195
5230
2288
8614
4944
5050
9078
8188
6876
1160
169
1399
3794
5027
5140
6248
2503
8507
5496
953
2282
687
5620
6991
3986
7374
110
4807
9511
1748
6288
6739
5413
2469
3508
2948
9503
9178
7211
8293
5985
2141
294
186
5236
7987
3814
8202
6660
7060
31
7987
9250
4616
3426
3129
5827
2351
4122
9729
4141
4888
624
9414
4402
1136
1336
5097
3934
6212
5385
3882
4380
1638
4298
6690
1857
1291
5277
7610
3386
585
1198
7443
1217
5020
3358
2741
3042
2748
793
888
5909
7520
6381
3241
1831
3249
7920
9659
9042
7329
9921
1773
6967
6434
3501
9725
7547
403
2802
8024
1913
396
4629
716
2501
4066
9839
471
7102
7179
5605
5450
2060
3165
280
7786
4737
9524
8664
2699
2688
7187
9785
7266
1256
8593
9264
94
6268
9348
32
9921
1926
6476
4859
5235
9442
2057
1131
2199
8328
2141
1075
2032
7009
5138
6574
7734
7352
4826
8669
5284
3294
7148
3955
3
2977
7027
3970
4152
8673
7174
3361
626
6964
2401
5028
8023
7983
5421
5904
9522
306
4394
7114
8564
2560
8367
6290
695
5000
8286
156
6265
89
1793
8598
3053
8122
5872
2228
9876
3765
6370
5124
7751
5554
2153
6842
3820
4550
1223
6409
8721
3014
699
4263
5582
8880
2229
5272
6658
3373
3181
6586
5929
4161
6852
9670
4684
8625
6043
9331
7646
8856
6366
7005
9556
8405
4617
9780
4607
645
6694
1021
1371
4182
7933
7711
2697
4313
2741
3472
3996
6716
2102
7324
8783
6541
7216
2888
3680
3292
480
1798
2842
7265
3335
5817
2277
3671
786
2103
7469
1791
5462
323
2399
8208
4399
3162
4936
3514
4977
6828
1871
3197
1413
4700
2781
3812
7522
2825
9850
2877
5914
6835
2897
3242
1668
798
2523
4311
2522
4458
4413
2887
7237
9885
9344
6812
665
1871
5396
288
239
7592
5207
7547
7015
2475
3553
1099
8180
52
9711
3778
1009
5923
119
890
298
2096
5981
5600
3085
2091
4176
2266
8027
4985
7603
8342
2608
762
8463
3584
8953
3409
8296
1056
2659
6357
1006
5525
4925
8422
8738
1286
6827
6913
2940
6619
6095
9145
8186
7336
3544
9613
2532
7271
7971
5571
7610
1259
7262
8676
3869
4149
2511
996
9512
6790
8721
8314
3195
776
7514
375
3186
3363
3492
3632
9724
594
6996
4687
5510
2478
782
4222
7736
1867
6235
4958
4161
5079
8091
9425
7545
1674
7677
2575
1357
5465
2924
1682
6876
6469
8425
1023
1729
8309
5233
1256
9836
5282
1322
449
4583
9918
4750
419
7333
3385
1645
4440
7556
1657
2507
9914
3349
6387
2527
8807
3105
1947
9329
7726
351
4840
5067
35
6625
6904
3635
4791
3587
155
5372
5425
5943
9456
4448
6019
1094
1233
2936
2366
2207
1602
9699
1360
6013
2971
9974
680
2461
6277
5898
6534
6830
2708
4731
8642
2482
3373
9421
3791
4510
7282
8446
3815
9833
9715
5294
1767
881
7809
164
590
1524
1899
7258
2055
8922
5818
5970
4947
7432
8883
7461
5741
5100
930
107
6272
657
4083
8015
8134
9918
6517
5759
302
9793
595
81
3760
456
7640
5534
9587
2305
5851
1132
7044
3752
6402
9
9060
6170
3481
193
7014
3665
2522
8465
6853
7618
3700
7836
390
8817
9039
7357
3286
9962
216
7963
2261
1583
7570
4121
1313
9638
2250
3510
9458
5962
7279
2064
1397
3825
8406
6166
6179
9857
9562
6124
1657
1410
4711
3458
7046
1836
1387
3251
6612
5230
49
2049
2250
1098
104
9717
7267
214
8141
2840
2019
3598
3468
158
582
4523
2071
6545
1134
323
4539
3037
6334
2175
9200
1590
8937
9432
9031
5955
8561
455
3544
2921
4978
3508
15
391
1171
8075
1990
7774
1056
985
185
9089
5703
3947
7976
1801
9621
9273
6644
4958
6392
6167
5999
8556
7451
7468
9067
215
7283
9727
7856
9323
6703
2871
4982
1538
3635
8700
5312
7493
8233
2953
1812
625
1943
9333
3310
8213
4637
4705
2535
6808
193
4407
1884
6868
269
7969
9921
151
7610
6840
8745
169
7556
7531
3463
9105
9598
7250
8849
1463
1186
1802
9393
29
513
7579
9203
9211
6870
266
4991
7338
745
736
5781
8076
3982
951
3918
8276
6146
1304
9880
6417
7932
2025
1880
6048
9071
9584
1087
8067
1644
1356
8502
4938
5369
9375
2979
4910
8686
3214
3760
262
5277
5531
6951
1751
3231
5200
2922
3509
3218
7901
8224
9442
4712
3147
9840
2395
9271
842
4865
6945
2773
8395
6071
3256
8866
9772
7003
8817
4104
7203
4503
2232
706
2213
9673
7403
2566
4465
6523
1359
9154
1349
8170
3190
7912
2409
522
1400
7380
7178
9371
8011
8408
6366
4205
6625
6527
8621
9860
893
4260
7279
989
868
6397
4667
410
9114
1390
2907
7793
1785
343
9887
7501
1370
2097
2569
5709
5239
5948
7149
4931
8641
5606
5093
6413
5968
8491
2190
3562
5045
1547
3687
2560
1394
5623
5874
8916
4810
4660
7546
9300
1692
4824
8695
2881
1167
4468
8036
7827
2969
6698
7106
1122
3143
6277
128
6035
2043
1333
5402
8455
4547
4844
9637
3595
7813
3096
6890
4708
1290
1109
7369
9939
8272
6148
6001
944
6161
5257
5483
9008
3422
3011
8658
9669
7842
3089
576
6941
6974
7342
8226
1116
3431
3462
9408
8304
7947
6761
4300
3555
7645
5061
5776
5905
4367
4930
1921
292
7720
254
6812
5566
7366
8245
7142
7548
3819
6141
7322
5484
7568
1133
7056
1859
6622
8325
9755
5784
7313
815
8848
5469
7842
1293
3833
2130
1873
7396
3759
6144
2838
4317
4638
7156
6569
1374
3972
4216
4714
4109
1743
5831
1505
36
2653
5120
2125
1881
5568
4843
1049
4680
1448
2312
7982
5419
2124
9533
1215
5432
9757
4335
4557
413
1886
5141
3134
349
4844
4855
7061
2517
984
1646
3158
1649
5800
928
37
4558
866
2270
2780
1977
6130
1811
288
9356
4981
3203
7990
943
7456
3804
6938
3005
6091
7052
6940
5221
9048
4422
1175
6670
7687
1504
9235
8878
4185
4798
5680
1626
6893
8611
2454
3341
2835
2974
4406
8309
2861
7680
3906
1965
774
6599
5621
5909
2940
8709
562
5017
8260
8887
8230
8743
1384
8205
5382
8386
1812
8482
889
5400
339
6756
7924
3854
4135
6690
5395
2060
7441
6186
6054
1538
2996
8739
2368
9504
79
9033
2543
6650
8657
5044
8176
4170
9596
6832
2547
8399
7582
2725
616
2214
1018
7284
768
3992
7354
2964
7817
5228
5793
7791
9714
7890
2610
8222
1756
1794
8215
2295
5166
9790
4078
8279
3264
6175
2642
3827
455
2063
2833
3487
6038
542
7237
6432
3352
7479
1064
1302
1780
6992
212
5865
7202
2462
1491
6316
2588
7854
8609
4656
8565
9964
2745
2953
9437
7540
2864
4926
4914
9861
1407
6675
2371
7774
5637
5668
1216
2193
6991
730
1479
8839
5535
3239
5806
8140
1792
4324
9953
9267
901
1872
8229
9169
5718
2920
279
7345
9998
405
173
3474
3542
682
623
6565
1585
3789
4029
3619
4815
5596
5632
9946
4559
3406
9551
7272
4638
817
5764
9852
6216
4956
1200
6475
1293
9125
2763
6968
7802
9583
1934
9281
640
4722
8220
9257
3932
7871
1630
239
8185
9572
5950
1305
6125
5038
5805
6576
1285
2704
2237
5185
2350
4055
8271
2334
1017
5021
5078
5103
9877
2670
777
2559
407
6834
6013
583
9788
2887
3239
9398
7088
5321
5374
3799
1450
5206
4530
7521
7701
8699
5220
5754
3123
3199
4727
1413
6149
7036
2799
8699
798
731
7690
7731
6417
3559
3624
980
2297
2981
3763
5210
9994
6559
8781
3958
5476
9738
246
2899
3128
3420
6692
9451
4843
1187
946
9727
4962
673
7297
8135
9771
4592
6477
3550
6086
9466
2629
8826
661
222
6234
3456
5710
3997
8757
6992
6074
5712
811
8065
5974
1573
5726
3585
4992
6808
7920
1953
1574
8682
7620
3584
8027
4951
2143
2177
2077
9628
7134
201
6680
3015
8213
2845
3472
8516
667
2485
3113
9579
1283
7089
8735
7410
9419
3481
9230
1427
7524
3323
2412
3113
4810
4681
2951
6702
9481
9387
8139
6747
3593
5894
2323
4407
1855
4171
6052
6489
3513
4469
2630
2760
7878
5519
5793
3357
5857
2188
6673
8705
7661
7277
6557
1135
5315
240
388
4586
2904
7243
1458
6474
1689
5246
6669
4757
2036
4035
4368
4523
1792
3948
1492
2044
8939
2528
1619
5245
5495
7753
9975
4316
9015
9611
1872
5267
1876
3645
9548
9696
702
4115
3665
2861
1504
7680
7368
5340
32
1795
8914
3649
9194
4254
6079
5293
3746
890
5278
8586
5077
8585
2285
1251
2599
5070
6002
3959
4649
4263
370
5612
8452
2380
4126
1298
4072
9061
2271
3509
6942
5113
671
9382
3485
4433
9083
409
6361
3888
6499
9651
5059
2584
7129
6584
1459
5234
7204
6065
6420
5193
3394
3198
5267
2907
9420
5199
413
932
865
5053
8024
8693
4137
669
6366
9581
6305
5487
5439
7292
5461
6485
1907
3097
1202
1283
9247
6918
2913
4283
3318
3575
3506
1145
9507
2712
8034
9566
2640
980
467
5166
5173
3360
6757
5820
5646
9592
1638
7544
9968
5954
7628
4250
3993
5552
8813
9783
5264
1830
2683
9785
6329
3888
4176
2165
8322
4966
1561
428
584
7668
2022
433
6582
3085
7400
8657
3194
7045
3411
1758
1187
1374
682
8743
9166
1944
9408
3862
8279
8153
7209
5793
9973
6073
3453
5313
9735
1293
9557
7664
2614
2841
4170
2213
6053
8858
9601
9119
2941
3474
8469
25
1530
5610
279
7996
1909
9245
3343
4032
3960
2581
6352
1583
7776
4269
7512
7994
1972
8898
1263
2549
3027
699
5510
3050
586
5530
1063
1658
413
724
5595
2841
3748
3137
5351
4685
8137
5441
2612
3185
1576
2144
2765
4973
9721
4760
5204
6265
7
7807
87
967
7166
3034
6650
2519
7016
1960
9828
6760
89
5490
2148
3894
1001
2619
8639
1985
2067
2729
4425
5007
1879
3052
3155
6247
5239
2219
5022
1960
7686
6981
3684
7181
8062
7192
8450
8444
1061
6128
9560
4624
8724
6696
3976
1011
668
1096
7216
5359
7755
192
4582
6247
5744
8975
1930
7787
9110
8054
5450
6989
4186
6925
2605
8649
1421
8418
684
6490
6202
9519
593
2284
7272
1494
7622
447
8926
3206
2399
1393
7570
9934
3227
8560
7214
8834
5225
5149
6027
4049
7704
9916
2200
221
7587
6218
8875
9849
4548
7348
3334
5722
8966
1192
1689
6307
1687
1651
8662
8519
1130
13
1333
5801
9868
2384
4675
4931
4589
9638
3953
1486
4180
3904
9624
2698
910
17
2924
5944
6522
3274
9155
1032
6083
7964
2220
744
2890
8631
9857
4934
6487
437
5277
4982
8106
9922
8136
3421
2221
5941
998
7850
750
8549
8817
9782
1812
1605
1059
8134
4870
2311
1629
3078
8587
2819
4794
5202
5407
6605
3793
3999
9466
9946
4094
8534
4562
1001
9467
2788
5543
140
9909
1696
7977
8534
2859
9486
2832
2805
6197
3307
1121
3410
5637
654
2959
1817
3153
2674
6476
4576
4235
8981
5370
5038
3928
6793
3607
1322
2111
6897
9154
7775
5398
463
4124
2432
8654
7390
2740
3005
2781
1180
1152
5391
8129
6925
4667
3853
5055
7361
6430
866
9174
9834
2015
8486
8257
586
1284
90
3086
8270
8552
4012
1624
659
8820
5537
2452
2371
9330
6168
6340
1075
1008
8601
6002
5261
1804
5638
6874
5160
3275
3309
8225
4233
4702
3068
8991
3201
9103
7580
9333
6140
8615
758
6980
1790
2384
5871
5928
3092
4622
918
2982
4889
7076
7109
1092
4662
517
9508
1180
1508
9866
5158
9022
2827
5046
1874
2661
8543
9161
1789
7448
3069
3393
4244
1360
1211
3850
7274
3924
8398
5711
3817
1056
9380
4059
4735
5584
2996
1087
4299
5958
5205
5210
9887
5719
6389
6945
5707
6172
3176
776
732
532
3431
2377
3375
2007
9736
9489
7624
1892
871
6664
1482
1791
2336
2897
6412
839
9700
6110
8707
6412
1033
620
8895
8302
5514
7484
6674
6935
1791
6322
5646
346
2522
1813
5257
2732
6826
3647
5435
5825
8425
9532
8890
1017
4722
6817
8186
8528
199
6883
719
9981
8680
3066
2971
430
6076
4964
3601
6978
5228
4860
7327
2840
8024
4575
7396
5150
5574
9145
6160
5125
658
4929
4857
6439
9603
8643
6297
5816
8260
4650
8905
9930
6621
4728
9215
6674
348
4493
7463
8977
4489
3555
5397
6259
5143
1980
1627
6053
2933
3150
4139
3600
3772
6024
664
4401
2765
5300
3495
1802
8477
8096
34
8180
2101
7386
3143
2392
2443
9206
7019
7898
6087
6070
1545
6056
5824
2551
9213
1202
5403
640
1007
9245
4657
1016
216
1462
1019
1406
9893
522
76
3272
7838
5622
9472
5970
7317
550
7416
6728
2789
7237
3640
7480
8983
3536
4562
411
3080
8299
9578
1265
3192
6542
6940
9476
1145
2208
7992
1715
8657
5880
2057
6914
4137
346
4861
428
387
1489
4082
3106
7241
6156
2920
4450
3879
4171
5989
7596
6380
6851
233
8211
3162
2315
6691
4908
2155
8199
890
2169
244
6407
4632
9119
3252
6017
3419
6783
8364
69
9795
4532
2865
854
9301
7110
5986
8345
784
3586
4423
6142
8354
5954
9830
7597
7723
5214
84
1942
7600
340
7922
366
5986
2441
1603
8887
3350
1453
7022
1543
2351
4764
9106
7965
8576
6289
167
4622
4111
5601
944
5008
5397
5990
2594
6909
8202
6557
4172
7635
7511
2185
2773
3851
5977
3142
6496
4671
9405
8387
5408
3950
7506
6637
8404
2223
4571
8203
2968
5997
2002
2824
6123
9426
4397
6263
8801
8901
7563
6731
9564
6150
3853
2602
6061
9752
4086
5450
2521
9546
3782
9853
3208
6495
4732
1391
6677
6229
8641
6933
4577
2910
4038
8544
8858
8840
5131
2054
2338
8747
9853
9863
8310
8891
2754
6134
5285
4164
688
4724
183
5283
8273
6923
3864
340
9360
2188
2148
1224
5977
9510
686
5657
1399
2725
481
7854
4562
9555
7724
3511
996
9187
7941
295
7576
247
515
3277
2787
2056
9293
2182
4674
2624
9820
6771
9895
5820
1503
9507
1495
6804
1967
1063
8392
8879
6708
1671
6436
8410
2285
4257
203
7774
3817
7170
3452
2456
8801
4413
6839
6799
1001
8077
4432
7774
5587
6538
4910
2595
391
2818
8263
4823
7876
6910
4988
2120
9480
5004
8003
4455
1867
6342
5725
5028
3421
5538
9597
9859
6908
2351
9440
9908
8312
5855
4730
6306
4584
5163
9734
4660
2423
7926
4294
6896
2422
1110
9103
816
212
4169
6944
1630
402
7281
9552
8353
933
2495
5119
9304
1996
2672
8977
1815
6690
7019
8308
8044
6262
467
4591
7222
9213
2023
847
3886
978
212
5735
6696
5411
3581
3277
6941
2325
4684
4479
4765
5347
8080
4969
300
5372
1648
3189
7628
4494
7431
2448
5541
477
6062
9769
4691
1463
1245
5141
5872
194
6987
5416
7928
4371
54
2690
9491
438
2669
3181
3910
9749
2163
4877
4494
1309
2778
3754
3736
9178
7197
2390
6251
1899
2373
7845
3595
9349
808
2096
4816
6569
7834
3854
4150
3216
6435
1191
6365
1603
3236
6029
7026
8326
1164
4642
8602
9885
5485
4922
1097
2062
2369
7789
6694
9446
9707
70
7442
5592
7322
4803
8717
9979
246
4384
8378
1061
5900
79
5730
6469
2303
3909
6151
4570
9336
1398
3306
1570
7373
2680
2438
9542
6314
1681
3954
87
7171
5615
6826
8951
3900
2043
1039
1031
8587
1715
9365
6006
2764
4727
4808
8311
6124
791
1998
1777
758
7787
278
6332
6658
5011
2023
7775
7049
4371
7168
9727
9588
4946
9214
224
4801
8641
1990
1326
7852
5419
3272
7342
3644
112
4955
218
7548
338
4980
2312
4610
374
193
2532
2880
8181
1817
7105
4948
9501
52
1023
1044
6288
9126
7609
8563
3561
9198
8758
8570
3517
9750
1326
2293
3418
7274
8922
1158
4809
926
4076
6524
673
1690
8297
6220
8811
2201
3962
9995
6496
3482
5696
2228
5563
3670
1261
5608
2458
7518
8552
8017
2661
9527
7439
508
3205
12
8156
4151
9401
1525
5083
7324
5534
3044
240
1474
2354
2101
1238
6494
4802
1910
51
6393
9698
9222
379
2958
1469
2269
3282
3299
9335
7571
2170
9479
7815
4726
1067
9775
4179
943
2424
7960
1053
3070
4380
6702
65
5706
6221
6222
3881
9408
1513
1528
9720
8773
6673
267
7811
1912
361
3470
8072
5388
3776
3128
9476
1043
316
1855
2597
7782
3678
6592
5143
5777
6734
6995
6077
1535
6955
2436
7115
3386
1680
3999
5655
5324
319
844
8625
3928
2843
7580
6490
6136
7457
6474
5978
6342
1319
8015
9648
879
6522
2518
9582
6680
237
8424
5185
4381
8257
4857
5458
6822
6912
2891
8484
9749
9295
9125
1089
5596
1482
359
8128
4597
9932
1958
5755
9843
5919
5108
5337
9438
7413
5671
9341
32
6921
1130
300
1033
2219
9524
5016
3138
4732
895
8928
182
4858
385
8668
531
1235
1525
7909
5547
9608
696
866
7578
4129
3416
4626
4884
3063
8127
3819
4447
678
9489
1997
9176
4460
1150
9303
2789
3654
3231
6793
8506
8232
1676
220
4009
9344
2999
589
4458
8630
4838
970
7216
9769
8334
4591
8088
881
4237
1934
6164
1075
1452
9222
8641
686
4957
9402
5282
8788
3955
2082
4880
2262
200
5159
2124
7081
7842
4555
7374
7139
1222
2999
730
552
3754
4714
294
8468
5060
6613
9393
5898
4564
4147
6458
4926
3839
5834
7099
7975
2734
9957
6912
4915
2649
5325
3667
4253
3984
8617
486
4670
5511
9260
3899
3871
573
5909
4691
9399
5812
4970
7061
7505
51
8255
7348
5777
7628
9177
4830
2974
4325
9133
4764
9032
1124
3488
2183
5654
726
5754
434
2542
3080
3004
4280
8029
930
2558
6327
7106
4403
7475
4251
4591
9141
8459
4172
9599
7310
4446
8833
7666
9184
9524
4538
6514
8031
4335
2647
3802
7202
4450
7354
3035
4378
6595
9647
3651
9628
5777
883
174
6746
7480
8131
5305
6735
558
7783
3505
4287
8781
7474
3925
8594
6383
3592
1213
4448
7035
7383
3852
4484
8867
2436
2432
4152
776
8112
4675
7319
7836
9222
8652
9722
9606
3509
6541
6041
2620
9625
4132
6122
5334
3426
8206
6024
1500
9617
1185
7054
4688
4068
7470
4231
3149
2543
3098
4633
6471
4254
3653
8580
466
6735
2671
7334
6372
6776
6813
9324
2367
3950
393
2705
3050
7732
2827
3666
7737
7316
4943
9455
9774
2676
8300
9158
605
9175
5752
5109
8038
4978
4466
1996
4059
9576
1712
3744
1942
25
3751
8184
5495
8825
3750
6651
170
9741
6496
8656
4543
6873
2319
5126
2527
5876
3501
4093
7332
8371
538
569
8325
6520
6498
3036
5535
7438
2845
7246
6486
7871
3278
2826
6019
1347
2759
3953
7782
7334
7273
5296
3154
4855
7001
226
5692
7231
5075
609
584
9690
6637
1181
7154
5790
2165
2352
4943
941
2979
3881
4093
2746
6192
6382
9597
1069
4620
3051
1860
9809
4817
3499
72
129
6411
8977
8899
8
7135
1260
2569
994
3309
7278
2159
8138
6498
4093
3838
171
1443
7424
7322
8015
4899
8165
1905
9008
7160
1877
9050
5530
4019
241
689
4761
6009
6394
1103
1202
8112
6422
2563
2035
3732
4834
988
9186
2409
1355
6588
5935
6334
855
1707
3901
2184
4372
3194
2209
3579
1167
332
1039
1010
5761
9485
802
1803
7274
8210
8805
515
4634
6019
2213
1125
9106
9361
3798
3408
4720
3115
6546
1856
2301
7910
300
8055
2332
1861
5758
1023
3621
8401
3650
1137
671
1283
4652
5660
243
6563
5752
5551
4289
2527
3783
4724
5841
4932
4180
6653
3977
5589
4497
2662
9589
3200
944
2857
9651
8728
3307
4716
8625
7731
1026
9810
3176
7895
3570
52
6560
5320
5093
7030
4437
6678
3536
4999
374
3090
5385
4838
5996
5796
4497
9616
7799
8378
9595
2048
6708
6617
4526
7390
5754
3263
1792
9700
8290
9586
9983
6543
6967
8531
6114
5140
7590
7588
1673
8676
646
3825
1009
9017
421
4629
6498
2445
1992
5528
2503
3512
2366
6969
4993
6139
6932
9276
7831
4993
6470
3471
3443
4221
9999
7324
8934
304
4089
4516
340
6354
5953
2136
3116
2656
4987
1522
8742
9946
3128
5631
3674
5602
7060
5086
1173
7619
9872
4932
588
3874
8634
1495
2978
4650
1701
7984
3148
9092
7756
205
7875
6416
4419
2058
3064
9648
8423
2859
1285
1928
3633
9947
6789
3342
6444
9062
6737
1804
278
917
9404
9068
9451
7662
1218
3388
3062
5932
1740
9510
3092
791
3197
4692
1463
9239
140
8700
3436
8090
1823
7142
3554
4379
6406
8513
8727
2746
2091
2383
7351
2345
8218
2937
7741
9849
5373
4195
3885
8537
7797
9509
4683
305
2776
6439
2923
1000
9810
7843
4783
7824
9707
3948
6764
5870
2952
7039
6165
9295
1827
6340
8470
5421
3846
4441
2911
7805
3127
5209
4776
9087
652
9150
8739
9105
259
4794
6545
6200
9313
634
4711
6882
7264
9984
9216
2047
2521
4372
7678
2345
8454
3882
3182
2886
1866
3730
5307
1779
4518
5936
6503
8427
1063
70
3479
1815
5679
9144
653
3339
7576
4754
870
3986
8110
4033
4290
7849
1592
1904
8879
5247
6434
4513
4740
1387
3825
1383
4710
7888
1429
7655
8175
1794
1382
1814
1965
1747
4069
7125
1224
2416
2425
253
6892
4288
9777
3082
5953
8332
2615
2094
7717
622
8285
4787
7780
8608
4906
4263
5369
6825
5057
2876
6920
961
8538
3432
4798
8920
8829
861
8437
66
743
7403
24
6927
530
7852
8013
4566
2907
78
1746
4035
3460
9686
1739
9551
7249
6848
296
8801
559
9186
5368
3727
7633
1915
5810
4513
9737
420
6254
9490
6245
800
1391
9155
7698
4814
9582
2505
6675
560
2051
2280
4917
8472
4081
9758
6991
3014
1116
5002
9260
8692
8981
1258
2960
5985
6941
9183
1496
3982
7954
107
6757
2270
9434
637
6727
1818
1238
8194
2249
4821
7663
8969
3680
1317
1629
3379
4712
6096
5610
7099
5975
7753
1840
7078
3986
629
9235
349
8997
4849
5152
9012
3335
6165
482
6633
5382
3025
1961
8474
7572
1495
1353
8396
9037
8959
321
7253
6722
1663
5222
6145
4602
2179
8765
1060
4823
2883
2421
2439
7571
4891
4779
3321
7263
8184
5115
4782
8616
5080
7099
9447
7442
354
4696
1790
7858
7180
5909
443
301
6297
7651
7977
4658
4485
4340
8980
4153
4914
9614
5257
8037
1356
310
9413
8973
2004
1931
1596
7221
9341
2464
8037
4734
1207
2265
4123
7607
501
7498
7369
3571
8779
8601
6882
3867
143
8684
4614
6048
6683
5286
2150
875
6946
5948
7899
2574
597
1912
2240
2498
2277
3764
7572
5256
7155
3165
9859
8098
6333
8681
6769
9968
6172
5865
180
4016
7601
3689
4175
1616
8441
5502
5652
6527
2996
7671
6690
3835
7847
2749
8040
1298
5192
5902
4469
3071
5729
2798
5375
9402
8729
7936
4281
6500
606
7035
5813
4735
428
1302
1050
3761
312
7132
9186
5400
5401
2573
3277
7884
1936
7583
8417
3444
6499
5135
6955
6515
5990
9943
1318
5830
5530
4028
5709
765
5003
9598
5983
5680
3353
3534
8604
3327
2252
2866
622
5146
8157
5920
9773
2323
3752
709
1477
8631
4943
5093
327
8563
7039
11
1898
5710
6696
6874
5178
5743
7819
9942
4975
5850
5000
1891
6360
9427
8109
177
4600
2446
4031
8348
7181
8971
8276
3281
6304
9935
582
8569
6609
3220
8637
852
4889
2373
6820
5135
598
3447
2830
4043
4605
6396
2998
6863
249
7859
8287
964
4211
8021
1274
9068
6252
4341
4788
733
7009
191
4858
6278
1402
7378
1888
5535
7455
839
4995
5065
5904
7561
5922
5182
8360
6186
6707
8309
716
2582
3163
9976
9811
3445
7655
2466
8636
136
2479
5685
1577
429
3144
6660
2370
794
3153
9279
3078
9849
8768
9430
2888
7603
8373
3120
7339
9153
9256
5607
9141
6820
9574
1875
4295
4213
7453
5764
347
6843
5965
9910
5532
2214
4731
5228
9027
3530
3921
7468
7225
6180
2609
7811
998
7978
9387
7820
5048
533
2863
1534
7059
4983
119
730
6153
6122
3785
6472
5676
773
8480
1236
6084
5623
8780
3792
5697
3323
8026
1322
8575
9953
2582
6329
8618
6445
4050
3609
375
4857
6937
4037
1192
9064
2463
8631
7710
791
9117
245
5341
5577
9992
4134
2481
5290
9548
1479
1985
6135
1407
3346
9144
3300
4309
569
4369
2521
7102
8530
3636
9741
6177
4215
3826
5878
6868
7257
7895
9443
199
1178
1554
5479
9401
2807
3984
4705
8056
637
3083
545
3310
3509
491
9998
79
8051
4608
2513
9088
6212
8930
9958
7835
9985
8370
8835
3547
5450
4075
2264
4995
4397
3445
8026
5413
6629
4818
3088
1493
3805
8333
1024
325
6294
5635
1796
6494
6474
7242
3060
9236
5779
7787
1825
3604
7306
2969
8861
8579
3262
4150
9325
8392
1928
5531
3016
1677
1959
4442
763
2443
6514
747
4089
6813
8317
6731
1949
4240
5849
5484
8227
9946
1232
7629
9826
3688
1816
3685
6214
9700
5485
1032
8012
7154
2022
2246
3024
5646
7399
4390
9717
7397
5444
112
2284
5481
7427
6623
4698
6718
7182
6048
7564
368
2591
648
3545
2085
9048
8691
3025
8226
4597
3645
7343
9087
8266
4333
8789
6114
8053
2360
9884
8008
8040
3870
4042
9395
4040
6142
3846
6680
1764
7455
5882
7064
8205
9303
8444
6083
8246
4077
4629
2888
2753
1611
3162
4641
2108
8398
1201
5406
8753
7639
9067
2334
8793
929
2608
3430
3289
3728
1660
2295
2120
9441
4191
2545
5990
3290
6587
9813
5371
8739
366
1523
1315
4202
4046
393
1427
4424
6954
2883
836
5222
3176
3758
9235
3583
6090
1598
8744
4450
1234
3242
1538
4684
9335
9836
937
3803
3241
9827
3669
8991
2318
7962
7374
5732
5449
873
5166
7691
3156
3584
4906
6464
6046
7338
9729
1010
6403
4274
4012
3358
625
7402
6769
701
5289
9370
1119
7813
5108
8372
7801
5874
6300
1599
747
4175
6036
556
2878
2695
8862
5905
9089
9688
7068
759
7277
8310
1161
9427
1445
267
4880
5104
6963
7514
4917
6471
1529
1263
9169
7514
7798
4158
2502
4777
2482
5775
3833
26
7090
8308
2877
7401
5873
6855
7191
8241
7551
4460
2283
7345
2901
2546
784
4092
4805
2237
534
5156
3138
6127
3963
6109
947
6124
7934
7808
5747
5241
462
2536
8239
5986
5473
421
9848
9688
9346
8266
6362
1867
24
5923
657
7529
308
1066
4220
385
3113
494
6843
2103
3667
9288
4053
3879
5992
4830
7810
3905
7076
5839
1609
253
1214
5895
512
8160
5694
6242
1913
2734
518
254
430
6532
848
5006
1452
3745
3255
2383
3726
1107
452
3614
5242
1903
3962
4000
194
9157
9573
7881
1357
3805
1113
6830
7991
741
4673
4537
1296
2429
136
9041
5328
861
7061
8105
8815
1080
6878
3564
9904
2934
4028
2446
748
1608
9364
5661
6092
4972
5901
1133
8284
5526
8270
5726
891
5772
5914
1897
5504
6177
6655
9181
256
7716
5478
8054
302
1362
4383
9153
4928
4097
5054
3746
3053
4316
6095
1811
3145
7751
1620
5013
9394
6539
1006
2032
9490
7215
6844
133
3719
1334
6188
8596
5279
3890
3968
2075
3483
9198
9098
2864
3351
7765
8920
5528
1471
5812
9251
4162
2756
7526
9958
5593
1124
1985
7263
5106
2863
9282
5188
1343
7840
3764
8532
8732
7097
4974
3330
2463
3662
8767
9712
6075
4996
3914
7961
2871
3419
37
5542
1216
922
3350
8929
4279
3106
5238
7471
1695
766
3481
6580
4474
1828
9057
5922
1602
6738
8904
7083
6971
8974
7177
4630
5194
5020
9807
4276
3552
6532
2775
2091
1000
9827
525
4311
9682
7695
1389
9997
918
4953
8157
6677
3532
1480
8873
7467
7376
252
5762
1884
5505
9355
5806
2410
3908
8351
3630
8193
2459
9777
1982
1516
637
6849
7065
7289
1173
6598
4566
6102
4699
2202
9420
9149
992
1538
8732
9150
823
8955
8272
8210
3994
4879
7559
483
8367
6616
1062
7588
392
6861
8569
6853
1792
7288
7243
2083
1108
2575
646
3671
7414
8807
9589
1783
2743
8689
6933
3258
7952
549
110
2379
7896
3196
4772
8740
7638
6650
602
1738
6987
7057
2202
3957
4774
8948
5788
5557
4705
3264
3187
8298
3224
4015
9378
4864
3864
3119
5275
2114
1596
752
3363
5727
114
7759
6726
5699
1445
8949
3771
2703
7827
3077
6669
8994
8599
3780
9475
5967
3529
5091
8660
1487
227
1434
1043
5524
5993
2455
5409
1022
4356
9755
8968
8914
5042
3713
7028
5170
9000
876
9389
7681
4671
8983
6988
694
6645
865
7345
6428
9761
6259
1779
1187
1056
4735
7045
2066
3645
6690
9031
8036
8324
3004
9036
1356
7198
1754
7882
8206
1865
8842
3915
666
969
8511
1834
1642
592
355
1012
5066
6861
8486
5009
9965
677
8344
66
5060
6421
8619
4325
6612
2642
1150
5964
353
2584
7424
7449
1183
7461
828
7323
3417
8380
8230
1628
9120
4861
7727
4630
4262
1182
6998
7458
39
5050
9479
3410
5850
4477
4794
7165
7545
3295
7574
8523
9310
6937
1597
4733
2402
5248
2250
6435
5074
663
8521
9205
1682
5714
2254
5401
2201
7563
8376
6424
5162
6536
2090
8166
2486
1618
6272
9802
9844
1474
5965
1571
1083
9024
1309
6965
7706
7246
2738
6094
2145
3524
417
8945
9263
655
4026
9740
8133
404
1225
6489
2563
556
6690
4200
4143
813
9491
9053
5017
9748
2532
5087
5020
4966
6773
57
1618
7765
286
2930
1742
6831
7463
2848
3844
2505
838
506
4093
2607
9243
1191
8841
5291
8779
1996
2519
3632
9852
7443
2190
3695
6146
7577
1929
3314
5574
9912
8298
6742
9520
240
5008
7424
4400
3368
1039
1537
3701
71
6991
7157
325
7618
6776
9455
762
9905
5943
2323
4523
9000
8741
8060
3161
1763
6297
6230
1547
5975
6632
1777
993
4688
1367
8634
1021
654
1147
9345
7271
9191
3689
2992
6711
4241
671
4546
4961
7726
9142
6046
5647
624
4786
3221
3169
7144
5181
5524
4229
9048
5143
4771
7599
1204
2722
1065
9490
2019
7947
4965
9429
9127
9289
6655
3676
2992
9445
8329
4649
2664
5608
6827
4350
2690
9477
1755
1227
9147
6718
2510
8434
858
4034
2711
6575
977
959
4994
9995
1130
4016
929
3802
5283
2117
1472
1512
1618
5912
1304
3000
4768
8357
4865
8506
9793
3243
56
3677
7351
8758
3199
5007
5348
1238
3214
1060
1948
3182
1026
7474
8530
6064
630
6324
4821
4266
3779
5235
9719
5751
5268
7056
6275
1423
1534
1431
7812
8494
7446
2579
6320
971
1245
2102
1568
7914
4348
4840
7455
6005
1690
5460
4108
7533
1200
3175
2394
6195
1292
1848
9811
174
8219
737
5988
71
8489
3667
5745
8174
2208
9381
5027
4863
6788
9641
1625
2786
6265
905
2326
8088
2861
2824
5991
3710
300
3941
4638
2851
8098
5256
5961
5629
7230
3801
1372
1301
3573
3615
3304
8392
174
1971
9499
9519
881
4239
671
7269
8214
1450
7837
4247
258
9786
960
6729
1529
7430
8170
3844
482
5052
961
3801
1722
9434
5911
3451
6902
4299
1850
5793
3265
1212
6577
650
3878
8021
9975
9153
5901
6857
1149
7831
3798
5965
5190
7301
8528
5321
259
1730
6922
3900
2045
1070
5392
4528
2375
1571
649
3040
1247
8751
9878
7486
8898
6725
466
2268
4152
1486
7699
5506
661
3478
4084
4731
4895
7348
5038
519
2153
2123
7010
8485
483
2011
3623
333
887
6319
4609
31
8986
1532
9041
4942
78
9563
7800
9448
7247
7450
725
228
9143
7945
8347
2088
8536
2610
817
3345
6715
7482
9496
8470
8624
9025
4155
7533
8981
399
4166
9021
4304
489
4447
4245
9328
6943
6566
3854
5127
4602
3502
4629
7320
5133
1235
9545
692
3595
6270
5892
8024
442
4126
3774
2023
1196
1229
2139
4405
5327
1730
2697
6269
9365
7054
1815
4124
3164
4085
2910
4381
422
5883
873
6835
5920
6113
2893
7318
9312
2940
278
5080
6430
9397
5940
2084
9523
166
7161
3280
5281
2275
3125
807
3308
3553
2421
9081
3473
3187
1239
2266
9418
7054
1191
9197
7848
6330
8710
4229
2437
6278
217
9890
5307
6089
7746
394
6878
9992
2919
39
5014
8223
4422
7981
1907
7201
1898
6715
5767
8127
6891
8025
8717
9793
1706
7422
5133
1693
8147
631
1082
1939
3010
203
8888
8576
7872
9847
5818
9803
3809
7079
8840
4916
8099
9146
6163
1834
1956
4055
9943
2909
8234
1686
2586
4160
1414
49
5287
6201
1367
8349
5364
4065
5654
2862
1282
7298
9406
3831
2171
4853
3722
7295
3763
357
7881
9320
7179
463
1054
3769
3123
3589
6441
621
453
7255
7796
9896
8454
8342
9725
7352
7985
9734
2429
961
5659
8813
4695
3656
9503
8741
9748
7721
677
9431
128
5411
6232
4481
5318
2626
1689
3
1896
7479
809
6146
5503
707
2616
7944
6809
6154
6658
4931
1623
8525
701
3103
8470
494
4928
2891
9839
6976
1472
1034
1880
5111
8517
3100
7609
4279
6047
9435
480
2705
2437
4937
4496
7012
3988
5715
6299
7631
4194
6210
1805
8827
3684
9154
4196
4552
6275
5266
3307
7922
3798
4412
535
2153
4042
7334
7421
4842
2670
7232
4459
5075
474
2097
2371
3176
1977
4054
51
4714
6217
2116
6486
9866
6911
1202
6857
4795
5260
3141
622
56
4119
6560
3574
1952
6854
5375
4232
461
6363
5429
1577
9277
2442
2668
902
7125
9418
3359
888
1620
9732
9569
1673
4347
9090
8605
2679
1332
8292
3443
7055
1846
8915
4178
205
2225
2506
1820
4909
2262
1257
7603
7209
6835
3536
627
5300
2857
1003
5916
5067
4412
3615
2804
7455
8335
5385
1124
612
6303
8115
9157
369
1098
7818
4317
2668
2194
97
5947
1238
4679
2471
7930
4787
3584
2705
3305
7035
3188
6910
2438
8940
1056
7254
4941
4971
8802
1098
8193
9709
6448
3074
6447
2459
1400
6979
1271
7535
3928
3526
162
1642
5149
2006
4129
589
2067
6211
7601
4265
4266
8589
1798
7090
4276
1039
3190
1465
9533
8109
7443
1551
6772
3940
6346
2943
5796
4655
1296
8767
7441
5201
6173
7709
7088
3068
717
6808
7749
8587
1468
5567
820
1691
6942
3332
3630
8979
6585
5836
1638
7238
7233
6024
2999
7368
5414
4605
6572
2132
746
1339
1578
3124
2560
4084
9307
1851
346
7637
3776
3877
5323
8373
3094
6457
9461
7991
1900
5539
7130
3317
2606
3901
1158
3763
4887
4307
346
3944
6882
1967
8533
7635
7672
6013
430
8216
6733
1506
6914
6700
6071
2615
3056
3518
491
5616
1342
629
6628
2971
9490
2271
1083
5503
2873
8272
5473
4207
8345
9967
6034
9947
5874
5571
8536
8863
4605
7657
3001
2289
2127
9225
7810
5564
8849
2781
1344
784
2727
1566
2798
6263
867
8098
6457
8817
9731
289
5227
7299
7874
5525
8019
1506
5988
5166
1787
9592
2609
1719
6227
4172
4229
3945
447
1371
1952
1565
8365
2185
5163
4690
5447
8903
4439
5814
9711
5133
2454
6184
2177
8925
5432
5082
2974
4142
7560
3027
7422
885
4242
6473
839
3328
3544
6953
9527
6475
4422
1307
2776
524
8253
2988
2378
916
773
5328
7241
1806
8785
8684
6011
5549
2816
3269
6017
9412
9560
5716
7996
5925
4442
6384
2445
8482
3911
8096
471
2055
8456
7833
4616
5755
3290
4987
2168
2306
4762
6724
9980
6192
8007
1534
8851
3857
292
1582
4077
4843
6178
4371
3897
3810
5637
8381
6923
356
3582
1235
7633
4256
3170
6110
5695
3761
3513
5424
4170
7859
175
5191
7654
7238
2892
1856
6323
1332
7936
2012
3942
2722
7843
2312
5000
5825
7350
94
4773
6445
2790
2773
681
4701
293
7694
6177
3988
4945
8505
2106
8233
4280
2347
6085
4319
7314
6426
2441
5136
5596
2089
3874
7390
961
6687
9483
