9066
500
272
8761
3548
1093
7061
8862
7715
4250
3071
2914
8715
4459
2926
999
1829
6977
8347
6563
521
8471
9518
4299
1292
4680
5110
2373
6617
8753
8308
8068
8935
5222
4484
2725
9251
4507
9521
8489
505
1821
2705
3624
8092
2102
3466
4552
2671
2742
447
7193
775
3074
1292
3804
8919
2325
6953
4825
7263
5435
5960
5887
9396
7577
593
1198
5704
6151
6322
5970
5214
9341
590
4270
1976
7334
6731
3927
6262
1214
6024
1488
7943
9289
6048
2252
2741
3051
918
5717
698
3695
639
7942
5664
1139
194
7293
7142
9616
8892
2768
3063
1372
1270
2975
1528
4465
4077
1822
9823
1378
7030
5083
8248
2973
9344
702
6368
4891
7089
2236
9164
4292
2440
4107
6069
6802
9912
2674
559
5779
2853
8750
243
8373
4456
4030
5107
6678
7036
2969
9329
5619
9868
8746
7202
6741
3711
1705
4833
558
8521
8895
9236
6470
5941
8996
5571
7965
9345
5113
6269
5629
649
214
1909
3088
6157
8513
2500
4716
6971
6544
3165
5408
2468
8359
7530
7324
4043
4626
8536
7422
5420
7886
1201
3550
8303
8777
2391
8918
6277
1761
8248
2115
881
2458
7839
1165
8562
3891
4546
1160
9041
539
3089
3007
4256
7290
3662
1914
4402
8911
3825
809
9877
9760
8392
6615
4870
4611
700
4277
9544
238
1945
2259
3508
1749
574
2325
2946
4568
6854
59
8133
4916
2489
1113
5414
913
1143
8710
2468
9697
1854
618
1744
2503
3579
6949
7855
6272
9595
707
7942
101
353
4747
3340
7763
3848
4371
5614
7368
2038
6864
5736
5070
3682
5539
7640
8864
6646
4256
5723
5974
9575
329
2455
2552
6698
4150
9638
67
5163
5317
7494
9224
7775
9074
1459
5830
8255
4054
5976
9668
4192
3139
8697
6230
4243
8888
9500
1463
1025
270
3323
1348
3277
798
6408
2295
6879
4277
682
3733
9262
8995
9279
8410
4848
9028
4318
5133
4291
6042
2868
5701
7799
3824
1142
4895
388
9902
6760
4692
8235
3151
1354
4141
6814
5385
9936
7
3010
5564
9485
7269
5755
6499
6250
1800
7323
7559
203
8625
3364
2882
2178
2298
8115
9157
9393
5471
6939
3871
3305
1323
1217
1895
7384
6809
8515
4670
6587
429
654
8381
2780
3624
7885
3434
8659
457
4066
4464
7939
719
3478
105
8945
6674
9692
1083
1962
8291
4054
5108
6784
4052
492
3444
1980
9944
2458
5679
7483
4061
1019
7861
2895
4201
2693
4618
4550
3697
4880
2447
2727
6853
4703
6614
2152
4235
9178
8331
1743
8293
8198
335
3769
1596
3376
7319
4617
5025
2795
7693
8326
1414
1507
6793
5844
6151
7670
5113
3351
3779
2055
9259
5670
4910
8076
7778
7595
2975
9993
2763
9005
8156
7452
6217
4069
5179
2493
1223
7966
612
3304
2234
8524
1399
6647
4650
7069
2637
7704
5654
9816
5434
9872
8629
5364
2325
6781
5361
1788
2320
9238
6583
513
607
771
9190
6914
5703
1417
5793
9289
1253
4083
2748
2518
949
9198
9306
8710
238
233
6296
6364
3582
1726
9883
4758
8293
7383
3734
8682
8503
843
3461
9230
142
7164
3571
6067
9174
853
2023
9979
7983
1978
5831
80
1999
6774
8555
6539
2856
9987
7888
182
4018
5180
8028
1631
5429
9581
800
7384
4566
902
4507
3855
9969
2489
2828
6715
400
6056
9499
1536
5239
8947
2644
2540
8197
7358
701
4293
735
6600
3193
8050
329
6276
1876
6186
214
4681
9187
4643
7443
7482
5484
4879
1946
5419
7362
3250
4870
9009
5002
974
3258
5065
9246
5777
7039
6687
4188
7744
9475
2738
6796
7693
4310
1874
9209
1325
323
5862
3279
9967
3252
2727
2119
7309
3561
4939
7926
4782
8138
3658
3524
4593
9916
796
8957
3343
5817
8465
1231
3239
501
2957
8243
2664
7113
9042
2797
7303
713
6343
6247
5261
2400
3094
9221
3686
9160
2787
4874
653
8331
7527
5306
1318
591
6604
4895
3392
5642
2889
4817
3499
6969
2427
6288
6518
9739
9473
2129
55
6854
7825
4602
6434
3311
8486
9228
6936
127
8107
2116
5318
1161
6588
3460
8766
1422
6726
9370
7289
5309
9361
1415
7536
4006
7677
7013
7476
3377
7673
5977
94
81
4754
7652
1501
965
8092
8855
6799
4912
1774
8966
9919
8055
9493
1365
3050
8576
6176
2890
7538
9532
7187
3322
9118
4364
2691
6059
950
3464
4892
6460
911
9309
7729
3384
5777
4526
9999
905
6420
3953
7834
7456
8482
3491
1559
9052
5301
2225
133
4045
5169
8503
3879
6406
6194
1595
7861
915
6
8599
919
9954
4978
1401
7238
341
3013
7410
2263
5634
2150
1680
749
6559
6504
4048
7669
8108
169
9272
6920
3400
6520
3042
9047
7849
67
4397
7612
9214
241
8579
2019
3892
6495
4442
558
8931
6635
2583
4601
3646
6160
6323
8837
4532
4693
2479
1910
8817
2421
7310
851
7501
6937
9361
3468
7604
857
3140
417
2704
4564
463
9243
7654
8122
8570
4212
4677
8987
9245
4177
7376
9107
8592
5724
1562
9173
1777
4298
5329
3661
3593
4447
5891
7754
7141
402
7160
1453
6868
4036
947
1531
1609
2159
8187
8140
754
2716
1662
6236
3484
2967
7160
850
7847
9681
4122
4324
2524
8595
8264
1535
9627
3069
4342
3695
1581
4827
4588
837
4365
9020
9815
319
6081
6840
2511
7480
9138
8948
9810
993
6243
9862
4133
3842
8582
7243
8272
7258
1384
8162
3870
3217
5490
4145
5951
9206
8877
538
5310
1600
8419
9567
311
9065
89
5840
8373
9934
522
3920
9600
2749
5153
1348
299
5786
6354
7518
8910
6823
6059
1667
9834
9445
2342
3579
2160
7696
9369
8468
9215
1013
350
3030
9500
96
5841
237
7496
9394
467
490
9107
1160
9942
944
5419
79
5415
8988
153
3493
7995
1253
4901
6339
3084
2547
3927
3493
7350
6594
9537
5791
4053
2563
7555
2817
5638
3496
7907
1917
6813
874
9253
6882
2803
9766
7737
8530
388
48
1624
7369
7864
4374
7476
52
6059
6078
8301
9132
5051
603
6056
9107
2024
9782
6010
6053
3632
1682
5112
5784
9194
7176
3113
3669
9082
9257
4843
9366
7777
6003
8441
8659
8290
5183
3963
4342
8710
1901
8444
290
7209
6792
8174
2495
5944
3571
3392
4915
7243
7228
9166
5460
1918
7869
8128
4400
9018
7627
4105
1896
5142
9680
3203
6993
4424
6625
4678
6491
1935
6973
5521
866
5050
4341
480
5564
2361
5635
8943
1658
1789
1866
2402
640
8861
1768
8306
1211
6421
2515
8298
8588
4113
9529
8076
4547
9843
1716
4634
308
7241
9971
8427
1114
3237
8992
4157
1516
9482
4446
807
781
1427
1397
3502
1060
871
2463
2040
8606
6926
8433
2382
5973
5541
9597
2962
7568
8980
2045
5482
1295
4116
7251
1217
1461
9594
8395
6940
4214
717
1231
3484
8957
417
8798
8243
8549
5677
2681
2285
424
6338
9582
7171
4678
1880
2738
3506
7357
9465
7192
6160
7007
4491
6813
4657
6552
7805
9802
4376
4061
3253
9529
4524
8734
9117
7776
736
6170
3693
5460
3001
8544
8815
4562
6472
494
3805
6879
5293
9596
6767
4129
1435
7963
9568
7656
1519
3666
7951
6669
7905
3835
4411
8539
5028
4943
7332
9027
7169
7805
1711
7895
5274
3416
4623
7743
4066
7868
7493
120
7870
8231
59
1643
2674
522
3165
4788
9550
3614
3220
6482
6830
9455
3711
6805
8288
4886
2159
5566
8228
5518
6029
4293
3794
1732
5180
4587
9797
5567
3704
2610
5265
4819
3546
1401
4059
3240
8115
7118
5721
6439
5922
5260
2661
1732
1163
1119
7200
6239
7612
9431
8820
4238
6468
6429
1404
3501
452
5207
7800
2505
3794
6898
8645
6101
4348
970
4966
6227
340
7024
2737
7746
6293
8479
9744
9153
2753
1322
9235
6006
9425
9632
9197
7302
5169
2683
8749
8388
2259
2289
6651
1931
6726
6468
8745
1475
416
6663
5383
1653
3698
7993
9727
967
5216
3823
5300
5481
5413
6815
167
1478
2756
9531
2913
808
7123
2444
9132
7950
688
3241
1832
4303
1306
5207
8587
7312
4263
403
2901
4647
6406
3306
5512
4304
7530
8547
2755
9716
4128
49
960
9936
1482
8018
5712
2219
2265
9234
9609
4035
6045
2617
1919
8167
6977
2794
2052
2433
7293
6267
7260
4728
2518
2748
5660
9181
377
3948
9409
6161
7838
7149
21
1231
3601
6675
9078
3294
7376
9716
5518
1387
6544
8537
38
6505
6627
5121
1710
2541
9035
3499
4840
8384
5415
2416
9758
620
6276
4964
2978
2430
8713
4717
9110
5660
7724
379
7754
2753
5790
7380
5507
2596
1567
4931
4918
1960
7278
4113
1705
9349
4072
1120
1098
5102
2961
9914
7066
9752
4004
9048
5556
7588
8476
1052
4382
8358
3387
8014
9405
3798
7862
2887
236
1030
216
6682
3420
4599
7237
3965
5962
8500
8726
1319
5062
5576
7729
1101
7456
4263
2784
2001
7200
8321
828
6885
196
8264
2033
7274
1872
5102
3195
3448
3628
9907
2722
2470
8254
885
2235
529
2377
8567
2860
3390
7383
1075
9264
8399
2684
2342
8145
1185
2709
742
3298
2622
7371
8989
525
2903
6479
8485
5532
9878
588
5181
6156
281
2702
6030
1122
2306
1130
3042
96
5166
9490
6955
5260
9960
2780
7095
7407
8581
1485
7228
1531
8162
7601
7538
466
823
1548
691
2467
1454
6386
4716
1406
5830
6663
7988
8170
9877
1172
7913
1704
3039
7834
3054
7501
9396
6871
8235
3957
8406
1576
1565
2897
3061
8688
1148
4467
5565
7807
573
1474
2074
9579
7840
9832
6041
4232
4421
2859
2870
4659
2766
8453
5939
3166
3467
6157
9550
3421
9012
7608
8954
141
1430
4498
1455
505
716
417
2080
7971
7868
3487
2101
8620
8182
2317
8547
2714
8334
8737
6531
8816
7834
4310
7649
979
198
8831
1251
2392
7580
3192
7876
5684
6838
3728
9245
3062
1543
2169
3519
5185
9919
9313
4604
6443
4829
9868
4057
3499
6444
5373
4383
3087
7304
4944
9064
199
9158
4145
4082
8189
6127
7705
8247
5367
8621
3441
7014
5470
1832
137
2781
2092
7656
2286
8529
8679
6793
7855
5306
1366
6842
1448
7360
1106
6017
7241
4169
6435
9464
4004
3731
5494
2779
4570
7328
7134
4528
2233
5715
6885
7351
5339
3276
1571
211
3170
9414
1384
173
1515
6644
3859
5122
2922
2824
9868
5713
3922
3782
35
3554
7891
8585
8509
8301
9414
8932
7302
8524
9250
7474
9605
4388
877
131
9144
3296
8049
3904
2611
5007
674
4910
7712
3741
3412
6477
2216
3364
976
799
8445
1014
4035
5003
4266
2479
307
1942
4790
3011
1297
1769
158
3020
8844
7268
7225
8285
4744
7999
8716
9885
4855
5063
3446
554
8848
7753
3740
9329
8731
2959
9922
2455
947
9253
4139
2545
6535
5795
3366
4145
7594
7578
6610
5079
6988
5561
9251
6801
6008
2128
6642
895
624
483
6759
6102
9033
1580
5358
5987
3478
8739
6182
1582
4027
572
9794
9353
8749
3019
9578
2712
1229
7777
8345
2597
9919
8214
4427
231
6506
2167
4826
819
8060
5128
9594
1480
8546
8459
7343
6
6897
1938
9926
4795
9403
4164
1844
7783
760
57
9305
7812
800
7791
3363
6462
9447
2851
8319
9147
9221
7688
208
6834
1999
3874
3334
7371
7607
8262
4572
4655
7360
6333
7333
4164
4649
1810
4666
1659
1621
1870
1889
1237
5885
7988
6868
6374
1146
4037
6837
3872
6903
323
8150
3423
6969
2462
3315
4616
2021
9616
8778
1467
473
2150
8609
8079
6099
8654
2570
5840
3847
7581
9308
811
3077
3413
4069
5631
2954
6720
3922
6890
8899
4862
2113
8903
8387
5824
2250
5217
5039
1620
6090
2466
5901
1079
5557
9093
3984
872
9483
5309
6380
436
3601
8640
2647
8672
1304
3775
8986
9053
9713
6703
6385
7261
5344
172
1075
9085
4151
7535
6920
4854
7966
1069
9752
5326
8251
5311
935
2140
6389
1575
4597
3070
8844
6507
3576
5621
1198
1822
8217
1971
7976
5892
6497
7037
4188
3783
2182
5966
9472
2213
9647
4224
5093
1933
6693
5762
6452
5261
4
8855
48
6585
3078
1353
2098
653
342
8416
7189
96
7410
9525
8141
634
1602
8161
227
6218
1877
8363
5480
1527
3732
5497
7358
3197
4945
3401
6247
3805
4882
9018
6405
3636
840
7631
7147
1973
971
4512
3208
7643
97
2035
2384
3388
459
5955
4481
3707
6975
6989
3660
6470
4691
8438
7195
472
3282
6007
4504
8353
5827
9521
3626
5224
3809
5776
7439
7290
9157
272
7966
6984
6933
8113
7774
9249
6392
7578
8287
7997
2669
3038
6532
4413
8839
1386
4477
6123
6704
9459
6682
1019
1706
4879
7345
8717
3482
2304
2357
5121
5224
6856
9778
7902
3051
7055
1858
3754
9512
423
6775
7557
8804
4535
9635
9036
1217
1383
91
1117
9216
6031
5403
6058
3034
6611
8887
9288
7514
1197
4667
7905
8414
4370
2050
9728
1186
4239
5189
7464
619
8901
5764
5697
2068
9544
7405
7870
1215
1378
876
4652
4433
1312
6537
2567
5136
7609
4840
9674
7213
4570
9102
8427
4367
7285
4145
3750
7803
5063
8684
4047
4707
7845
1698
5237
3383
5775
1948
9732
1594
419
7348
356
9093
4792
2343
4870
373
2317
3967
2383
779
8401
3718
7301
2500
8804
9038
117
2079
8840
8918
7354
2603
6528
3554
5133
3249
5336
5426
2534
4365
355
5767
2086
6873
1365
3213
8318
7265
3984
1727
3032
5883
456
1613
7520
5363
1860
2687
1932
4024
5647
2885
4366
6968
7629
5745
8073
8534
2974
3968
4077
4109
9445
1214
9414
3669
3846
7289
9456
735
8609
5673
6228
6070
2736
9097
292
9320
9449
7536
3680
9112
5769
3186
2660
4064
367
2804
5394
9044
4888
8598
7924
3593
549
5560
84
244
8717
5239
6044
3118
3230
8050
3563
1303
1715
5840
3407
7543
7368
3259
6915
2864
9693
9329
4643
6107
3958
9804
2821
6216
2884
941
45
908
2704
7633
7277
147
8100
4687
8592
9667
5370
3934
2628
5886
5508
3221
8095
6983
7182
2051
9187
4622
7896
3269
6908
9819
2443
4868
2438
4082
6237
5905
5019
813
8323
6138
8697
1417
6632
8068
834
1697
3734
7371
6438
7197
3690
2810
4667
7567
786
9579
6773
625
6798
695
3592
7001
8575
1394
779
8648
353
681
7281
6558
8071
9588
6778
6917
7175
2054
7575
6912
1751
8902
5588
2262
3976
164
7799
7512
3500
6188
1767
7547
8347
95
2074
1897
54
4196
5431
5053
3358
6649
9306
8673
8239
8242
3639
5587
7648
7167
5512
3321
746
5031
3602
8051
5412
8813
1900
5209
8458
2377
2743
6405
2307
4396
9069
4726
434
8598
8767
7355
9953
120
1682
3772
5482
4777
9855
536
8638
5057
8308
6316
5232
2687
5341
5768
4196
3722
1587
7997
5835
361
2697
4134
3099
880
5322
4847
3718
4973
3726
4706
4079
5183
9169
8342
318
9010
1890
199
7742
7327
2336
790
2959
528
2028
4027
9795
3585
9714
3892
2309
1270
5841
2496
4253
4016
7637
6934
6205
9370
6478
3957
9443
1312
9586
7086
3869
9759
1480
8660
9510
9141
1405
2693
4881
657
6801
5967
7067
6238
8829
5979
258
1962
1399
2658
8598
9011
5782
9421
9636
8729
2649
8640
6094
3638
9523
8867
5209
7739
543
3342
2471
9090
6759
5939
3530
5504
9494
4913
2346
1609
277
9203
919
3912
8352
6329
1738
3551
596
8165
3704
6406
1377
6927
1068
9068
6138
1
6389
2063
4305
5667
7751
7942
1344
9302
7339
3824
6032
6042
9217
15
7516
2878
1438
2209
7573
4991
3927
4185
4485
7616
9987
3585
7568
49
1222
2427
3870
4171
8522
4094
8847
7672
1526
8071
7359
2544
8442
3349
3269
378
639
4887
3184
9029
6248
9471
825
6275
7618
7497
1752
4974
660
6440
9011
1721
8513
1306
7140
3893
561
4656
9089
9233
9326
1953
8441
9579
9075
6993
216
2682
2238
2903
327
3809
6839
5365
117
1656
2101
6883
1802
5036
6369
411
2264
6997
2167
1233
4485
5239
4590
8845
1713
6967
185
518
1884
1382
873
7022
1275
4986
1350
7243
4650
9257
935
6292
9203
2037
1703
7196
2139
2818
9089
7967
7194
3816
4423
687
2703
7593
5526
9366
7845
7945
8707
5949
745
7789
1847
826
329
2788
8047
1196
7480
2536
2323
8368
9567
8217
9371
9893
8680
9939
4294
9719
3475
2908
8083
9320
8134
8357
2230
4955
1485
2976
3246
2144
8952
2172
264
8424
5742
716
3135
820
8641
6558
8925
3663
101
1352
2573
457
5056
5865
66
6055
1850
5938
6779
1882
1387
8852
1855
4214
1044
6467
3738
7959
158
6944
3629
5969
9221
3610
549
9769
297
6450
3757
4399
2415
6507
808
3310
5346
1710
2177
1147
5927
141
3341
407
8682
7714
2056
3676
6412
7082
5988
9122
843
2158
7658
8465
162
4028
2627
9004
8614
5563
6160
5054
3625
1842
5468
4176
1585
7049
5520
574
1516
4546
4068
5605
8864
2303
5022
1969
9193
5390
3337
4286
8403
6032
5612
9313
9945
8005
4611
6071
4109
2748
7465
8146
2667
6948
8256
3622
2986
6343
8442
3153
1672
709
9698
9904
6561
5872
1936
2766
4000
4233
9312
6479
1899
3725
8688
3103
3617
5350
9599
3031
6349
8403
9129
8523
6679
5087
9065
4881
9315
2554
2067
5345
573
8968
8750
6245
9743
9118
7155
2208
9964
8787
5594
2299
7228
1476
8104
8757
4980
1042
4398
7168
5330
2854
7487
430
8912
8734
8695
9247
9099
2396
1056
2872
119
2999
2328
6156
6388
144
2587
3669
7587
563
6039
7014
6880
2939
8581
9624
233
7998
831
2479
5267
1087
4489
1185
1906
4419
1161
2695
2584
8599
8723
2381
9870
1969
5901
4629
4964
5435
4329
7325
3997
1412
5923
742
1432
4811
4581
28
5058
3479
1686
1667
8785
3215
3947
6672
2751
74
2870
3984
402
281
9082
2101
9545
544
7964
3550
7015
4767
7196
1218
7331
9873
1576
427
2448
5253
8901
8182
3849
3652
8090
9236
911
7255
3459
5885
5117
8131
6264
6165
6884
6230
7539
2354
9727
7743
6420
4153
4474
512
6083
7786
4112
3559
5109
1999
6564
8506
1341
382
714
2791
8733
5879
6
5737
9196
395
4155
382
600
9054
873
6848
6701
9066
9683
7976
9666
1965
898
5512
9624
6095
7381
7423
2065
8786
792
3958
7149
1074
9130
9999
6880
721
6321
5920
932
8385
9646
4764
8731
5720
6134
9499
7206
9831
5148
69
3927
9911
8811
4985
6283
875
4336
5611
8020
7807
2067
1897
3352
6475
3131
9589
1273
2833
8107
8678
110
1606
5244
8684
9040
5004
7102
9740
8928
4751
5076
9790
2008
5439
2456
6910
7205
3445
6283
3289
6044
2849
2374
9580
1824
1795
800
6858
3839
2604
2772
2065
865
8354
851
2115
5881
4144
4775
4584
702
2307
7940
2865
8490
26
2645
9359
6703
6280
1408
2727
258
6193
6206
3820
838
7266
147
972
9763
4334
453
925
9265
4476
8855
8488
5351
9544
2246
9153
4615
9862
3751
1710
3527
897
7158
2440
2487
1725
4108
3817
4927
2406
4229
401
9385
1438
8777
1660
31
7002
8402
2034
9308
483
1902
5653
1313
8258
4502
1778
3604
8431
1905
4336
9585
5198
4163
3794
7903
353
3752
5857
6594
8839
2084
6903
245
8756
283
3184
7288
2801
7496
1768
346
7933
3528
3151
1167
4270
627
48
7999
7742
4058
3063
5371
7112
1736
5818
9840
6770
9171
3046
4244
3203
6249
9773
641
4645
4954
8455
3959
4004
5330
2836
8539
4932
3376
9367
4259
5162
1454
9871
377
902
7720
9782
2175
8046
6539
232
6922
660
3971
9753
9183
5367
4101
1938
1045
2634
1634
6467
1858
704
2733
4827
8860
3870
4775
6294
4601
2675
8167
4909
8705
3341
305
3204
155
4033
4804
1746
3155
9266
251
85
2175
1559
2210
8390
3674
2511
1298
6039
7701
8737
3667
3430
3391
2172
1613
2461
2649
3733
7081
149
7810
1555
4472
395
1137
9394
690
8653
2988
9661
9022
4845
8225
178
155
5480
6805
7768
6494
3669
3061
9165
1800
2125
4245
2912
491
2725
3706
1037
960
437
5343
5805
3133
8921
3224
830
8138
1978
1724
7401
9221
3995
9867
5791
1104
4373
2119
8558
7346
2659
3140
2459
1765
519
480
5157
3220
3812
989
5509
3473
6892
1973
7189
4126
8346
9327
7150
7908
9225
9285
4038
5872
8676
6795
8510
8688
8175
3586
4929
8609
3926
2228
3809
5134
4910
72
9510
6655
6249
2617
2927
3947
2441
4662
8909
1503
2452
3487
1879
46
7313
3185
8948
380
2335
5024
9453
5972
1641
9009
8806
4780
1261
9472
581
1172
9111
4163
32
6516
2108
1840
199
2127
2466
3640
5713
9991
447
3955
3691
3519
9322
7304
3417
5731
6564
2386
7371
6562
4313
3626
9208
3683
2590
9036
3269
2936
5180
1160
5744
7510
2469
1999
7553
7672
5076
1376
2363
8968
707
8232
4864
5907
8086
4739
7594
1439
3079
5685
5828
9321
3266
1244
2690
3825
3745
7881
6974
6251
3426
4415
1973
4449
3143
749
4396
9521
9851
9083
5486
6221
895
1036
5381
8721
2841
2862
5193
4253
2948
5536
2274
4439
8720
6175
9726
6369
870
4138
1493
4825
8588
6499
6421
7048
7479
8359
606
8904
7284
1786
985
8119
1636
2581
8368
3709
8432
7793
9813
6420
8032
1850
5090
4452
8139
2601
1040
5660
4169
1191
3878
4510
7068
8849
5126
8535
7169
4375
6235
5199
3727
557
7672
7017
7913
5536
2899
7597
9888
9187
3460
9701
4327
472
8992
1017
7014
6289
718
7920
7630
4512
7431
5545
6030
59
826
5886
9702
4970
9284
4089
3584
9872
3439
9545
3960
3067
9536
4049
2377
6248
8672
5784
6556
3472
9476
5356
7695
5944
6836
4118
9030
4700
8875
2026
6068
481
4875
3043
4583
931
5633
3681
3099
6284
9131
3322
1434
3819
3578
5624
9469
1779
2750
6419
117
3749
7171
1436
7601
96
181
4998
8268
4202
6982
2579
1949
698
6157
688
7637
5888
5339
4866
9913
7865
2352
9047
6708
6812
8783
4595
9537
5588
857
6490
4209
6948
8125
5440
8541
5694
7364
4396
8216
2289
2265
4434
912
285
5226
5570
9825
2352
931
4596
7989
3358
5625
482
4825
1261
5442
7825
7542
9343
9759
7415
3445
4206
4550
7931
5657
9012
6225
8572
2350
1067
645
8637
9815
4904
2774
6110
1381
348
7566
453
1454
5744
3848
1382
4506
1750
746
9726
1203
5577
3301
8596
5258
4301
9893
6916
6093
7578
8463
9644
5987
4569
3052
7996
4262
2088
4128
7548
3471
9231
4732
5987
1031
3504
5370
5797
3021
3715
531
702
9709
6280
3834
4117
9755
6642
979
9560
8476
106
3413
3861
5220
1753
1557
3177
7446
2306
8326
1269
5629
6115
1062
8928
6575
1831
5818
2785
8422
3867
6811
6263
281
6528
3454
8003
6908
8042
305
8030
4212
6040
6132
1738
8965
7268
463
6072
9509
3755
25
9937
7925
6728
5811
8301
6283
7706
3409
1291
2067
826
5148
7619
5988
4132
3570
4059
8192
8726
6637
3905
9145
3712
8813
4539
8044
4690
9507
3034
1193
3988
1497
7969
632
6595
5542
9615
4796
2420
8067
7016
969
6862
9850
9513
8915
7989
5149
5044
8246
3921
3098
1250
1137
6125
2270
6051
7457
810
8803
2509
3251
4008
4271
5329
5179
7121
4046
6272
662
2025
9892
3354
4624
8264
6026
2803
5091
4505
6010
6678
5728
9083
4026
1774
9253
7177
8505
8215
479
9958
4119
391
5362
7535
7516
5649
3167
2544
2196
8132
2613
1993
7552
279
7505
2499
4183
1368
4349
8724
2298
9769
3317
9755
4939
4892
2441
997
9860
4658
3109
4276
290
9849
1674
5701
4880
8008
5760
2471
3188
4308
1114
194
7011
5830
9828
6462
2384
566
7752
9856
8800
2532
6755
7878
1521
7381
99
3714
6914
945
5147
7202
3144
5259
9536
6811
5098
2794
8950
6315
1622
5785
9084
2974
9726
5038
7719
778
8338
5032
1665
2855
759
4940
8221
5798
9589
2687
4965
3795
9043
1069
1536
2366
3871
559
2684
8830
3448
522
7035
9975
1017
3603
792
1028
8588
9505
8305
3008
6308
5714
1714
9552
7562
6312
7936
5129
1496
5898
4927
8236
3917
2325
7664
7334
8330
4904
394
9663
8370
8264
8440
8690
3361
6468
4210
9627
7123
7042
2068
2821
1123
7855
297
1491
4013
3122
7637
9761
9859
8533
7509
4928
5437
5602
118
1298
3822
5446
5908
1343
4642
8414
6692
7603
9289
161
982
3386
1632
8548
3446
1367
1274
4786
9456
6540
6145
57
7806
8629
235
9505
715
6865
7572
9629
549
7141
411
4750
815
5105
5958
2510
4263
4459
3535
8692
8575
3480
4045
9593
4367
50
1656
4853
6258
5135
8363
3552
2469
3886
8584
3351
9162
9272
7987
2139
4353
8263
5813
7335
56
1503
9268
6489
9120
5213
6764
3030
9199
353
9863
5468
8114
7977
2662
3584
9187
8601
5708
6537
7007
3029
9499
5038
8571
9738
3780
4053
4914
6366
4374
1627
2105
9676
4719
5095
1
2669
7069
5094
4053
6979
4044
9906
2145
1619
5474
4327
109
1610
9971
3757
2493
3346
5443
9120
5533
8230
6650
3207
7806
1404
3008
585
4086
8373
6655
1758
9515
5499
4720
1361
7908
1477
1040
2752
604
1616
1372
7892
8310
110
2825
2863
3825
7738
6619
8226
9954
4851
3300
6316
9371
290
3082
3402
2631
3149
2076
3156
8980
4897
6839
900
1777
6417
270
1914
1961
7248
903
9416
5486
3605
4653
3343
6801
9969
9029
9463
1111
8793
3372
1141
5589
4069
958
2757
9309
5848
768
558
9883
6212
9105
2295
8458
9613
6713
6223
3437
4931
8189
3076
8679
5318
3809
8424
8377
500
9426
2518
8849
7667
7090
4379
1340
4812
6238
4729
6086
2494
5745
5926
1868
4210
4746
7213
7400
5094
60
2429
1898
1636
6475
8983
102
5541
341
9664
8653
2334
3682
9732
4427
8690
2662
7302
2319
6578
7249
8317
2138
6333
9743
2436
4479
452
5730
4470
1854
1972
3369
9070
9935
8554
7514
315
7874
9194
2372
2032
7443
4316
2869
9597
7496
7065
3074
7360
2384
5275
7021
8524
5427
1504
5177
2118
2442
9948
8058
4820
8845
1793
2533
6615
7316
6001
2861
4187
5160
2321
8946
6878
5999
1226
7761
4811
8923
526
1757
3890
4423
761
5165
2953
2453
8057
3620
1005
5995
2797
8911
1225
7408
6764
6740
9509
6358
3863
7198
1688
9315
8099
2218
4049
1843
4994
5015
7492
4866
6576
744
4898
5413
3581
3448
5732
3005
3868
2323
1653
4649
7255
596
49
379
2474
5760
731
1920
8486
2472
2577
9748
624
6966
8553
7530
6809
4544
3612
4544
6790
9110
251
1189
841
5988
3988
7372
8960
9028
8506
6619
8183
4207
3684
1378
1398
8286
5893
5837
2303
3986
8015
5609
5142
5633
535
4417
963
3559
4228
4955
8494
4901
3461
485
3714
6995
260
4129
33
9647
5976
5730
3303
6986
8637
696
1521
9573
3745
141
849
5380
7739
4964
4708
4988
83
8611
3303
8467
4353
49
8838
8943
9908
6621
1663
3432
3019
1789
1065
1640
9558
7569
7057
6819
8659
3474
4886
440
629
7165
8127
6690
1019
4162
4892
8627
4183
1648
7011
5236
9986
8545
4417
8611
8703
3810
4985
8767
6854
5635
699
7480
6838
1457
2991
5177
4589
1954
4413
4632
8558
8345
634
5778
8730
3508
9814
2933
9641
2493
8758
2617
9511
2781
4034
5275
773
673
8909
9583
397
9252
1778
2894
9027
1118
6556
9380
906
1090
798
2174
9645
7192
6072
7074
9474
6119
4864
9916
5897
5425
2217
1507
2954
4812
198
7131
1509
70
1802
5151
7438
5998
6287
2276
866
9183
9036
7996
4819
4178
4602
918
6915
7837
2091
9636
4272
6355
7114
5201
5395
5969
536
2859
2411
901
8859
436
6383
65
9968
6344
3446
6359
4645
989
8837
5956
8406
5905
7232
1020
4169
317
4815
2997
4020
9875
8927
5520
2885
123
3446
6597
9802
719
5621
5296
7054
3982
6469
1234
9853
7053
1680
6525
3995
7804
3111
5883
1902
5980
7445
7287
6982
7673
1478
3651
3636
8514
8704
1978
5747
4137
6396
7599
8707
1711
5764
722
3977
830
2406
3362
7159
6781
2764
6152
6400
2478
4554
3858
1260
6106
232
7148
1470
7865
8629
7086
911
2882
7237
5523
3727
7431
1752
4113
3123
9231
5166
1997
8457
5057
8036
1847
2114
9311
7497
1893
6705
2787
4508
5514
2217
3347
1254
7043
380
9859
3256
5928
293
9479
1728
4039
4406
8816
9687
2363
1742
4222
7331
1324
3898
2420
2707
5987
265
6746
3144
7695
520
2916
7917
6500
8023
4698
1777
506
4115
7232
2312
8928
1429
9802
7049
2593
6051
3949
4395
7761
9774
168
4381
6464
5828
934
5383
9202
8448
438
8550
5399
4978
5329
243
1165
44
8778
8444
2197
669
8857
1498
9247
8843
7655
6849
8297
7822
7183
3332
5679
4450
3411
9241
8073
9475
6689
3371
4878
2382
5707
2145
1052
6048
5003
6396
9447
1200
4404
6467
8565
7403
9110
8149
8269
8107
1401
2507
4920
692
1782
8484
6881
4104
1289
161
3118
3852
7238
6701
65
3819
101
6819
416
3454
4428
5799
8988
8581
8917
7006
8610
8976
7448
5746
5660
5253
1130
3585
2048
9018
7066
7195
3578
9611
788
9983
8404
9327
9652
4498
6570
1842
9762
6279
4709
6567
6647
9682
5349
4452
8776
3429
6601
1795
9005
8200
2529
4121
1612
7994
9148
3305
1976
347
7428
1327
1475
2239
5765
5248
5735
9892
1618
5605
7538
6951
9610
1131
2003
8757
5364
1606
3603
6659
6157
4953
824
3183
9957
3739
8095
6201
845
7138
8300
9561
1577
4749
3116
5818
3565
7177
3680
2956
8423
2564
3787
2841
3697
9676
9341
8640
1104
8885
3453
1953
1620
8448
9389
4901
7976
5274
404
866
1759
3294
906
7196
5234
669
2616
6642
7507
9712
811
5998
5698
2215
4245
4927
5048
8601
9729
5754
5919
5683
2856
8413
5351
3778
9151
2428
2726
8298
9107
8105
9748
3443
1450
2187
5486
5049
7584
3911
7165
1244
7332
801
9986
4943
7395
6541
2770
7793
7921
2138
2065
4932
1454
1593
9967
6209
9647
9132
4574
9260
829
9774
6229
7068
7460
3476
2293
1820
2960
5397
8683
8746
7563
7195
1576
6211
3677
6445
6166
2284
956
2339
6739
9106
5800
8992
6323
777
3403
8283
8744
6608
3108
5980
7053
1342
3635
7341
8694
3834
4387
5683
2974
1955
1552
4553
5905
4937
3002
3429
8044
7345
8330
5563
3545
4534
4038
1185
6440
920
9152
9740
3138
4380
179
6077
1020
9643
6707
3149
2265
9746
4784
5261
3697
1311
1916
9717
3958
3049
2897
7939
8354
1737
9254
3792
584
7062
7760
4158
4642
9788
6340
5360
7980
9193
4366
2799
5781
2768
596
3901
7590
6148
1062
267
4185
4704
5864
2926
5021
4933
3944
5656
8890
2623
6016
4537
2474
1357
4651
5595
8586
4109
4975
996
5105
7561
9605
6715
7960
4376
7538
6150
1205
9365
377
5393
2483
590
9642
2400
882
8328
8927
377
6577
1926
7661
2046
6471
6191
9156
3206
4322
4371
2399
9322
5265
8170
573
3085
7835
2267
1996
8171
4058
9320
1562
3503
9969
7780
7426
8878
7227
628
5352
9637
3683
306
6667
4174
9062
6004
9182
2812
4502
7061
517
2980
1584
8329
4048
624
9395
7752
612
5666
8449
1977
3459
6971
174
5425
5150
1842
7033
4385
7414
4962
9566
7776
9838
67
6265
1596
2571
6454
2905
7772
3225
2107
189
7444
9565
1571
7314
5152
8345
8589
5476
605
6983
3548
9204
912
7609
9362
1156
9088
6359
839
4690
3565
7091
1669
6911
4418
6359
1296
4110
412
7447
1359
2695
9509
1933
881
2601
8016
7242
7844
8682
9995
9339
6457
439
7639
3362
5774
9148
2969
9955
8597
7675
8004
2967
5366
9789
3678
8801
1155
3847
6127
6809
8290
6328
3085
5632
3945
6595
3879
5299
6408
7190
1482
9961
2346
7276
307
4669
9995
3324
7570
8168
828
6728
5130
2522
6264
8920
4342
56
8146
2708
881
1732
57
9712
7502
2648
6189
6616
7102
3613
589
9228
126
5941
4458
5019
5387
2671
9153
7805
1490
6804
484
6493
2174
7186
4728
6510
3450
6756
2476
1523
822
6262
2835
331
3423
3125
3268
765
25
1249
4208
968
8466
8495
8185
4075
1629
7895
7100
8852
6780
6076
1182
9188
2805
9641
7137
5765
2904
4740
3006
8560
5994
5091
3260
2377
7737
6991
429
6093
3347
889
7971
8225
2103
1953
5435
6688
4034
9635
4007
5151
