1384
8308
8552
4885
8002
7013
1071
9469
9502
9605
6955
247
5683
9547
5674
4089
7341
7154
7819
8817
4884
1844
3456
9087
1970
3893
1470
2419
6180
7416
7060
8923
7690
7103
2667
6079
9038
4211
6963
3878
1265
6307
1497
9509
489
7512
2483
8642
1203
2744
1941
2174
7158
649
8320
16
2043
676
4025
4263
6098
9903
6595
6433
6703
4511
4349
844
8066
5028
9847
7722
4776
3707
9430
9877
5384
8996
5994
2205
9944
7390
3774
131
7469
3219
8466
2322
9009
3479
3633
7854
4393
7906
9854
2701
610
8537
488
8077
7686
1616
1251
171
2839
3993
3214
7769
2125
9275
5291
8247
6098
2918
5460
8856
2869
2975
9219
1528
9198
9882
3451
1753
4644
4824
8943
3807
4862
7171
5060
2977
7620
5891
1916
3357
9227
2288
3893
8835
7763
4252
5268
7126
2392
7179
5161
1546
916
888
4418
7919
8304
6531
2973
1671
9427
2244
5865
9412
1527
8912
8832
3852
8032
4467
312
2457
6600
7384
5959
5430
4434
6195
6072
5344
8310
2522
3882
2358
2398
7077
1400
4110
4382
7554
5817
1971
4437
5641
3039
910
7789
381
4285
2643
238
6564
625
5862
6856
5799
1309
734
9216
1075
4152
2279
6223
6612
2453
3298
7352
6664
3656
6013
2600
6709
555
7713
1492
9042
6156
6695
3964
7772
1666
2207
7741
2974
4428
8578
4092
4807
7605
8296
9968
1061
9062
9387
9928
102
1904
4419
4293
9300
757
869
7196
1923
8494
8055
7875
1077
4389
7408
4260
9135
3366
5307
7375
5112
9398
2054
4884
7729
296
6264
5999
174
8478
9607
5589
9130
9339
9858
9257
663
7323
7003
6750
850
7234
3020
1237
974
4737
6927
5859
2316
1235
3522
3308
8021
3434
1628
2018
8627
3632
4820
3913
955
4458
5241
8087
3155
4330
4981
2422
5716
6140
5826
4308
7663
2310
1868
1941
8647
5077
8721
237
2287
6459
9475
3693
7582
2409
1685
3704
6801
6535
7962
3434
5924
5417
317
5966
3668
2109
3062
6565
27
2157
208
2297
8519
271
5110
2772
4932
2392
56
506
9950
6512
4812
3769
8456
295
852
7163
6914
8526
5145
5207
7085
6116
5425
1722
9482
9266
9979
4793
236
3879
7621
8669
6185
1455
949
653
7530
9124
2299
6861
5153
4026
769
3644
5319
2987
1049
502
8303
934
5830
9571
4296
539
2765
2796
6108
2835
3180
6027
796
6777
8298
5798
8710
2210
3546
595
6696
9688
3657
1017
97
2617
5485
7260
2502
4646
3852
9491
7775
8160
5023
6932
5772
1507
4810
3219
6709
2540
6776
5669
9564
2763
4612
1674
5571
3897
6600
799
6866
1893
2516
344
2723
7252
153
4880
2946
4802
5848
9192
2541
9454
9452
8970
7761
3477
4361
6254
7579
3445
8659
2312
5408
8878
1056
6071
7265
3686
2480
3738
9570
804
2071
7057
4290
6229
3663
7651
4289
1393
3444
178
3038
6706
1763
7045
8701
691
1534
9550
15
8057
27
1936
853
3103
2010
6336
7374
7461
4261
6250
8451
5533
5107
1000
5479
4789
5996
9595
653
7517
631
7125
4692
626
8807
4041
4036
5191
2161
4312
4975
2215
3046
942
7187
5268
6811
6812
6214
6587
1965
4828
1234
6256
7564
4623
4278
9213
4870
5673
4121
3118
7134
6350
2762
9254
2032
3862
9896
1956
9550
3029
5416
1064
9390
1626
4043
7621
7125
5246
86
701
6948
6721
8
8253
7737
3371
5707
6449
8536
1770
7838
8013
255
7734
7516
2492
4699
4158
9310
7101
2181
8679
7879
8812
8476
4395
428
8323
1360
7259
3404
6030
8631
1792
3237
6750
1103
6370
605
9432
966
7697
890
3896
2778
6636
6886
3490
3852
8765
7933
5626
3645
5235
428
5987
6043
8879
7755
8627
2049
1506
2467
1479
475
3436
3989
2876
2573
3806
9813
6607
7359
5736
1318
9497
1806
8794
8948
5058
4355
6727
969
6157
6700
9751
2420
4540
2304
4478
5980
1105
2066
752
9090
7475
5528
2261
34
8662
7432
1428
4293
5529
9026
6513
776
680
8204
135
7379
3142
4076
4219
2370
679
7553
7028
8826
53
5261
2499
5969
1721
9718
8151
2857
7986
6226
638
5105
5466
5838
8383
1781
9714
2638
736
8954
2994
6368
2100
8381
9428
2039
3089
5618
9481
5340
8512
9856
8090
4775
5074
5743
8746
2994
4487
8500
9948
8098
4097
9797
4576
3980
1457
9157
319
3495
2858
3161
8259
3731
9648
6849
5074
9345
5286
3168
8335
9296
3929
6425
4120
9144
2961
2801
5410
4221
986
3125
6225
4507
5144
4654
9213
9370
1530
3628
5308
1821
7097
6135
1780
911
3801
8516
4141
3037
899
2408
6405
9684
7237
9864
2748
6102
282
462
1442
4842
1552
2311
4230
3903
6096
3081
9859
1742
9018
9834
5394
0
7704
1130
2178
5055
3055
8865
9509
246
5439
9098
981
7187
2418
6135
3227
3972
7221
930
538
4095
8037
2932
1444
808
223
907
6499
5139
5700
2789
4120
2665
2439
7750
7530
610
2141
9973
7279
5728
2976
3261
3322
8208
4721
8115
7642
4849
6319
2379
8650
7622
312
966
3400
6688
2785
1302
5376
5090
439
2767
3707
8900
913
5709
1972
7428
7782
7536
5061
6144
5659
9576
621
5485
2372
6508
782
5898
5509
4812
4467
9141
7395
4120
7449
1279
2173
508
1274
7043
2551
11
2183
6602
9169
7113
6152
8022
8764
6769
7961
8619
7280
1542
9112
1570
522
1757
9114
891
59
6128
2919
9775
4900
2167
4191
3311
5493
9317
1257
3384
7659
3714
2968
2674
3783
7429
1925
7308
6977
3487
3854
929
8112
6199
852
3363
6644
1595
9371
3234
127
5030
5856
4490
4998
485
135
3958
6596
54
4283
1861
4293
4316
6943
7617
1609
3301
8962
5702
4127
9766
276
9052
731
1729
6974
8295
7452
4495
2608
1180
8092
2889
6684
8132
1375
2772
5575
3831
6366
7163
8523
4898
875
2369
7053
2586
8507
2036
6665
8997
8400
2141
8864
2742
5568
8976
9647
8054
3783
2095
7587
9977
7636
1736
1678
4078
8066
7683
4626
3467
2558
5910
8314
5233
1224
4915
1226
2362
342
3424
6416
4561
3582
6778
2865
2593
4534
91
878
7286
7798
6683
4106
1149
8901
2200
7893
6380
298
3499
7536
5252
975
5257
5708
497
6972
1769
8792
1502
956
8447
9920
91
7516
6276
5177
9505
6084
9602
2050
2323
115
452
5477
3146
4296
9494
2362
4044
5003
8004
6085
3979
189
1900
6635
3845
8835
4590
1786
5279
7253
3103
2195
7848
3691
1333
3653
145
7622
5899
6648
8808
2577
7030
4955
1664
1252
5589
4631
2721
3194
2338
7580
5447
3328
5663
8501
746
7541
5897
1834
1705
4637
9060
7634
8513
9440
9179
1451
1984
8582
2950
8715
9180
9802
7403
6160
5485
6964
2469
9608
8893
5247
371
5938
3884
8527
4686
8096
4844
8542
6706
5246
37
6902
4150
9762
5548
9838
3218
8962
2529
8437
5881
3183
272
3410
9111
2663
2049
5480
6100
7861
3042
5939
7273
389
683
1065
5438
4631
9932
4259
4118
844
9896
4118
7632
8206
9357
7191
7920
9484
9130
6263
2008
7705
4324
8516
5334
7391
4380
9817
8165
219
8142
1028
9808
3404
8591
8136
6224
7933
9341
9526
7320
1710
5625
9295
9011
6509
7592
9309
7979
2115
2537
8996
5629
1965
1197
809
4773
713
7426
8234
9684
482
6115
1242
4429
9250
9072
680
3216
5622
5305
5333
9590
808
345
622
8671
617
4056
1891
1463
1204
3602
9808
8294
3562
3714
3203
301
1269
8923
7869
8465
7400
547
9489
5225
5683
2926
3723
4112
5784
1846
5130
8624
9236
9768
2454
424
9
716
1757
8711
8614
3468
9879
3509
625
6608
8137
3256
8578
7712
7585
4701
7835
7755
234
5274
9173
5306
590
110
928
8096
2183
5814
2850
8390
5116
2649
4967
2268
7330
4069
9688
5794
5589
4404
7221
885
1331
4756
3836
5323
3315
6119
8442
7422
8849
7258
8649
3907
858
5839
4082
2939
1259
533
2439
870
9502
5862
1006
3945
1022
2229
2675
8626
9932
855
5773
8786
3185
5570
4887
1306
6781
5885
3252
4034
5570
6859
4831
2210
5493
3902
5499
8086
3443
5983
7744
8302
6849
5192
2268
5886
3114
1120
9913
2910
6401
1782
1980
5587
3482
1582
5106
2624
3113
6707
4716
6044
5769
3115
9249
4163
4967
138
5714
5441
4961
2459
8280
3108
8292
7499
2086
9843
3767
7658
5881
7228
6196
9215
327
6088
1459
5499
9703
9607
9252
6472
1820
5271
520
3132
3667
8027
4797
7089
9887
4898
2842
1010
4140
9328
3708
5937
7327
9153
7459
7477
1355
6356
4500
6314
5669
2469
279
9898
3390
8715
6875
625
7218
17
7203
9568
3428
6321
1292
5611
5868
1894
565
3023
4484
5610
7568
2164
1153
1162
5776
3937
7590
796
1966
2228
1250
3748
8040
695
8736
6759
1238
3701
2705
8762
7800
6796
3526
9377
5435
1504
7070
9846
1384
1924
5812
9519
6433
9686
2563
2078
7818
8163
6171
6656
7116
2926
6208
3331
4128
675
6614
8238
4798
6835
58
8048
4839
1002
3123
6731
8183
9228
3728
660
9751
2672
6500
3333
1450
6183
993
3113
7221
8520
909
8024
9592
9824
1145
3813
513
4629
4863
4662
701
7748
6350
3472
3845
8955
6628
7539
6248
6093
5545
559
1407
6016
6517
1922
1558
9145
6331
8706
4668
5565
1946
6518
1483
805
6130
5351
7598
3028
8379
2335
5816
4203
4958
3956
2140
9219
9520
8116
974
387
5256
2346
3190
7203
4984
1225
3444
5413
1709
8485
6924
594
159
9445
270
7309
2564
8536
5615
2032
3582
2706
6317
9566
2255
5340
830
1309
769
1023
4975
5990
4413
9841
4052
3019
978
1627
5050
1542
8672
9522
8333
7132
4136
1066
2058
666
4959
7330
5477
8464
6400
7552
1550
5709
9545
7929
3466
916
2466
2005
1621
5420
286
9278
5604
5209
8468
7318
3541
1345
7669
14
1465
3483
1256
7555
7381
6718
6896
4065
7271
5892
9410
9509
6152
5190
2415
7179
7721
5925
8575
3687
1308
3780
832
6967
8847
4831
3055
9983
769
4471
2743
1943
2082
7195
1183
5437
2650
5351
4967
2036
2777
2598
5648
7008
8822
7932
7742
587
7722
8763
9148
4152
8865
8396
5745
3816
6774
6797
5072
6924
665
8605
7131
2920
7456
317
3819
9541
671
8551
5095
757
6340
3877
3778
6560
7839
4266
5038
1116
1538
8379
2824
1719
5752
4440
5095
8601
6545
5540
7755
452
5408
9645
4995
2619
9377
4360
6568
6527
9185
5542
9791
8810
6269
858
4159
8606
2024
9909
5226
3378
1605
4481
3554
4466
223
6108
2930
7091
782
2821
9899
7702
7077
300
3809
5186
2721
9090
3864
1683
3443
569
9615
2609
5903
1176
6334
2488
4939
6776
9161
985
5907
9466
5774
1860
6077
2113
8273
9564
1426
4367
3578
1824
9995
6017
3052
8155
6473
5574
8795
6222
6925
5960
6979
3657
644
6456
1089
4312
3667
7070
5631
19
6451
8468
1409
3139
3340
1305
1559
4313
3359
755
446
6426
3208
1258
9822
1214
2223
517
3648
687
4813
9215
3414
9665
4142
1946
1084
5634
5489
940
7856
813
7282
8422
8571
5166
2765
5398
4726
640
6671
6834
5460
7323
2527
2150
3402
3478
9127
3901
6297
1040
1974
6168
740
9349
615
1781
785
7628
886
1619
6427
661
4071
1029
3558
6372
3591
3373
8296
8479
1146
6126
6653
4042
141
481
8576
954
2850
3961
1244
1998
6921
3655
5671
9885
9384
6785
106
9177
3526
4618
895
3912
2160
7619
2431
845
108
7265
9414
368
5960
9544
8099
1490
1955
5368
1334
6980
4188
9288
3412
9085
5913
5274
3240
7375
2525
9324
3879
9123
6475
2750
3038
8536
1138
5351
2272
3517
4790
5192
8359
2020
9361
7737
2051
1649
9684
512
7831
1575
3167
527
2234
1536
915
6132
8482
6732
613
8928
3457
7089
1906
4438
4879
3474
6098
3185
3775
7676
4845
14
1464
3003
2926
6662
3563
7839
254
4797
7726
9316
7631
3697
2860
4730
6935
8216
2757
8528
8600
4046
1846
588
1747
6392
4633
9730
5401
163
8883
208
6300
1374
7911
3123
6221
9684
4888
3896
3229
2400
9841
9013
7407
5050
7244
1951
983
6599
4131
6687
3931
2339
1098
5543
8951
4300
6959
3527
5363
5533
601
3843
5096
1586
2353
1473
5657
3558
9468
1135
657
8963
3872
6953
6648
3506
5448
4981
7300
9184
5502
3484
2494
8196
2997
675
9573
3860
723
7922
2470
4338
7514
1610
9867
9305
6910
7459
4008
1056
7310
1063
9682
4162
6090
8837
5191
4155
5074
9397
6334
2943
5049
8135
7304
2001
304
186
4275
5493
330
4013
1585
4969
9483
3802
7915
2337
3188
2775
7060
5108
1802
7398
5019
758
5867
1961
671
4845
9438
7062
9268
3386
6340
969
6636
6948
2581
6267
8044
9706
1029
3601
1382
9982
5351
109
9502
2590
4369
5777
9930
7616
2438
6371
7711
5006
5420
2348
3922
9290
622
8918
1331
3585
4305
6993
6380
7493
1557
6731
6255
4695
7119
9241
7649
3154
5918
8252
2980
2217
4274
5271
2498
6206
5774
6938
7388
6137
8961
4907
3356
1574
9758
6681
1007
4058
7978
4223
6919
8919
7285
1556
7925
4634
7907
8745
3449
1171
1657
2883
9438
5319
9824
4898
6703
1182
8778
1208
9149
9884
3415
9459
2156
8818
6291
403
9609
1972
1197
9741
376
7256
116
829
4614
6632
4988
5045
3683
8517
6643
1908
5927
9645
3382
9875
6110
8303
6861
1845
483
9956
3811
2485
8711
4834
1517
1905
3589
7278
2602
9417
5598
586
3391
3163
2695
6703
962
3505
7388
3996
8987
4518
9027
9657
5993
1659
2450
8290
8649
695
4820
4760
1113
7627
654
4585
8617
635
3630
8364
8827
1534
4615
272
7245
560
9564
2960
5117
3181
7583
8864
1757
9876
7935
59
9718
6824
1744
830
7122
3397
3552
1937
2067
2938
5528
8338
3561
2048
9297
1694
4659
7698
5520
8367
3036
493
9383
9637
2183
4995
4420
5108
5567
7898
9888
8347
3115
9770
9325
3711
5196
7620
7001
9037
7701
4511
9147
1575
8788
8349
1926
8249
8946
5051
2627
236
4017
9864
7143
6297
7584
8805
5037
9790
5771
4421
8297
6149
4274
2682
6887
6144
2419
368
8553
1987
3509
8221
4678
7943
7865
3391
7011
1964
7236
8866
747
7142
1340
3765
5930
9337
9515
3239
9589
1915
9954
1207
7210
1899
4764
321
3652
1923
6558
5587
1139
1895
3567
4148
140
6053
9824
395
3025
9694
4598
4178
7013
8801
4597
6198
4428
1580
7382
5694
989
1796
3782
777
1386
7731
1043
10
8886
5606
7933
5924
4076
3818
7596
6011
6350
2911
5410
3051
6970
4224
8000
4239
697
3064
1457
8654
1158
6863
4939
7408
5287
8967
8185
9139
2582
3422
6075
9713
6173
3451
180
5296
9434
2417
2384
3764
64
5702
8787
5846
386
3460
3899
91
9168
6952
6369
8517
7462
4681
6550
4886
2228
3457
1864
1548
65
3882
9989
1832
4395
8108
2315
5531
7398
7890
1022
9380
9260
575
9260
4894
5468
8715
2048
6810
6601
702
6629
4608
3450
3056
4345
9423
504
2909
8266
5279
8942
6839
6962
2510
5305
4493
2164
6788
1526
5289
7134
4040
7414
2749
4860
8662
4858
2107
1426
2648
6143
7499
9515
5261
7876
656
9826
1225
2293
101
2011
760
5211
9986
9655
9947
7110
8140
7854
7175
7535
1718
53
9431
31
5390
1001
2410
7016
6007
4460
4743
5673
1933
5850
3559
5811
4408
1891
8170
4923
9207
485
6675
302
3035
9784
73
7731
9044
4655
1324
8
9021
8425
6682
1502
1546
5442
1942
9139
2945
7747
3704
9792
5122
2142
8928
457
7994
4687
8424
7422
8491
7691
3494
4070
9650
2780
9538
9918
8700
8446
9636
99
9783
4706
6272
8874
130
7035
1389
3034
9033
8592
8916
9531
1847
8670
5972
5701
6648
4584
5441
2861
7893
1460
9976
7299
6856
3089
4103
9413
49
2630
9709
695
2167
4017
1415
891
8282
2287
5970
843
3146
8615
4683
5796
8866
1629
2885
4553
6413
444
9898
7058
5432
8910
8897
3435
1593
9833
8157
3229
7728
228
887
8592
8622
3687
7947
6339
8944
5866
2803
5172
5134
5047
4451
1947
7505
4175
4669
8335
9214
93
357
9169
3760
5770
7576
1543
1035
817
5532
5601
10
8864
6730
5343
6828
8360
9593
606
4436
8462
2334
5553
4810
8664
5117
484
5166
9373
3513
3390
7969
7865
7757
9111
8041
5862
2918
8226
1951
9589
8352
9972
5253
1424
6050
7082
9357
4307
1064
9706
8073
3956
5953
4926
4306
4632
2629
6666
5345
7724
9528
667
9847
3505
5532
2781
0
2894
9474
1948
9947
4603
2560
1737
1274
1757
7086
6931
1673
5279
6234
3069
3975
8261
223
9575
2100
2597
872
1606
8975
9989
7126
1129
2084
3156
6394
7654
4649
5162
7193
3626
9916
5435
22
3926
6787
7447
293
3786
4949
7753
5589
4582
9273
9093
6359
4560
7138
7627
9343
5334
1322
1844
473
2553
1017
588
5324
1303
9023
4053
1568
8124
1982
9265
2138
1436
3578
4661
994
8950
184
6969
5704
1892
7339
2044
2678
681
1166
3648
1189
3390
8117
2687
2200
9918
7046
9139
7410
5861
2807
3983
4872
3260
2350
5660
3097
1782
416
3380
7972
1537
4044
9152
5409
6063
1459
1289
2316
4071
3495
3506
8843
3143
6319
2285
6596
4094
7549
6854
8611
7290
9166
5604
7582
2876
1383
2827
5863
2599
6959
2692
9253
9211
458
4568
2195
5958
5020
2197
8962
4978
3797
4179
2720
9217
2758
5966
1303
2294
2167
1419
9627
6229
5974
4401
677
2261
8933
9308
990
1009
2962
8073
9454
6770
6038
9639
4305
9973
9203
8076
443
2470
5824
5830
8651
4224
4522
7434
611
3707
8585
6556
686
5712
9489
9208
2510
936
5100
6624
950
2021
173
4432
7714
1857
891
7138
7248
7908
2236
7966
2407
1073
3963
2183
3747
1657
6758
9968
3183
9582
7879
4565
5408
2109
1631
7099
9256
3130
5894
6425
5780
1068
7669
3859
1918
6358
988
6018
3225
4140
8335
7172
4858
3676
2408
1151
1448
8615
4524
3117
4678
8970
8163
6457
7707
3906
7350
1076
9789
8067
7050
3403
3718
9207
5713
4
3538
1450
3663
8889
9596
5747
2860
2276
5082
9307
9230
1857
6374
3781
6685
7333
8321
3623
7378
9144
10
8358
9704
8246
6295
6157
1284
2074
7458
2169
3646
350
4919
6552
7715
2778
2796
7902
8169
2606
7563
2716
5548
7022
5207
8944
9691
1392
1012
628
7228
3781
2993
8504
9363
3551
939
199
7312
1931
6716
6294
6354
7113
6062
9847
4676
7046
9054
9660
6227
4809
1299
8804
8002
7338
417
7456
9121
7820
8811
7176
5040
1364
4725
3281
807
3993
267
7490
199
5146
5348
9009
4559
5152
6245
2860
698
8502
7506
821
5561
9855
3357
4061
5688
3298
5682
377
6973
910
8185
7988
7004
919
365
4509
3400
7391
513
7027
3917
2291
9020
3127
4409
8997
8990
4041
5978
5527
308
8398
7944
7840
3112
3386
2091
8373
5799
608
2889
275
2747
2066
9815
1639
3343
3459
8079
9048
1043
1267
489
5162
7772
6306
7399
2027
4788
3833
4447
7957
2801
5848
3368
1866
5579
5972
6226
7463
4958
5092
4750
9376
5589
4464
5384
5618
2024
323
434
1086
4553
7097
4406
2344
4931
1193
2999
8235
5347
1004
8558
5262
13
423
3830
9285
5766
554
7503
3784
5804
8220
3296
7282
5006
1852
2545
4569
8776
6774
3444
6977
101
9490
8877
198
568
9825
8042
1765
1622
7821
3990
5205
2889
4435
4744
6412
1089
9104
1560
3724
7410
5768
2941
2242
4315
6239
8009
9390
8792
9630
2241
3412
1344
4169
6456
4923
7832
940
3162
1762
6715
9976
4589
3879
2827
4550
4409
9902
7641
4490
644
781
4325
7314
2727
767
5675
9155
3139
5414
1305
7603
8662
3754
4518
1890
7372
5772
3836
5885
1760
1698
7496
5023
9867
633
1600
2962
1307
7173
949
8186
9659
5070
7269
2842
3635
7932
2614
3193
6993
8365
9741
1210
3707
9498
1354
7109
5362
9448
1929
1474
4024
6628
4850
4826
9826
8415
9259
1186
8920
5294
678
7541
344
5872
861
7093
9310
6640
578
8584
2554
7256
5208
1335
1898
6385
1353
9354
1307
5186
6770
732
1696
6181
7366
8064
6772
4246
6967
4139
4751
5705
8216
7582
2275
2026
8439
2155
7111
6200
2142
1095
8228
163
2375
2807
7420
5506
4934
4548
3985
3743
3275
8244
7135
2065
1477
9766
881
2834
9152
1689
5574
9734
9625
568
5497
2488
4318
9791
5703
5025
614
9216
2922
5008
6703
8850
200
1303
4477
5322
5427
4403
9743
6522
3412
1812
8072
7663
6529
7019
1226
4478
7703
2042
7960
6659
6279
5407
7269
8124
6222
9611
3098
7874
1200
8
8973
2114
9224
9228
690
2986
4693
9416
9888
7083
9781
5305
5685
5294
8919
7148
4629
9392
3524
95
1077
9448
64
6562
7142
6698
5642
2123
843
4553
4978
7087
6174
5369
9042
8849
1337
6975
9346
9503
8725
5252
8902
1817
9101
6137
9978
7344
8272
2407
5786
7624
920
9327
643
2303
2338
8883
5844
5017
7563
4456
8465
4720
9381
2881
1405
9223
9877
6966
8599
4766
2187
6302
4472
4623
490
3189
4512
1832
2005
5272
7724
8431
1317
6103
5641
4887
6213
1306
5478
2047
9570
6398
5638
8396
7485
8475
429
9879
8689
3916
7600
7075
6326
8344
5223
8674
873
8030
4978
5318
8584
8035
3992
9243
6540
9686
2927
86
7199
1445
1579
8308
6259
6705
4762
1925
4981
8013
3483
5645
1271
6371
3138
2894
1541
4263
8596
2066
9844
2813
8113
1303
4252
320
6313
587
5976
4214
1942
6270
7919
9610
5554
3303
5851
3239
4546
4237
5340
6125
5247
8636
8223
2730
9253
1155
5151
4430
5030
3295
5437
7063
9214
9672
9985
112
7002
6151
6881
5230
2239
8727
7528
3364
4095
3164
6312
1730
4934
8835
7241
5132
6724
5782
7748
6842
7793
8245
3137
152
7036
2487
3263
7086
7296
3257
9935
4654
2693
5753
7773
9157
2708
2802
7521
7730
1037
7305
7286
134
3961
6727
6339
2661
511
5819
6560
5455
5178
1265
415
92
4694
8146
9574
1566
7319
6889
9994
7494
6691
8874
1972
1450
8828
7688
6226
8041
7730
4784
956
9020
7635
1275
8723
973
2574
7626
1916
4896
97
732
6241
3378
3154
5932
6961
4145
66
3944
4222
5229
2661
1387
7014
366
5423
6030
650
131
9641
5629
7658
6987
1575
1101
6655
5722
7885
3307
6597
5296
3357
5654
8888
2694
8911
4586
381
9093
4124
6005
2715
1830
5454
9460
6188
3487
3344
7984
6797
6884
1840
8039
5874
5456
4941
4832
4628
1127
9642
5333
5217
9339
8510
2332
7305
584
3093
3248
4053
5979
5625
9089
252
7017
9962
2370
198
2218
781
1813
6442
5606
723
3892
9160
3910
624
4141
9359
7729
3118
1804
2047
6195
968
9000
6041
5852
6781
4439
5530
2684
8487
6992
783
8163
3268
2756
1886
5917
9788
3639
3471
4726
9263
3310
8121
5445
9237
4672
9991
9565
2589
5960
9432
5055
8811
1637
6076
9963
6151
2689
7676
3313
2901
8304
7679
6346
2104
3613
9373
5308
2021
2112
7181
8017
7092
4226
6845
8711
483
2708
5576
3580
8929
1952
2996
9912
5722
3705
2185
7975
9333
2451
1925
8515
1141
8656
8941
6090
3226
9875
4218
9080
2672
2641
8361
3212
9169
2869
8322
2672
3372
2956
8049
4170
1424
6694
4305
4673
7249
704
1892
6456
8365
7679
6933
6274
110
676
5745
28
9190
3632
9348
3699
4511
3703
6759
8155
7904
6674
8725
749
1310
4012
9849
8357
7734
3161
1457
4310
2063
5434
404
450
314
3545
924
4198
5888
1749
126
5419
1662
1664
9359
517
7161
1269
4632
1185
3248
6581
3046
7518
7090
1492
6492
1925
9433
3107
1283
1345
8484
3028
2145
2866
6419
5105
437
1206
6963
1578
8452
470
8206
2786
9544
4249
5004
2821
5985
728
9866
7432
859
3705
9433
2122
7314
8621
5010
3525
1147
3614
4652
3186
4748
8948
3483
5855
2724
2810
3863
4686
2454
6506
6911
8251
2302
4119
9915
591
2795
5517
7246
5724
6760
7682
5486
5780
4881
4891
1534
4130
3946
370
1731
7078
196
7980
4681
7032
6948
9811
6409
5001
3489
434
9226
2405
4375
7152
6118
1753
5821
9217
1892
7569
128
9285
9169
7928
2577
9126
2185
7128
1716
6861
7935
2138
2280
6774
5090
3725
8602
3594
5369
7194
8561
8321
8798
3409
5362
2511
813
1619
7500
3829
8280
3781
9905
5918
6099
736
2237
2909
8757
1339
8194
4421
4180
3163
4938
1990
7116
6110
8556
9588
8265
8154
2890
7253
501
6310
3889
7453
5220
1196
6990
4844
9104
842
5536
1270
8940
4738
4580
3631
1892
6356
7776
9233
2802
8001
2336
8579
1578
2131
7566
8456
8662
2432
2598
8046
9203
2653
9891
2881
281
8893
4227
4372
326
9858
3058
9540
7412
2365
1137
6811
7829
6532
5910
9582
2272
2574
7170
1764
8287
6051
5893
4013
4660
3574
5114
4483
1509
4689
3231
3163
2626
750
6210
167
9789
5766
5397
3075
8835
784
9175
9998
7349
3062
6098
3482
7122
9107
9838
7508
1806
6953
9947
6582
5632
5178
5153
239
3749
7240
4289
7107
4252
265
1276
2405
7040
8799
7537
1242
2249
2149
1379
2844
9071
3561
3419
7131
68
158
98
6782
5191
6547
3724
1605
1399
3076
5534
1253
6985
7725
7549
7481
9168
7133
269
2555
9472
409
4402
1188
9179
893
6002
5937
3052
6281
8177
931
9210
5951
4566
6589
9489
9590
4368
2570
6240
1259
8418
6120
4934
539
587
2351
2405
5670
2954
1618
9015
9489
9177
855
9891
6109
5144
5370
6340
6612
6620
6451
6610
5188
3128
2879
1257
5288
6763
5728
7154
5038
6546
658
5135
6823
5407
8927
6098
518
4755
4795
8983
1392
1488
5421
7338
9662
5332
6761
10
3583
9347
4719
7077
1936
8344
3836
7049
6785
7219
8210
9714
1265
3083
5229
6593
4097
2048
8816
1036
496
1994
1778
9409
8114
7398
3261
5612
3239
9532
6109
4448
7722
8620
3625
8798
9983
3629
9703
5455
1284
7489
2504
8840
5225
2405
2258
1135
885
5760
4200
927
1920
9441
5161
9583
8611
6131
8697
289
6451
6087
3625
721
9949
4578
4758
8725
270
9571
5472
2572
9190
1516
9042
2501
1494
6420
9098
7065
5154
1287
9679
2783
6815
6888
3448
2123
9918
7555
6984
8919
2905
3587
2978
8295
8841
9479
7471
1697
3048
3595
8488
2688
2214
3990
384
2242
4845
9100
4315
3278
7581
8707
4123
3255
8158
2854
217
7039
2523
3724
4276
8775
2637
4271
2181
8193
4284
1611
4266
6752
4360
3273
4836
5496
5948
4496
3864
9802
8701
1502
8574
1248
1407
5496
8377
8577
6715
2137
7491
8096
7296
4174
2625
7396
2416
2030
8654
6290
9590
1036
5933
1910
9803
8500
9569
6685
2704
6961
584
5549
3557
3300
2493
7251
78
7690
114
2346
8491
4892
6033
1835
6390
2236
3880
9358
208
8864
9271
6987
6476
4564
1803
5088
5890
4100
5466
765
2516
2078
2960
2647
8005
652
6221
7214
6687
5136
4595
4066
3993
4256
6987
7417
6121
7811
9918
4625
643
6793
5959
5751
8900
3806
5242
7100
8078
8310
9914
2058
8484
7421
8776
3933
9735
2991
7211
827
7224
3387
5705
7444
7513
8095
5239
9420
1904
5918
8075
5932
1914
6740
6781
3001
5874
1795
6701
6510
5945
4946
8416
6727
2969
8248
650
5712
115
673
4360
2737
2685
7553
3907
7407
3618
1616
7864
5255
3883
6167
6133
1500
5663
3691
3779
8266
8241
9954
7169
5442
8080
7186
4342
6420
1509
7275
1020
6239
3544
2596
470
3968
7488
5573
6145
163
5812
9112
3350
9688
2178
331
4783
6394
1718
8355
3849
9408
3176
9066
5044
6798
609
7529
4325
9768
8765
3454
1801
2349
4353
1429
5337
4896
9831
4039
9260
6293
2456
6112
7060
6248
9394
2619
9793
3975
3470
4811
6440
6801
3270
4295
3740
6143
3376
211
5167
1988
1956
487
1249
739
3165
721
7520
9817
6049
4837
3533
7864
1648
2257
8136
781
4728
8328
4498
5465
9959
6970
7047
3670
3971
7941
1977
2202
2153
6034
9509
5080
6326
4115
9960
4244
6212
5717
1322
9744
3254
6679
7665
7965
5881
4350
2936
6424
2517
4949
3493
1668
6219
108
6602
377
8060
4495
8943
2373
9622
8609
3847
2796
7201
6158
4089
514
9447
6135
8995
8647
3762
9671
9902
2304
9637
9313
7512
8616
5491
7429
855
2214
8619
706
2464
7034
6151
5693
6271
3910
3168
5523
537
2502
3879
4923
8906
9382
3239
4624
2701
971
9695
8569
677
6114
5164
1905
7654
1517
526
3284
667
1247
6986
4747
232
5013
2398
2321
5718
3392
8128
5324
597
2878
2016
1770
785
2753
2700
2770
850
3518
6359
4864
7667
562
6483
3237
6107
9321
7094
7825
731
3629
3658
6586
1452
4220
8802
4449
283
9226
1661
4140
3163
1390
5316
9421
3075
3680
1403
9181
5407
3659
6104
8920
596
2033
4302
1453
204
8163
4084
3839
4536
54
8313
7153
4232
8926
5944
1666
9768
4067
3794
8803
6268
2905
3258
7295
7601
709
3170
2618
2276
1058
8889
2908
5615
2118
233
2202
8159
3423
5673
1567
639
8425
6568
7048
6193
8594
5212
4723
2046
3354
3467
3307
5655
6117
5415
2942
5586
6574
7693
8050
3914
2896
3426
5296
7176
835
2080
7806
7800
5528
4504
818
237
9841
2251
4875
8629
6542
932
5295
7231
2003
7868
8529
3758
9688
6031
5141
2507
4005
3416
7855
9235
9359
3146
6103
9567
4039
8039
200
1255
9935
677
2008
9783
9023
4122
1083
2786
1542
3964
4492
8452
513
7601
3788
8656
2798
4573
1032
8848
1963
174
2164
964
2567
5464
6792
820
5000
8353
8922
5684
6243
3009
1356
2704
6738
3183
5438
43
4214
7717
8351
227
2271
7960
6536
1093
519
9122
9433
7134
7172
317
2808
2160
7608
5692
736
1848
2523
4576
5413
7163
8867
8361
1230
4217
7646
5856
4996
1240
2642
7969
5911
1529
2938
3066
9327
8180
67
5387
2397
1108
2718
9880
6023
6341
9810
9923
5995
1913
682
1344
8611
4681
1465
773
2205
8429
2303
5034
8738
6796
2927
3743
2710
1157
7336
6884
1027
7655
5325
5501
9341
2624
3900
3062
5549
7033
4533
155
8522
2535
8994
8537
1701
6319
1269
6168
1498
3140
621
1059
2868
5194
4513
8213
6607
3004
6170
393
3222
159
2257
7951
2137
2266
5425
9649
2884
2614
793
5281
2453
3618
378
6775
4414
259
5180
1289
5496
8774
9615
7283
5703
3639
8414
4242
3640
9438
9515
9317
9874
9782
621
6797
983
6726
3101
1227
795
7557
5400
2709
2188
2618
7571
1542
6682
768
6993
6478
9082
6775
6993
4666
3583
9628
6695
9696
6816
5450
3454
1903
5539
6856
4615
6995
7383
9411
1969
3891
2140
8745
5929
2923
2051
568
3492
4339
8543
323
4229
6727
7276
6747
3291
8171
7114
3787
4663
3954
3040
7820
2126
1466
8374
2473
7896
5465
2834
69
4858
679
1763
1994
4792
2887
7787
442
5047
6380
2532
4103
3914
1373
4358
8527
9449
7919
4174
6162
7973
6163
4305
3792
8913
1322
3557
7366
8016
5876
4415
7978
8789
7175
1718
80
385
2851
7292
7563
6157
9376
5389
129
5359
8389
2931
3884
1190
542
3997
6931
7691
8309
7012
3305
2387
7154
1725
9756
6411
8781
6217
7595
6864
5536
4382
931
3774
6972
8595
810
4784
541
2849
921
5651
5823
5233
3352
4022
4740
1509
7722
575
9437
6975
8034
8188
8600
4621
4646
8106
9271
9613
5291
3456
4427
2611
3345
2254
8343
6073
6869
3269
6198
2199
4086
7888
1875
9852
9889
9638
3767
3444
6633
6880
2840
8898
3837
756
1535
2384
9577
708
9886
5966
9523
5171
2967
7437
5839
550
9979
729
4443
5388
2901
4070
6288
6235
7166
570
6219
6190
4141
3754
6894
5722
5255
6665
8779
8098
8666
8625
3579
243
5805
9851
159
1668
2212
6984
2324
5714
9246
5389
525
7144
2146
9173
9759
2606
329
8259
8628
2948
5531
2899
6652
1960
3374
8817
1892
8925
3308
2608
5063
6308
8627
5290
5693
8478
5609
610
1920
9944
837
2426
5234
2978
4334
499
1242
3385
9598
253
8614
788
7973
8885
5230
4934
3951
2686
3350
8819
1941
3488
9737
3748
2895
4142
1361
579
8296
3376
6706
8969
3048
4998
9048
5115
6476
4518
9593
6570
8771
3103
1492
5043
1555
4027
2613
8530
69
9376
4577
4367
2842
6880
3560
6184
4654
6986
4271
416
1750
5759
2117
6874
9427
3918
8509
3787
4852
4713
4901
4753
7580
592
8031
3599
3629
7284
769
9656
9398
8290
2076
7220
7826
2492
3137
8031
2083
677
4396
3577
9586
6857
5034
9529
4206
7146
5274
3244
4839
7778
3225
476
8886
7697
6122
4759
6856
7913
7641
1075
3772
8946
3636
6883
7842
1103
9052
5398
9358
8124
3709
7398
1015
1519
7094
6888
1905
9813
7305
8388
2416
4507
5153
719
6460
6863
5773
5215
1398
8176
1392
6685
3681
8048
7646
3408
5253
735
8007
3830
754
439
5446
2686
6581
5231
3510
8105
6605
8385
6980
3708
682
7946
5704
8646
8365
107
3257
5855
7653
4218
6881
5478
2913
8239
4508
9086
9579
2170
1525
3646
713
7803
9431
9453
2377
4112
9241
6375
9171
3984
1469
5849
2918
8833
6528
1536
3904
1749
677
2854
8982
2063
5853
7116
1922
8249
9060
501
9545
1329
9359
1593
8398
8894
8270
7889
8186
2875
2329
1197
3687
3781
2828
5341
9060
1814
6207
7675
3615
8583
1782
7919
7927
8071
2985
4675
4539
31
3084
8820
9801
2457
1501
7491
3334
7978
7243
135
8427
936
2212
6989
6313
8328
1252
9745
3862
8631
2345
3038
1152
1879
2168
2530
1746
9588
1586
705
661
1763
5933
3452
7165
7477
6993
3732
2614
3297
7204
7164
4836
5213
3034
3365
1712
5886
2512
9074
4829
9637
7284
7834
5936
2306
6346
1407
4857
5214
1913
9061
6801
1076
1699
444
6641
2823
1195
2218
7796
624
1045
9230
3376
7116
806
6648
5362
4861
5855
8150
6822
4577
6949
2079
8539
912
9254
3948
6325
8497
549
8838
9084
9747
5545
3338
6138
4629
9693
8114
7730
2920
9563
1465
2550
5601
9374
2850
8391
4616
7814
3421
5023
9899
8965
7747
8036
1757
3464
2414
396
3176
1141
4800
9969
9286
5617
4663
1201
7466
1526
2822
9823
2191
5964
22
4631
8832
8570
1930
7615
2413
8606
5679
8306
3621
3334
8743
7834
1211
1869
7541
2249
2726
4671
5161
9199
4919
5932
8635
918
8650
9708
2982
595
2620
3016
3773
54
5036
5272
846
5792
5041
48
8937
1096
3788
1691
3152
3709
9444
6211
3808
264
8556
8526
4832
9703
8480
1648
3905
4561
4308
3376
9219
1000
4847
1868
6176
7031
2563
7190
5733
2018
2798
519
1175
7365
9764
4112
4009
646
5647
9565
5358
5518
3345
5200
574
3352
5287
8243
1686
6710
6030
7213
449
779
2879
8201
8050
4852
1593
8719
9361
8274
6342
8360
575
7320
746
4621
8769
7061
6517
2680
7055
1920
3591
8503
828
8754
317
3063
8110
405
4443
9593
2230
6124
6407
2651
9193
2885
4071
767
1194
1468
1550
6919
9876
3717
4395
2118
5389
4568
2412
1607
2557
3925
499
7997
4315
809
5471
9980
6165
1162
8753
5137
5628
5242
990
7806
5269
4400
6568
6955
8704
9478
70
4645
8197
2429
4908
9209
894
9717
4900
8895
470
867
8875
2025
9476
9685
2980
3975
990
8253
9992
3546
3075
6852
2570
4443
4749
2220
8503
2384
9892
4450
6244
2486
2732
3868
2948
8214
6508
4074
1744
3971
8869
8899
2962
8119
6449
5872
3317
5480
6525
2435
1903
3403
104
2062
5656
2613
4784
4157
1291
9450
4510
4484
5132
1800
9148
1045
4802
2125
9979
3045
1551
5101
425
6165
7595
8662
4537
4706
9236
6439
7264
5700
6880
5071
306
1906
8134
5579
6897
8598
331
5616
3589
7580
2944
590
6625
7607
9034
2778
3131
6040
4760
4856
2978
8435
7146
8404
5315
9927
3237
7572
4749
3279
6886
568
8456
7434
2415
4587
2440
7793
9355
6591
9072
6148
6463
1784
6369
9072
7921
4344
1955
2189
3138
2273
8876
3314
5751
8943
2902
7468
7518
160
9205
183
6037
9383
8528
2503
5337
5014
3191
521
4056
299
4688
8468
3064
1379
9906
8075
481
36
5970
2022
9280
7201
6694
445
4886
8164
2755
3836
2104
8063
1590
8249
4939
1418
4806
9986
9164
2634
5651
853
2213
3394
8328
9258
7232
4412
3848
3495
4684
2401
8989
1517
6912
8504
4022
3333
7957
6712
7053
8812
2432
8590
547
78
7618
3646
8773
4599
6797
3855
7376
8348
7605
6497
5306
5572
9435
1988
8934
7314
6231
2251
8243
8574
4012
3589
965
438
6589
7558
8815
4662
4668
8804
6517
941
196
4974
3030
9325
5481
4110
8938
9302
8262
9500
8214
1747
6175
8135
4396
7858
4347
1119
1812
702
5494
9340
9301
2086
7537
4384
3586
3927
6997
7072
8684
6116
7284
455
5624
7393
4720
1017
4317
1836
2071
1491
3448
4464
7375
263
7997
8920
7106
7712
1839
3777
9224
2616
7266
3862
103
6471
4512
7306
2380
8923
5455
691
736
3902
3751
940
9776
2235
8792
4202
8304
9393
6994
7364
4706
4090
63
1239
2993
1334
5142
8479
5115
4769
1779
5691
5052
878
4680
8277
9480
2495
1104
3183
9384
5538
2058
4903
8792
2465
7425
7414
2577
3057
3259
4873
48
2133
3993
8963
7870
3050
3742
3456
4409
1387
988
2725
9697
3352
5479
7359
6380
5833
7817
3584
422
5214
1893
9657
3538
6417
2354
994
521
9192
3335
9189
3793
7344
2872
6433
1373
466
9335
5500
6131
6014
9326
3385
3254
9484
108
671
1028
514
1323
1675
2875
1617
9098
4276
4993
194
753
5559
5037
3972
4175
2049
5045
2360
1189
5169
1413
4030
9706
8498
5940
7982
6547
363
3905
8070
2683
9047
5596
3511
1539
128
8880
4548
9983
3129
8473
5879
5910
5766
4936
3209
1744
9869
6796
4655
8453
7158
8011
9478
7763
4115
4278
3195
2744
6965
9986
2168
5404
2434
8471
1937
9404
6471
5300
5500
100
6284
9398
5421
8031
9101
7823
3473
5035
8666
3203
1101
3309
7292
2900
2832
6721
7614
3822
6457
1926
3284
1379
190
6947
672
5877
2411
6252
1363
3820
1281
3460
2498
9235
4058
3736
3676
4646
7559
297
5062
7915
3453
6390
8219
6591
194
4777
6398
4770
941
3117
3165
6322
4605
6638
5027
3160
6438
2425
3533
8831
7081
392
8671
5205
3950
4808
131
6162
9282
4851
6286
4948
6024
1302
1640
1591
6485
9844
2027
9730
7498
8194
7554
9788
3355
616
6964
7926
1309
9500
1353
6144
5113
2551
1344
6449
1639
7592
8365
4995
4641
3360
1007
583
6709
8945
7736
4059
5542
4055
5368
6754
3028
1392
6486
6510
2077
8131
6088
3754
9518
1184
6549
7249
3225
7825
137
9420
1302
5114
9452
219
1075
3365
9380
8137
3534
4187
1810
8573
7700
1901
9780
4497
7938
6097
570
5941
9853
2452
7050
1174
2925
4002
2568
2545
100
930
295
8438
4257
3307
1059
4333
5604
4428
5544
2580
1760
6583
455
5264
2879
5813
1397
3022
7952
1012
7333
9543
1166
6652
23
3088
1997
9880
5132
6390
5920
9036
3211
8184
9911
432
3923
8973
1710
6399
1229
5539
6702
1039
6962
9181
4600
4428
2059
5719
7498
5243
1512
6884
4484
3295
9002
7045
9303
6256
3040
3076
4186
9048
7554
8607
2522
2915
8183
6778
5982
2831
7766
1491
1516
8211
6381
6641
1868
2784
7927
6580
1680
1559
5254
5584
2499
7790
210
1933
1043
63
6321
6315
6123
5058
5133
2164
4333
1620
5961
7352
518
6995
1837
788
9673
7536
6000
3396
6744
4510
5405
2777
9711
9828
3546
3634
8140
7428
1056
9624
8351
1841
1182
2208
7549
4305
7141
3744
859
8609
2123
7800
6700
6797
2013
7803
2506
4589
8431
7221
7761
9756
9276
2693
5086
3429
7507
504
5160
4332
4333
9828
2999
3036
1940
602
1813
1954
415
2879
3419
4138
8723
293
8231
9998
1425
7634
8745
3169
7536
744
6354
7263
3538
253
3774
1421
9386
9892
7103
8567
462
8458
5297
2478
7358
4978
628
8717
4664
8481
8694
921
439
7663
3400
3575
5757
9282
2965
6379
1440
6187
4690
1413
6627
7064
777
3614
5413
3234
8258
2627
9236
2702
9515
2580
319
6302
7313
4866
6930
4762
2691
1347
7226
6560
4757
5723
3937
130
978
7065
115
8558
7500
4083
9320
3825
4023
5411
7612
2491
4958
9032
7443
6293
6276
8182
2148
8745
1933
2061
8698
8647
7767
5575
8000
4967
6931
7770
1573
864
258
1456
7219
3080
4214
2604
7766
2333
8879
2450
3425
3311
6331
6514
3346
6079
591
7195
1249
8910
4585
9542
4273
8983
1212
9717
3589
8757
8296
1019
6494
3880
4244
5284
6594
9983
5422
5676
8051
6854
1776
7026
629
7359
274
4081
2933
2151
9825
4771
7038
558
4916
3195
8378
3542
5699
2340
1212
9295
8552
9155
3651
3019
6024
1561
4343
9692
2461
7232
9149
6406
8846
6377
3721
2239
5502
8412
4650
7373
5780
1836
5843
9636
813
1180
4521
1359
3467
2631
6016
1148
7905
3405
621
9841
2566
1514
2592
6803
2168
4124
1505
1057
9908
8338
2727
7245
5644
4259
2541
9600
2575
5643
7531
6235
1282
6988
8761
8669
7192
5625
9817
6498
7451
9257
589
7730
8909
3793
9647
2311
4841
8302
1039
5635
2120
596
8616
4450
4850
6985
5104
4465
1851
6654
4741
2143
2617
8583
1570
9489
59
6216
5345
7949
5253
665
6407
1382
1883
4744
2480
6730
5551
2233
5957
9312
7922
2439
5476
7625
8064
9453
4509
6365
3878
5884
4203
2801
1553
4023
73
1470
633
896
5000
8709
1814
5316
1700
3453
7323
6970
2653
9810
7130
1014
4738
5390
7787
527
4566
955
9490
166
4693
8451
1140
6645
7619
5086
6093
3563
7244
3513
8568
4175
7916
2844
3841
5437
231
2470
2968
2467
2948
3408
5085
6564
4876
9323
6922
7457
2486
2129
8602
7875
1052
9003
66
2116
1803
3189
6768
9852
232
3448
6281
3540
958
5661
3144
5187
9240
3921
9217
7022
9581
1252
9650
3945
1721
6804
2629
7437
7993
5876
8214
9562
320
5470
2820
4237
4324
1587
4663
7980
3457
9717
9488
5806
8507
8923
4960
97
5160
4726
8470
5127
3050
8068
8284
7391
3379
3542
2638
7995
332
5174
6139
1572
4337
121
5196
1414
3639
2152
8056
108
1011
3181
5856
7081
4047
960
911
8955
9198
2215
1002
4821
668
6240
2072
1276
2172
9240
5535
3473
530
5200
2570
1282
2472
3837
3954
6293
3564
2328
1878
5938
7233
5651
1061
5687
7099
2175
8656
8155
6605
8754
4966
6592
6642
437
2260
5291
8866
5115
5377
9412
9371
5621
5955
288
9143
7597
7649
1242
4630
9662
5705
9765
9852
9450
5811
9789
3041
6776
9608
3781
7568
4549
4595
8623
7201
9077
2071
74
2251
2882
7140
7838
6725
1771
752
1680
4477
1723
1754
2886
5057
3164
5477
3119
8369
2468
5570
7784
8299
2448
8665
9541
190
706
8815
9278
9472
3509
29
447
6667
7739
2288
8995
4088
7166
678
8642
6188
4581
8263
1673
7495
5634
9767
587
6223
3791
7889
3968
2018
3388
8767
9568
135
6046
397
7847
8553
972
6463
1993
1757
1443
5933
6221
2343
5481
3111
5471
1210
800
3560
7998
8605
2380
5120
6737
3621
7246
4298
2913
9998
8573
5473
9957
4917
2410
6047
2927
8072
6879
742
3809
7726
6334
5182
6278
3408
787
9090
8440
4613
1317
564
7869
7855
5094
5863
9911
4080
5750
8699
5911
961
5504
2044
3016
8963
9940
2812
5999
1581
3190
8114
2286
6764
7956
431
1268
2700
6809
4737
8566
2106
3370
5277
4972
4401
3320
1660
1371
2049
1741
4459
3580
8132
7625
3062
5668
7917
9731
1250
5550
8305
1345
741
4615
800
5104
6304
5509
8355
1031
5231
8948
7152
9881
4154
4596
7828
6503
8393
9564
2115
4453
1061
5547
2108
6057
7934
7861
5429
3619
7827
3787
5272
7503
5312
8398
6348
7668
5099
5123
2633
146
6144
3465
214
597
3927
123
3261
6757
51
4796
3716
2617
2634
7734
1207
3090
1812
2887
4489
7417
1228
1650
4642
3777
1279
7612
1376
4533
8497
9832
2603
8246
6398
5994
3441
8124
6673
296
6677
1576
9110
9027
7030
170
3065
9083
9112
2247
1598
4578
1568
8595
3515
202
1646
5429
9248
8630
2991
1594
4471
7322
8096
5752
4260
6660
1744
1508
7236
1077
450
932
2675
1431
9248
8084
4534
2637
8872
3266
6805
2416
3101
4991
9463
8798
2934
3934
95
7371
4984
6095
1018
8419
2774
473
3917
1905
5891
7297
485
4254
8451
6492
3440
8894
897
1682
7832
463
3258
4374
5017
3922
8457
7673
4161
7966
5626
4864
2000
4774
7205
1541
8756
2534
1572
6420
5787
94
1674
7865
901
5852
9577
3800
8712
6974
1017
6115
3255
6329
8704
8572
7142
8206
6207
4229
5345
3994
3206
6224
5624
7442
856
7893
7152
8638
8754
7033
5339
3696
2519
3062
4364
2367
2287
8084
4188
8859
9373
9353
7809
3000
9303
8258
5901
5711
1165
4741
9168
8484
2390
7823
5131
4
4387
3555
6962
3115
4685
8403
1056
7742
9022
9263
1142
1115
8848
2991
6646
7300
7337
1110
5060
6479
2215
4997
2727
1154
9561
7025
8215
7970
6185
3806
4187
2107
7643
226
1900
6050
6128
9828
5655
519
418
6845
5829
5183
2074
8110
7524
505
1935
7548
786
2863
6678
7524
9283
7044
358
4027
3572
7469
8672
1336
2563
2430
7261
9493
5892
5326
191
8954
9478
4418
3009
2729
9787
482
3748
8056
1285
5756
482
9352
8871
7331
2436
1577
3046
8352
2360
8405
1234
3337
4422
7278
5747
5963
3417
6671
1012
7280
9851
7494
4443
7628
9738
9130
4295
3731
9095
4565
8665
5979
4894
9605
2381
6704
7129
6283
7996
6046
8168
6298
9396
2885
2079
9461
452
1730
3635
6145
715
2492
82
6992
7942
2097
9056
8161
461
4851
1327
620
7319
451
2568
709
7112
9586
8629
5527
3286
4925
2858
1742
6642
4383
8421
117
6770
3168
991
6452
5684
6247
5233
8198
6222
2015
172
373
3608
2499
7452
1585
3620
5557
4213
2079
9477
5072
9670
3498
7177
4982
7668
9690
642
9323
2666
2808
3111
4691
6868
9127
5925
3964
1823
8422
2761
3044
3774
8173
2750
866
7615
1302
3710
3674
4563
1368
9446
2684
2901
1914
8575
5149
4461
9339
8511
746
6171
5014
5208
4750
1409
3784
7185
549
8836
1050
7195
5584
8363
1008
1685
6952
6210
9047
4529
9152
8021
9630
5452
8821
3886
2895
2475
3309
3638
3449
9510
8904
2956
6098
9529
5490
4439
7323
54
3831
9104
7655
4171
6725
5058
2399
2997
2634
112
521
214
3911
8543
232
5397
625
824
549
2949
6069
4073
4159
7208
5584
1238
2112
7980
1284
8578
557
2329
2429
6142
8728
9786
7194
9602
6576
7785
2475
3201
5398
3438
7842
7263
9443
1624
8767
1073
3501
5546
1996
5995
2982
6397
7944
8417
6969
5071
6553
2814
8548
7653
9147
1469
2381
4704
579
6067
3544
1424
7494
2341
6238
6328
7802
8982
7112
8035
5469
3298
6265
1481
3358
4875
8759
9
3951
4302
1228
9116
7008
1173
5935
7394
922
8150
6144
3387
1639
8129
1966
7499
114
6808
9950
3415
9452
9437
1645
9283
9968
5461
4671
5045
7517
6540
7806
7891
9837
9530
1831
7935
2161
4791
7852
6546
9839
6062
9309
9467
3450
8026
6989
1059
8807
1266
1985
8880
702
5590
4274
9311
2364
7461
4272
5474
86
5624
3921
7560
7504
6487
8202
1216
4398
6542
3728
8681
8849
7114
4939
6436
2608
6273
4592
9159
1287
7516
4549
9372
3523
789
856
