6566
187
6139
9798
344
2276
9515
518
2290
8105
5496
260
7999
5949
7084
5870
1771
4809
8312
534
2831
9006
4053
1126
3754
6320
427
9276
7505
9689
314
6831
3790
7102
9748
429
8403
3241
3942
8487
6522
2458
7425
5227
4969
3930
94
3938
7158
9866
1689
4319
213
2907
6389
3620
80
602
4693
5514
4799
7922
8117
2039
5583
9574
9239
6237
4379
5366
2845
9981
8925
5235
3521
1589
2549
4030
5551
1163
2526
253
2079
7215
8536
7
7207
6464
929
6299
5282
5965
6428
153
5853
3702
684
7784
2559
238
3015
9528
4725
7434
9068
2541
9762
470
4327
2684
8044
4242
8388
3081
2580
6226
4343
5753
3940
6115
7865
1200
3676
4318
8324
9348
126
6818
8202
1712
7413
6295
6462
1838
8451
381
3680
5124
4135
8251
7291
1849
1262
8958
3793
6337
7381
6768
3603
8880
3745
7627
5723
1209
1017
1932
6
4018
606
9296
3396
8910
6461
8081
8194
2278
4697
7301
4709
602
7732
3249
3038
9083
2480
910
4764
5335
4084
807
7024
2249
6689
3171
6383
8322
9768
1535
2972
8424
2240
2059
4922
656
57
5592
8134
8159
2838
4821
4738
9477
8369
956
5371
9720
7473
5246
1357
6451
2498
1518
3858
4345
4763
6947
4004
4378
9357
7796
3653
9700
9780
3261
3562
8481
5650
5378
9566
7894
4747
1658
4956
8118
465
3283
9949
7238
570
7657
6644
8004
4937
1481
403
8346
1379
8844
3656
1785
5509
8090
8162
6229
8609
5628
7607
413
7134
2765
5740
665
9987
7980
9221
7508
8528
5339
6352
1978
5951
9094
6733
27
2063
2750
6977
2815
9772
859
1917
6056
4512
3258
4660
2685
7158
9047
5755
5438
7931
1655
334
5185
6847
9968
6690
7550
2852
342
1873
396
4356
818
4783
2966
1055
8984
7090
9680
3484
8483
4220
4371
4910
8497
3200
2578
4598
1162
1006
3774
7724
5186
361
9485
5428
3230
149
7914
1467
8371
2199
3501
734
2050
4993
1534
6942
46
7218
2792
7412
4873
2269
4274
3974
9925
98
463
4384
9621
4911
7878
7314
9735
1858
1540
5579
5107
8668
7919
2651
8170
3020
4679
300
5423
2874
4103
6801
9606
4756
2247
1024
2220
4494
2108
306
3450
1092
5320
2029
2263
8604
7019
9607
4013
3012
6630
2969
8869
4397
3737
1906
9569
6936
1119
9775
382
9049
1455
6672
8623
8897
2157
7415
6572
8022
1393
2764
8944
2748
2871
6097
6098
4076
8115
3696
9800
9939
7587
1943
1140
1406
5954
7703
8317
6650
9577
5512
4633
2188
503
1966
4069
7431
6652
7912
1147
9197
1668
9548
7820
3468
989
6663
7234
114
768
1177
1632
5957
1227
1245
3655
4292
1372
9103
6368
9605
512
4819
848
3958
7696
7643
8544
3394
9139
5341
9460
509
5198
4007
6288
7408
2531
6234
9096
423
8769
2578
2928
5091
9669
7600
7742
2910
5046
791
5465
6511
4642
8421
6386
2242
9818
9099
2073
6261
8638
8244
1700
8431
6710
3500
9678
180
1599
23
5257
6164
3948
2803
8997
1762
2485
6052
5380
8502
1839
3272
5364
8427
9021
8757
3073
9407
5145
9665
4180
2329
1096
5382
308
509
8167
5736
2925
3241
1393
2588
7773
8287
3284
6378
8857
2247
6507
6016
7176
5980
8024
3142
3142
7830
5777
46
1405
7325
5969
2687
7396
6918
4920
9111
3336
2221
5784
8833
2257
9852
772
71
9750
3882
2895
8154
6339
3635
1388
4500
1425
1941
7971
8941
6400
7472
7945
4835
9981
5641
2994
520
3254
5012
7902
9371
2485
4537
5425
6595
9641
5908
8472
3869
3146
7101
9455
8881
734
3733
8566
9370
4208
7021
9875
1360
2097
3650
4089
4938
9703
9694
9363
4038
9313
2700
5458
8883
4388
7792
3520
650
4944
9901
8526
2638
2235
4660
3640
676
2741
6950
8279
2876
8099
852
3098
8541
7926
3233
4475
237
2121
801
5900
7820
6289
3234
2641
2110
7779
7380
2974
4795
6780
4408
6440
215
8441
2886
1667
767
4838
6624
1629
558
4168
2580
145
6207
6795
482
2839
4637
1582
9821
8911
7230
1088
2927
1875
5991
4469
819
5004
7003
4729
6047
4906
6171
4351
3424
8793
9628
1803
2631
8273
2914
3995
6921
440
77
7765
5395
1129
1197
7058
1458
1007
2602
3417
6326
1261
7324
2006
8481
6311
6483
8982
9835
2802
8647
7349
2621
1427
4780
2582
6560
8478
3673
9042
8970
379
4280
8814
9330
2510
3465
2481
4464
1938
3786
3796
5869
6469
9732
2030
1475
376
6583
1287
8616
1134
308
6417
8399
4445
1860
3285
5186
8226
4266
3389
1417
4202
9906
1619
6988
5281
7630
7437
6004
3170
8675
8
1421
5436
6588
1218
6798
6876
4331
1170
481
8297
8959
349
7548
2183
1925
8425
8804
5318
4137
4636
5938
3525
7426
427
3268
6433
9971
9830
7335
6093
9231
3449
5807
5067
20
1733
7641
1408
5919
3572
7391
99
1956
9649
4971
9797
7719
2265
4240
8111
7396
8367
8260
5472
5878
6966
8554
3488
3902
9173
7760
7194
5472
7545
4893
7894
6804
1265
2648
2453
206
1724
9531
6332
8256
3522
6642
6572
616
6021
3509
5627
6417
1498
9349
979
5042
2314
5940
5580
9527
9995
7429
411
5618
5669
5500
806
4557
5970
8705
7295
5471
307
294
7649
4079
2444
468
6287
9626
4870
3795
5358
7597
952
3871
2001
8832
2873
48
4188
3069
7115
3976
2653
282
1461
6466
1777
527
7832
8379
9587
9620
5803
2279
9843
577
8289
6799
9799
5873
640
8759
5628
2477
8501
4396
9370
8699
6276
2327
8769
5781
6461
3048
2053
9799
895
1888
9577
3112
4627
1122
7164
8567
5889
5302
941
8172
2707
2329
2275
3264
4862
8096
9695
4484
1449
8289
8173
7963
3683
8711
9899
4757
8857
3204
7767
2357
7440
4140
1636
9523
5778
4304
5488
3234
2718
8579
516
9175
7512
2850
5250
4167
2172
3036
6337
8711
3942
8333
1598
5947
1238
3000
3723
6399
288
6543
5192
9472
4146
2236
4806
4851
372
4028
6192
2896
1978
6513
2721
2461
6629
7524
3568
499
5497
1491
1045
5603
8337
4846
9816
1806
6753
3959
90
7756
2518
340
1007
2072
3392
1567
6857
5239
2416
7298
8617
2512
8750
8672
4527
6454
9767
7558
6365
2105
5685
682
796
2639
9670
8311
1529
9039
7989
1288
8561
3437
3737
2614
5088
4195
2541
1996
3495
6437
3032
1533
8653
6494
4724
7228
9930
3229
8960
8209
2781
966
2944
6785
1569
8682
9177
402
5110
1306
4944
9204
2516
6856
3338
1251
9260
816
6988
1767
2647
9828
7504
2405
1923
9035
9939
8039
2185
762
5209
7058
3355
3391
6837
1644
5631
9176
6572
3429
3867
5816
5606
203
8498
8923
6132
1148
3657
344
5679
9607
9599
5947
9447
1500
5599
8218
6458
7905
3541
2948
5355
9331
1858
6294
1587
3823
9601
2193
7638
5625
7555
9859
9344
9942
9424
9271
9566
205
7776
4779
721
7022
4563
6662
2904
9295
735
8152
6137
5835
9144
3871
5927
6814
2926
448
1515
7809
7858
8628
2896
2386
8870
68
9229
155
4013
2927
4291
8008
5696
5795
9192
7549
1850
5924
361
3385
2058
5174
155
3854
9657
3492
4744
5701
1984
7481
1853
7570
4542
9104
5516
347
2253
7004
6312
3867
9709
6874
1641
5173
5684
8744
8827
3659
681
2838
1246
5287
5332
5664
838
7872
9341
1233
1010
2762
8116
7960
3606
8892
8579
3520
7667
4102
600
2295
2980
98
8132
3007
3688
4209
8811
477
8079
597
3148
5492
6705
6894
6819
7400
2626
4654
6735
299
9061
5124
4433
5643
8677
8004
8309
7473
1333
5669
8216
1581
4293
781
2405
5815
91
8505
8299
1578
2299
9533
718
1614
67
5156
8438
1865
1562
8152
7451
2444
4468
3727
7395
5977
2608
2521
993
5576
1604
5393
717
690
3385
9259
856
4428
1784
3811
6633
8574
2224
2704
7748
1940
2566
1854
3847
6916
8914
9611
2945
4675
3645
6706
3021
2728
6624
9443
6769
7493
9638
8769
5196
8415
2255
5832
8404
9890
1925
1539
6816
1677
3501
8493
3104
5632
9383
1809
3318
3162
7779
6871
3641
2030
1116
3894
1226
766
6235
6778
9497
1641
3173
4382
3183
8065
5576
4844
6442
837
6432
2323
5554
5637
1210
3611
5921
39
1359
1291
8570
4514
5033
4097
1755
9086
6159
9970
9668
3495
5723
1180
8131
1203
7577
2047
5397
8619
1788
7892
1080
7168
559
7981
6889
6096
8207
6549
1038
1301
7352
6769
364
7484
4354
7832
9267
3326
8773
7397
5673
7961
3469
5356
9681
267
8455
3856
5268
53
1479
4540
4546
8362
3528
4600
6469
13
1700
8023
5033
2816
8547
7222
5398
4817
9448
3428
4491
6384
9107
6381
3918
547
1313
8965
3920
5190
6304
1608
2113
6347
4800
5503
3770
666
9765
2885
42
4324
287
4595
9739
1354
6057
4278
5165
561
7032
6769
5730
9791
9723
3047
861
1827
5683
6294
4393
9594
515
4481
6210
7253
144
2854
97
5938
5941
6906
6155
4480
9209
9833
4228
6926
484
5492
401
7368
822
1112
9773
5557
5536
8331
1638
7151
5161
1723
5896
7741
4706
1894
4223
2372
4619
3230
1409
8360
6990
1027
4748
1387
3971
1233
2698
1368
2037
6837
4987
7757
6243
2454
4839
923
5737
1221
3716
7509
2099
5137
7491
2599
3180
400
1134
4752
4363
849
8289
8078
8114
7881
3042
7139
2354
2119
3553
1351
2289
336
9565
2910
1264
4283
4859
7927
1469
9063
2331
6401
3294
6738
6852
2241
1363
4611
7418
8473
6588
8859
8179
3557
4032
3684
5259
9575
3132
7289
356
1233
6105
6262
4837
9838
6845
4812
3140
4933
9106
5078
2032
5222
5593
2897
4234
4013
885
6338
1097
887
6033
610
6267
8341
9776
5627
8926
2920
1502
4913
3293
8479
8877
2223
8215
4666
7311
7504
8840
346
9140
4840
8827
854
8810
4925
6509
3007
9414
9564
6338
5621
2514
4109
5551
1333
8041
9225
9594
128
8883
7646
5811
4082
6074
9118
1353
7522
1410
2910
9825
5181
862
360
3067
7806
6585
9924
188
2028
2972
9409
8615
1508
3004
5716
8650
2475
2092
1349
8805
1510
1526
3928
1558
5736
3271
1428
4772
2569
3065
866
9655
3432
8451
5696
108
6657
9979
2853
6046
6232
4534
1224
254
3661
2331
9255
5651
1153
7731
5713
4866
7447
4450
9366
3377
3259
9453
9458
6696
5163
9871
6423
4762
2773
7961
6321
5976
9806
7966
1931
5255
8860
3641
150
6792
2231
4909
1559
356
831
2659
4118
4809
2259
7599
3579
2652
7746
8816
6736
2992
312
6326
2128
8323
2098
8972
5251
3146
6207
3861
2189
6829
6300
5223
3700
5540
9262
9205
8052
881
9268
5429
2813
4846
4240
7576
7199
3583
8750
9703
4627
7485
3517
30
6681
8757
3313
5635
464
7896
89
4313
5174
5974
9663
259
598
341
9709
8290
6564
616
330
3706
4967
6631
7466
8652
5537
6544
5255
4413
102
1606
9972
6477
4805
3683
929
7065
6563
722
1089
5066
2766
7780
2564
705
6747
2447
3080
6788
3179
6596
2903
6283
5644
3300
2609
1884
2328
3089
5179
6979
3414
5110
2516
797
174
595
1582
288
5475
5150
2745
5603
9555
1222
2871
5523
6250
7512
4232
5818
4085
506
8791
3450
226
5951
7990
1914
437
4536
8368
7262
8263
9633
4876
4121
6834
2646
8794
1451
5235
3915
1338
3482
3379
5534
6742
6819
5723
9444
4119
939
38
7890
3226
7224
2578
753
1292
2267
8577
4003
1661
2247
2129
7146
6163
2919
4550
5707
4255
4675
6529
3616
8908
5319
249
9397
2640
7684
1214
9235
1739
5572
9055
5484
6176
1298
4646
2420
7074
2034
2120
7473
1338
2564
3935
7724
7395
578
8467
9284
3505
4406
7953
3250
960
4588
5309
9577
8094
1953
6720
7796
6821
3832
8392
7268
5748
450
9698
259
3165
4136
767
3585
9283
7246
1092
8905
4003
2625
1675
6162
8692
6559
1536
5167
1732
3582
7620
2687
5131
6239
2917
5798
6837
6493
8423
1062
7387
6950
5599
3030
6423
6962
8458
7635
7267
9517
9421
4989
4142
8574
5407
7200
1066
7906
8289
6051
2363
1796
7695
1211
4393
6918
463
4790
8293
7462
1335
4335
6404
621
5771
5174
1677
9279
599
223
5130
9942
7284
4732
90
7957
2026
4400
814
5312
3991
259
5083
1996
7217
1576
6118
8777
680
2238
6568
5981
60
5457
9780
1733
8209
8693
4738
235
6502
7568
7
369
9919
3794
261
1197
6482
3490
8136
9443
3238
6695
4252
8194
399
9558
6599
3604
16
3076
3003
6048
8372
6746
1057
9518
9719
4014
7031
5349
8723
3716
9406
2751
5657
2903
9703
6464
516
9988
2942
6955
3536
3186
7986
7062
6743
8775
4311
6063
1262
1595
5761
9512
6081
5197
9124
7504
9274
1872
9467
8201
5358
7777
6856
857
6906
1134
8098
6214
4925
6357
3805
6587
3671
5306
1832
6875
846
6078
7794
4561
2280
1041
83
9741
1852
8614
8349
4417
5345
758
3573
8255
5553
27
5736
5031
3672
1209
2880
4327
4349
5002
8493
8449
1817
8080
9663
4185
4492
454
6604
6459
7043
8614
2693
2185
7060
9770
6103
9774
2279
3581
9832
3526
4240
1683
172
9664
8054
8268
482
7955
4656
8677
1929
9257
6147
2728
6987
5060
9423
6335
3588
1797
6033
3747
3507
1553
8883
2237
7364
4547
6791
5035
4414
2808
594
7296
7077
20
9070
7346
3913
1675
2243
8474
9940
2183
181
3020
6723
7054
2896
2688
7152
5949
9864
4923
6743
8528
8321
1446
5169
2601
2502
6399
4697
6
7046
7246
9394
3251
2325
3470
9794
9719
6341
8158
5905
906
3582
822
9673
112
6728
1597
8738
664
1673
2369
1453
1238
7067
1328
2056
9764
741
7709
8854
429
567
3204
4765
576
4579
8873
8030
1604
2370
7020
2085
7094
6602
9181
9899
8167
9976
6882
8005
167
2065
956
209
8243
2534
4826
3311
2707
2472
1623
9464
2766
2381
6644
2515
7856
7387
8727
2574
1738
8230
3646
4935
1302
8961
9431
4451
5754
8490
2102
4775
3811
4546
4004
1560
6759
5982
2288
1110
3850
2493
9409
3758
5831
3423
8809
2524
3355
1638
7055
4997
8309
3351
2954
238
6323
4507
4676
6480
9375
1854
640
7503
9964
3841
6402
7806
8857
4672
1531
6836
6665
6889
6697
9055
8738
1449
956
2975
190
4308
7258
4227
8516
5386
4481
6521
5170
210
6426
1152
8321
46
8159
1724
579
359
3347
6186
8618
4033
5634
8917
5177
4847
7340
4641
5092
6173
9033
9986
5490
2001
3334
8578
5778
7000
8249
3695
1184
8904
5439
8841
7332
1843
435
8165
7817
7152
5009
8793
4498
7849
4373
9847
6766
2403
9735
7084
9005
8171
5386
3686
6131
5948
4119
1257
8817
1086
1487
5245
9282
633
344
4531
1567
5167
1110
7458
3806
5692
6830
6159
4057
2090
8858
7847
1323
789
6218
5947
4859
8445
2112
5064
6686
429
8353
2417
4685
2537
9404
4158
1471
3068
6856
5224
9113
5705
2400
9527
891
2517
1548
7624
741
5056
7549
7661
8265
3649
9787
8844
627
5923
5689
9215
6282
9186
3462
2877
8784
7433
7822
6382
5790
6416
6056
1021
5560
4029
554
4300
4200
9054
8052
3280
3781
994
405
7031
6954
6414
4042
3162
9023
1030
8845
8207
6888
582
2285
4455
8355
2496
5720
3215
4787
9725
5305
7951
7254
3652
8111
7227
931
5365
8570
3309
1478
4098
5788
1714
244
2329
9292
5947
2955
9999
5691
5646
4001
7892
1343
1624
3222
1146
5373
4573
5026
9516
194
1860
5143
6426
7138
6736
9006
8990
2400
9935
6869
472
2543
3700
773
7410
9965
3995
444
6561
4186
3839
7658
9182
1442
9757
255
8155
6230
1649
7013
9218
3902
1730
4611
5167
4608
4065
4122
6356
2110
4464
6332
1087
8168
5831
9452
890
8883
3997
1013
7619
6693
4285
8802
1210
5360
5671
7891
9995
7147
3401
6591
5659
2505
2600
6347
8697
840
1934
3824
5797
1026
6914
2357
7478
5467
8173
7470
4507
1014
2860
4603
4789
2171
7947
3898
6918
2958
9513
3507
3985
9949
3480
6571
902
1369
5281
9483
8859
5139
1896
2512
2693
2545
2480
4808
8227
8085
7607
3092
5067
3996
2431
1443
6421
1818
6917
3746
9361
8458
1316
7104
3672
7575
4720
1895
4456
4014
9360
9738
7609
4468
3853
9695
8848
8661
9312
4503
189
3785
871
7956
5568
2101
9072
3996
5707
63
4111
5236
2553
6711
5427
8950
602
74
9800
9996
3725
1081
9917
9561
3272
8871
3330
9460
1800
4136
6792
1997
9715
391
6367
1738
2594
6972
3019
934
4684
8533
9235
1383
4908
7934
7800
8865
8633
916
5160
7653
1683
9058
9686
8426
2695
4066
6260
6731
3782
7992
8252
4178
3483
8898
8603
4547
3237
1418
9351
4393
3845
1471
4640
4864
2469
2719
1337
1376
1687
332
1483
715
214
7657
3643
2364
5195
4740
5842
9328
7234
8720
9150
6200
6607
6050
3230
6930
4182
6562
7224
1701
4850
1393
1375
187
829
7625
3126
2055
4440
5503
4607
7335
892
5561
838
5577
5305
4172
3745
6145
1433
959
6443
2209
5234
7152
5508
7462
787
5810
7065
182
7561
9895
6948
8079
5802
2137
2340
6207
146
6332
4272
8390
996
8182
8892
6805
6050
5872
7524
6347
8324
9196
5411
459
3105
244
534
4957
5805
7410
8392
625
7263
1289
9396
8852
1223
639
2945
290
7406
8104
4192
2563
8452
2318
3030
2737
8060
1263
5701
8599
4472
4240
3827
3912
5930
2080
4226
3078
9413
3716
6250
4623
1182
7284
522
7811
3208
1090
6702
19
3341
7049
4432
4503
7544
4173
2775
5553
4109
8503
10000
3550
5345
928
2871
808
3771
4116
7745
262
2194
4186
2691
3779
4690
2449
6557
7104
8074
7818
5698
5620
2003
1537
3143
3910
7154
6620
4433
8212
3944
2711
8433
3287
1256
8324
5727
5655
8901
4893
6424
1515
9313
3108
333
275
3023
8287
8120
1442
4601
112
9578
7644
1573
6776
8941
9563
6317
2377
1808
183
2405
3003
943
5141
6940
2948
7791
7231
6839
2241
1869
8956
6979
4620
2962
6993
7178
8035
5096
6697
6237
2587
6948
6644
796
8893
932
8743
2913
7565
9831
7979
3009
94
10
8455
3605
171
7388
2381
3355
2400
8469
4236
3226
4182
4325
3286
4762
6610
8202
1693
7367
4857
9703
51
5901
3066
6398
5240
8397
3792
4322
2652
7014
154
1670
8781
1173
1427
4046
3490
1305
1537
702
88
9621
8633
5343
7208
191
3775
8864
2255
2051
1238
5465
9652
280
393
480
9885
3111
9278
6450
5010
1731
656
2491
2336
1987
6231
3661
1749
9445
6728
5247
6807
8974
1641
2072
7676
9585
4944
384
3118
6789
3430
8688
1798
618
4806
4986
7113
3478
8164
7442
9564
9985
2540
2689
7561
9477
7224
1106
4402
6571
7195
5982
2378
9399
9822
1738
9510
4048
3446
5520
3287
6640
4397
663
4936
8702
6465
2120
1164
2708
4308
5953
7156
9302
8006
6585
7132
6226
4870
1496
7591
8432
5800
9444
9302
3398
4204
1026
1566
1694
4160
9990
3253
7555
7085
621
7175
3650
651
4950
1658
4526
2260
2395
4991
4043
3152
8552
5388
4464
5295
1965
5601
8766
8010
5756
4917
7488
1690
411
315
9751
5766
2580
3454
8807
270
3243
297
2447
1362
5493
9734
3107
5949
9348
9572
8942
7875
1750
3586
9429
647
1780
7127
3956
6153
8449
462
4674
5933
9514
2189
6877
1106
9420
238
7969
1247
7377
6030
1620
4524
2164
8315
2
7545
9284
1063
1051
171
4659
4860
5456
3440
3106
1475
6295
827
4882
126
2544
7088
1021
9095
4997
9361
4510
651
324
4646
6323
3796
7656
6552
2286
648
4023
4627
5956
4198
2497
3372
3338
3173
8810
3398
8997
4138
413
972
7905
5673
2567
3903
8667
3953
1437
5803
8101
5459
4951
3548
8610
7454
448
7910
7735
5746
7591
9454
7431
2559
8123
9394
7508
8019
1664
5532
3852
4147
7585
8905
9388
902
527
4939
5090
4121
3972
8105
2684
995
2702
8747
5054
3017
9129
8064
7176
8003
6319
6702
5130
3406
2165
3704
6038
3299
9101
6093
3741
7384
1390
5883
2525
6204
1108
868
9549
5636
6685
9794
7439
7342
231
5180
9566
9768
1462
5600
8708
9651
7218
3625
4410
3798
9173
3576
5512
9433
7023
3880
3076
7876
383
8783
683
3088
5857
346
8676
7126
8501
8021
507
4757
3289
5734
9819
7198
5432
6145
387
2303
8505
4349
6291
3896
2081
7721
8399
8913
2998
5238
9338
3596
1928
3552
6
6878
3351
4870
642
9891
2468
7392
2671
7048
7946
8204
3817
8358
6431
9045
7797
9095
4725
7782
8142
1870
4588
3070
3190
5948
6773
2354
8921
8111
930
8841
1147
5331
4943
6064
8794
5191
219
3400
4224
1377
7822
7607
21
3708
3381
7432
225
7662
293
5539
3418
4494
5418
6196
5363
5988
5864
2240
9946
7018
9197
4127
1538
7344
4389
9528
8364
3930
225
1136
7731
8636
6578
1242
2962
5423
8104
4617
2374
5958
1041
7168
6336
4392
2161
530
9693
5303
9623
7762
2874
3778
5218
3924
4617
4705
1769
9065
1698
6185
9098
8566
1127
7452
224
346
5704
2209
5480
6023
9007
2604
6525
5441
8198
5696
6745
452
354
591
9757
7772
523
4507
552
7295
1736
183
5859
5503
9439
8131
6359
70
6471
3933
8281
2320
594
6862
4651
7077
1874
9365
7994
7756
3639
7736
3326
8539
3353
8828
6461
2344
68
8958
7804
6197
914
5710
8445
8724
6707
9019
9056
6989
2320
6873
3988
814
1795
7854
4709
4564
6864
8175
883
6040
9881
9006
399
5645
8720
5767
962
2428
264
1262
5310
8277
7638
8422
6535
2827
7440
69
6270
5834
471
1772
9407
8787
9677
4929
9307
6856
5120
2975
8531
4148
6266
8274
5097
3503
845
2081
8866
2212
2509
8870
3038
7904
4213
5167
1863
9038
7755
2252
6447
5886
8378
674
5054
4835
803
3625
9408
1702
7513
3420
7278
6589
6987
6974
5076
8986
8478
2536
6898
9428
7326
4369
8610
9069
2800
8336
7704
5602
7808
6673
5808
766
1726
3926
3599
1570
5080
5697
9329
5068
9266
2364
9123
2426
8712
7203
895
8195
8312
8674
4985
1399
9509
5342
4524
3468
5289
7850
4169
6733
8043
9229
3351
983
4528
8500
315
7985
4506
7289
7811
3395
8013
4097
8593
519
5678
7725
8859
2960
7137
4254
2431
7201
9530
9717
6395
8282
503
4739
2982
3291
5080
3373
6088
5930
8859
2457
3948
1581
1301
6715
6520
1374
9575
3309
5824
7083
7901
5623
4518
7883
1916
410
5113
4616
6447
1490
3386
313
7298
1404
2352
2821
5403
5589
6467
4644
7678
7330
6298
2275
351
8060
7213
2992
9017
1536
9533
2308
3582
361
2342
1172
3556
9140
5673
1807
3390
4175
3475
4990
4409
7965
9065
2045
3680
504
4938
5443
4393
9768
3430
6137
926
3580
5024
890
3226
222
2117
5474
2011
6618
5954
5050
7114
1522
1287
1981
8339
6168
6943
696
2820
4191
104
4306
2627
3817
3596
6419
9407
358
9184
9886
85
2980
5377
4418
6506
2752
9503
806
8711
8476
5806
2825
1839
1795
1252
7530
4891
4816
9108
7382
745
8813
8777
9046
8976
8032
2503
6827
2630
953
9174
336
1810
4338
8705
8459
7282
5916
9423
5648
3833
328
5224
1594
9099
2702
7883
405
922
576
194
2488
2170
52
2118
9995
1588
7028
250
2657
3579
8372
4873
2165
1261
780
6036
5291
3127
2556
7437
6453
3030
8364
8172
8585
7587
3375
4236
9500
9794
2259
9317
9163
8444
6840
2616
5943
971
8417
3616
4238
9763
4785
3669
3510
135
4606
7452
4980
9188
5432
1363
9754
7439
132
7681
2284
1701
6719
3786
5067
3902
1236
1259
1854
7606
7280
9218
5039
3639
3390
1215
525
1227
4410
1491
6197
3296
2069
3760
5373
1549
8622
1405
7938
2559
5304
1401
3859
9881
4428
9959
7271
4717
5654
8723
5387
3611
4509
8409
6357
1830
3065
6995
5411
4629
990
3351
265
7593
8677
5609
9342
1412
7054
2703
7528
9370
6699
1364
2848
576
7712
833
7341
3236
9782
5447
6607
8044
2318
3923
9539
6341
970
3480
7116
7328
3437
4986
8892
802
8311
3022
6944
6317
500
5215
9079
7415
672
6999
9964
9909
1814
2593
6061
6515
6777
4367
4693
5304
9418
3911
2437
7833
1958
8597
7172
5285
1776
6928
5322
356
2723
4518
8831
6024
4074
657
8793
8735
1945
6944
8597
5907
4246
2948
9491
2184
3273
2651
8539
8985
3636
5203
2246
322
3246
9099
3038
4269
1054
2967
5630
6016
282
4769
2631
7483
7239
1844
7606
1883
9149
4866
0
5862
167
9505
8832
1115
4501
294
1548
6122
3298
5664
8602
4474
8211
238
3537
4954
2774
1678
7864
8363
1419
3876
4767
6663
7054
237
3727
861
2926
1238
196
2218
144
2890
7901
522
3204
7884
876
9885
6043
3278
8496
3420
4385
4336
7476
9979
7146
6400
7072
9673
7944
4407
9494
9401
199
4932
9404
5780
7122
7538
6110
1971
7295
1043
3252
7398
1855
2731
3700
9904
3356
8492
3020
336
8813
4263
9438
3946
4626
5145
1090
4196
2826
118
8149
4800
7623
7898
4239
4916
4008
5895
2149
2080
1707
7691
9671
5913
1018
5256
3401
2636
8769
9344
6781
3402
3097
5332
225
7502
3988
3503
549
7185
8815
6104
7115
821
2055
2945
7627
8689
9613
8969
1057
3205
3719
9732
4871
4632
4657
3780
4037
6026
7799
4654
9086
5992
1895
7278
478
5772
1174
2994
4338
732
5376
6298
3578
8822
706
1993
8348
4266
4081
9746
5104
4009
1045
659
1283
1008
6599
6550
403
7614
1751
3684
9528
7233
6211
447
4561
7705
9377
4118
3683
8484
8151
1808
8674
9144
2525
6611
1114
8696
8345
8202
7997
4608
8245
6263
1273
575
1152
6554
5646
9713
3782
4529
7468
6109
7048
1075
6715
5933
8988
1067
9432
2620
661
6647
3277
2934
4924
9823
7416
2716
1298
5597
1390
1948
7189
5531
7662
149
7518
1032
5023
5427
3799
3404
5125
7235
1980
3725
7573
4075
7761
8393
3242
1071
426
753
8797
5215
2988
7188
5724
517
1143
6511
5832
9086
7790
4561
9714
1670
2471
3602
5759
1872
1228
3189
8160
6182
1937
1211
8806
8382
9051
8096
820
1376
1125
8368
7846
6740
7950
8652
9611
5274
3859
2336
622
8165
9705
471
1553
4717
9111
4155
9325
9054
1590
8519
9211
7306
2316
4877
2139
7976
6236
4282
6138
9351
6688
8108
966
4261
2910
9154
198
6070
9259
6413
6917
5909
1975
1977
3501
7329
6513
6098
3916
8849
8275
9023
6638
2342
2922
2568
5418
1764
9765
7083
7905
101
3612
468
7115
2633
121
1561
6572
6392
4154
626
3028
8897
3761
1731
1600
5878
2774
7790
4709
5306
8632
1234
8889
1393
9705
2589
4048
3026
9237
3764
8370
4219
3301
888
7146
874
3869
3759
2110
1312
3684
461
4499
3170
3905
7194
3123
187
7242
5460
7265
6290
5536
5224
7278
9188
6941
8898
526
7828
3760
7324
1003
663
6890
7922
3762
2205
7014
8997
3986
751
6088
5249
5237
658
7262
3760
9653
5898
2737
6801
6540
7104
2324
8543
7890
4374
8786
6502
6400
1492
5774
6979
9628
5747
7747
1781
4978
2711
1057
7525
9278
3254
8734
9949
6285
5294
1393
8670
3671
4346
7507
3188
2341
3053
423
7639
8225
5245
4060
726
6417
882
1761
2149
503
2141
6588
9445
6791
6204
8969
1298
671
2461
6496
6890
143
4723
3593
879
7241
3371
6696
505
2097
5890
7394
163
7764
9643
3294
5729
6281
2887
3558
2932
6981
7423
7181
2525
9188
7719
4470
2029
1993
4181
2795
6423
4694
324
9664
7848
5658
6036
6345
9097
8664
5381
5649
7231
1928
3713
5914
257
7853
1881
7293
5378
3777
8194
6850
5039
3126
600
7316
7491
6009
4689
841
9869
857
3328
3268
7967
8153
5077
8499
7868
8278
8498
2850
9480
2603
386
3763
1585
3101
2056
4535
1792
3975
9929
8108
33
2349
1884
7313
1041
4472
921
1050
7910
218
8166
2070
6963
4907
1078
942
7693
7168
4846
5867
2983
7839
8033
8874
9024
1886
6962
5101
6103
3135
1313
1722
9852
9356
7416
5512
7633
8443
393
6562
5769
9029
8443
7578
8168
7878
1293
7345
3094
104
9576
2300
8856
1104
6031
9090
4026
7785
2323
314
4785
6852
9615
1253
1190
4240
1074
2627
3530
1092
2812
8960
497
3304
9665
4033
513
2356
9247
734
5540
5919
4162
1175
3648
8426
5884
292
1571
7640
6175
375
2791
7856
546
228
7238
3241
4316
9971
9103
3000
4078
3236
6363
2296
4476
7684
8749
8855
6965
4703
7747
4644
4986
5505
9259
9876
8509
6363
4186
7056
3714
1699
1422
4695
1530
4559
6145
3787
1947
5844
9884
995
5318
5608
559
3852
6835
1268
5000
5867
662
3453
8007
1879
4185
8115
1798
2035
8733
7203
2883
8406
479
534
6079
9243
5749
1371
9159
8941
6977
680
5381
8910
8540
4796
6359
9595
4777
5729
9992
5010
7133
6165
7358
2562
1665
9713
5834
493
8368
950
4706
8839
2460
1421
8875
2986
7622
2929
6434
3201
64
9078
9220
4848
4621
6978
705
5468
449
6353
7492
5667
5699
1313
2215
9159
9746
2527
5390
7005
59
5761
1043
5294
7316
4076
6740
2108
2783
2818
5585
2542
817
5169
1872
9388
2445
1853
3046
1903
1500
2300
1275
3596
7975
8901
7647
9390
682
3140
3766
7374
2534
6423
6419
9994
4534
5616
8177
8124
5976
935
4714
1614
239
2632
3426
7669
316
7969
211
6261
8175
6441
5152
8086
2911
8690
6920
1260
2469
3046
6450
8571
2584
2881
3209
6853
8299
8064
8639
2211
6125
2975
9424
2961
4071
4764
9154
5010
2789
782
2400
2941
6809
6346
4664
4539
8212
3104
3152
1550
9321
2725
9981
2552
579
4986
607
7563
1110
994
9464
3107
1705
9150
433
797
9713
6884
5674
4915
1480
6122
862
2358
9752
5518
9770
7023
3977
6858
5170
884
4280
8282
5986
8435
9766
4179
2102
1876
5800
3366
7603
2800
7197
7802
6394
3049
8028
9690
176
9916
1460
7452
3241
7048
4142
2552
4091
9947
6930
6726
317
6522
9191
2018
5904
755
4071
9401
5255
2618
5398
717
3998
9277
1354
8576
1889
2425
7070
7109
2907
8955
670
5177
6827
8833
6332
5395
9852
2645
4902
2809
1669
7316
6313
4160
2736
6386
8154
2892
929
2619
142
6046
883
717
1112
3655
8320
7911
1888
4217
4448
2707
9244
3292
9958
1783
9727
9560
4674
6720
753
9503
7803
3243
7462
6247
9794
356
3457
6556
8126
1899
4769
2735
1960
8298
7647
5987
8944
2375
995
1894
6796
7590
7499
4098
807
1421
3774
9418
4513
7151
1198
4928
7609
5257
9516
6765
8496
6992
1517
7379
5790
7602
9222
7603
7653
7964
9421
714
95
7233
1826
1180
5179
1932
5825
732
7852
9083
4897
1329
7823
6105
3674
5930
6792
2090
3881
5429
3718
9091
4665
8248
6711
2278
2902
9129
4250
1489
5218
762
4426
319
2320
8710
9253
8221
5248
6313
6588
4988
451
4592
4439
1605
6334
8604
8921
8960
2876
4779
7152
6721
7335
8317
4005
9791
215
3771
5733
9847
8739
6169
6478
3033
731
3664
7967
6199
7102
5077
9225
8292
9913
8295
564
2799
9270
5985
72
3588
2316
2892
6331
3809
3304
5192
6761
6486
359
3124
2521
1828
7729
1080
6216
2595
9700
1773
7784
671
4972
8078
5128
4725
1937
7111
6808
2787
5573
6023
4105
2666
5393
7170
88
2033
2604
6925
4532
3882
9828
7147
651
2242
1405
2
8370
3210
2609
6174
4649
4361
1975
1057
2443
8779
9202
8369
1618
6820
4282
222
9608
6118
8040
6848
177
2771
503
2543
7939
3219
8396
6072
170
2664
6914
1673
5357
163
40
4263
7216
372
7939
1111
9881
5958
8278
4112
144
3747
6533
9643
3298
800
9486
2305
9000
2787
4968
4018
1749
9142
184
7441
1076
4252
7848
6089
3774
306
3902
4562
193
9866
6863
6555
7305
8886
4558
680
9908
9528
95
6075
4825
1351
8430
7956
5015
4527
5855
3820
5086
4084
7695
734
8573
2228
9467
2279
3159
7108
5387
646
6964
6396
7512
9490
9110
7951
7612
1683
6487
6273
8472
3023
547
9024
8222
1024
709
4858
630
696
4193
3418
6295
5796
4721
1889
4702
2563
409
3336
2013
8255
5983
3145
704
4483
8631
799
6497
6394
4758
6554
4940
7571
8170
2463
2070
6003
1041
522
7857
4719
2460
230
2512
693
1382
6605
1537
9679
8373
1278
7205
7187
770
875
7090
7825
6527
9274
6694
2254
2157
8688
268
2648
4052
6511
7029
7908
3253
825
7073
5427
5441
1253
1254
4994
8650
2624
2391
1520
8205
5312
8029
287
5153
2618
4580
255
9756
852
8935
1206
1770
3361
8640
8660
4297
4361
5588
1107
215
8310
3762
6008
6664
9248
7787
3409
4837
5350
8406
381
2608
4571
9498
5810
7787
3208
5039
9901
8543
168
6779
7857
7354
9953
2672
7222
3998
7430
5752
3499
1569
6133
2546
2481
4173
8474
8070
9242
8939
4316
2405
3393
2032
1343
4850
9136
9976
5274
7276
9068
7349
2929
689
4385
2097
1805
3777
8476
760
2848
1408
5795
9464
3445
3484
373
8992
9433
1754
3816
7901
1529
7677
535
8402
3701
5888
1274
6569
4130
8231
936
4628
9587
9786
3300
6894
9158
9751
8959
6792
5277
6869
2325
8976
9734
8100
611
7877
5105
8451
7589
1364
9394
7271
3556
1195
3126
5803
3870
1892
4017
1279
8178
2941
6886
9288
3666
4015
9454
7969
9189
1756
7984
8531
5388
5958
8052
8906
3493
3359
8829
1494
4506
8032
1852
2412
7748
4840
7690
7268
4301
2433
7175
3060
720
6772
9000
7637
1061
5298
1168
440
7657
6398
8883
6637
5524
4047
9346
7513
921
6698
7726
5908
1527
1396
70
9971
6579
4095
3916
9802
4765
2379
5299
8455
5443
7473
8228
6344
2799
1655
9833
7569
9766
6105
6536
8263
2326
4845
5487
7646
3987
6415
750
901
2190
8428
7297
8946
5721
5328
9040
3313
4593
6844
774
6556
5200
2371
3223
8388
5131
4122
1748
49
5194
6350
8212
295
4934
248
3284
5281
7409
3480
349
8181
8572
8495
7560
5008
2640
8357
1436
4586
958
164
7602
2131
4138
4096
4693
7583
1776
850
7138
3569
6119
5438
5002
8991
5667
8314
5995
1342
9930
4980
6275
7108
3080
5830
4777
9351
7504
346
418
4806
1332
3317
3687
7862
5761
6946
9102
5565
511
55
6323
9106
8074
3535
2528
9649
8620
3043
3124
6871
1332
6567
1583
9951
16
9235
4033
8623
8567
5123
1373
828
193
6630
7440
3092
7074
8242
6860
6407
9199
1710
1561
8625
241
3838
5447
3791
8277
9819
2987
8530
5989
2393
561
9622
8668
4758
422
9522
4271
5470
298
8242
1676
4205
8323
3165
3266
1075
87
2404
1156
3206
4045
2089
2916
5140
2995
6099
5215
2531
3535
8405
5462
163
7255
4313
2049
7050
3219
3555
692
6781
3747
8572
5644
3529
3075
970
2756
8532
1526
386
8025
3765
3903
1677
511
743
424
1489
5062
1676
128
7190
3882
5140
6654
945
3608
4105
5593
5970
4560
336
9842
383
1824
4869
8005
8814
5796
7396
7440
9828
701
1121
3230
8031
7493
3546
6142
790
8132
4337
5293
8318
2442
4899
5270
2037
8579
7305
3334
7794
128
8020
3743
4012
7228
3259
3486
4374
33
4940
7879
6447
4584
1817
1337
3803
4466
8309
6923
920
9840
2259
5045
9771
5904
2753
8844
4457
8485
3698
4536
2974
8308
2531
4222
9473
1557
8209
9995
5473
4226
6577
6634
2102
5998
5194
5893
5660
6039
8120
1164
7996
3697
818
7506
8192
9906
5838
4056
2081
3505
705
4714
7960
1522
3539
924
2960
8491
625
6264
740
862
9390
8617
367
7486
4619
2938
132
687
3197
4247
6490
6519
3896
9379
686
8771
9107
4648
6791
1645
6136
2733
766
2079
4949
1364
6616
861
152
1703
4436
5467
7166
8247
9765
3422
7347
9878
7719
9747
5643
8253
2172
2825
4227
5960
8143
406
2668
655
9420
4566
6996
4424
134
9621
3431
509
6558
1180
4925
9812
413
8230
4654
8379
7442
5180
9601
7299
1136
3357
2313
3227
6974
2617
3704
89
8786
9608
9462
1704
6734
5686
5833
4841
3550
2266
6728
6169
4150
6201
7214
1214
438
9980
9591
4169
888
6465
90
1911
7635
1808
5912
8268
7767
8563
8021
6070
5408
1014
9707
8403
667
5206
2898
1840
4696
1752
3722
9020
2278
8620
5241
2950
7953
4083
9499
5152
9722
5335
6228
9631
875
9040
9236
7670
9130
6372
4847
2967
633
2566
8963
6511
7335
5910
2483
2569
9622
183
9945
2253
2503
2646
8089
5699
5295
29
4156
6050
124
2075
8934
5229
3791
2661
4085
9765
6361
8314
4054
5281
2646
1913
9897
5069
7626
8529
2998
4256
7492
8196
4532
7011
9044
7977
472
53
3826
4657
6147
6367
9486
5799
9416
4279
2309
2972
9994
6029
222
9528
5682
8998
6516
3264
6218
7757
4162
4661
5583
5405
3261
4214
8561
7765
5120
3365
7030
6320
5649
8469
626
1073
2926
3335
6323
9657
415
5347
5396
1632
6213
9781
3220
7393
7481
7227
8582
9267
2864
330
739
2912
5870
9100
9091
6007
6014
1262
2880
1588
7899
1367
4169
6466
637
424
8848
7812
6920
9358
4692
3911
7351
9623
4633
3367
1446
1323
4282
7487
1859
993
2219
3392
1496
9496
8282
3067
5892
3210
9359
1242
872
1693
9882
1076
9662
8134
5088
7449
7597
7717
3889
6898
1394
5762
368
4912
9445
2054
1564
6721
874
3172
2184
628
4563
8584
9847
7524
5373
3468
5642
6841
9124
6884
4931
1971
4388
4695
8568
2469
9814
4735
4433
8686
239
3355
8245
8340
7358
2216
5322
5337
4082
7212
7449
9661
4184
7429
8356
1815
5792
6997
5818
1799
2870
4134
2912
9000
5882
1376
7499
1335
8456
9691
1928
3789
6087
6701
374
722
7874
2944
7380
8633
8159
7982
3631
6601
80
2949
3959
5787
744
3244
4449
1447
2780
222
8390
8913
5285
2117
893
3188
3437
9229
9408
3179
120
7421
6736
1456
1114
9315
5754
1554
5676
3220
7383
4394
7349
5609
8501
1653
5162
4320
8260
1380
6860
3756
1968
6159
3610
3040
8402
563
4275
826
9079
9951
1571
1925
4540
70
2993
2116
2426
8656
5910
2827
7948
5735
378
3479
2699
6866
2112
8475
478
6414
8006
2199
8213
6242
4358
853
6060
6480
3947
3264
6081
8800
10000
4411
2798
2152
4646
169
3304
5449
1415
7253
3136
598
5855
6459
469
9665
2051
6918
3412
6426
5480
1080
9651
6694
855
4681
2622
2545
4279
744
1262
5816
2716
7859
9726
5488
8670
7332
20
5862
2527
3752
8494
8738
983
1895
9024
6290
3880
7075
8055
9633
7279
8993
5353
1371
7112
3550
6406
739
6381
8188
5129
8104
9462
9364
2578
3252
3541
9631
26
8919
7247
9179
9799
3206
7906
3220
9919
5081
5664
6859
6310
2740
8606
4754
7250
8851
4766
7314
8824
343
73
424
9355
6125
7484
2352
1109
5526
5546
1833
4011
179
5027
9317
8308
8773
63
6112
3192
587
1262
2400
3559
1226
3238
1623
7844
8689
3150
5432
273
9375
6519
7322
6251
8338
7637
3951
1983
9939
241
3798
2039
7180
3144
5947
4738
6516
5444
9171
4379
9350
9917
761
1611
5072
4158
9942
3417
6067
9199
1596
7980
6641
3589
1058
8240
2980
2539
3681
2693
6763
3457
5393
3443
2794
445
8826
1708
7616
1857
2843
552
6563
741
9640
8264
4170
8429
2782
8330
771
8334
8741
2956
8712
3152
9455
2589
9092
4465
8976
6781
698
1504
9856
2248
5415
4572
9072
5986
9722
5793
4637
7960
5347
1509
2474
8926
1439
906
4196
8513
7662
439
3287
3122
4248
2714
9963
4236
5402
8530
7876
1869
7910
3418
9974
6739
114
5712
556
8575
8397
5971
338
2409
8500
7253
9067
6881
3831
4375
9620
7601
9799
7911
8228
2214
7616
3695
4201
291
387
9849
5728
8313
8738
5553
8353
2187
127
7907
6947
6418
3416
7738
2280
2988
2903
9113
5290
2073
534
7875
6503
2298
5525
5303
1767
2798
2492
6789
2932
2962
382
8018
248
