2843
1209
5069
5496
8625
7134
2085
3891
224
5691
8517
8441
3628
611
1447
1551
4503
9339
4813
8308
7790
507
3412
5730
6670
3112
7147
4867
9314
499
551
3787
1631
7156
6397
8347
4845
9195
1326
5929
328
6201
6378
3150
1552
8615
8483
6200
2119
4532
1371
2365
8300
5242
1028
5648
8362
8045
6824
2306
3140
447
8617
2647
4104
8872
175
3771
8923
7732
9318
112
8285
33
720
7942
2605
8201
3399
2275
1398
4716
7066
9692
1061
6979
1517
3652
1520
96
5457
9134
6355
6226
6702
756
6378
4452
5232
813
4230
7214
8167
2034
5964
8023
4571
9970
9593
4701
9539
2076
9362
2912
7056
1692
8668
5345
7237
403
1951
6267
1718
2233
3673
5050
2090
9099
1049
5103
9068
4399
7641
746
1431
1555
6279
8705
9919
2583
2993
8931
9439
5831
8803
5166
1765
7259
6267
9938
6100
7313
2481
4048
7373
4847
1554
4519
8121
5453
2229
5292
7728
9310
6479
6114
6637
1803
3726
6851
2979
3217
9130
6903
3117
1660
9196
9758
1296
8489
5773
6228
2665
1452
4853
4963
5607
5557
642
7960
7958
3305
8183
8740
9602
7445
3996
9533
9676
7440
6463
2250
425
7620
4114
5212
322
9407
7349
2698
2119
4258
7215
5870
1436
3407
548
2573
2505
8509
4926
9348
8130
5300
5569
1274
5644
1007
96
552
2360
472
3021
7241
9318
1738
4800
6881
5998
2707
120
8283
7983
7876
7051
3407
4593
5461
3406
8535
1010
2846
3129
1251
7734
7146
6314
6227
4968
7392
8471
5166
2406
3610
9106
732
8490
7885
91
6869
7820
7928
2928
179
984
1430
3201
6718
6158
1669
1526
3360
1953
9677
494
7355
6256
1324
7647
9138
8527
7266
2001
9625
5131
9312
1512
6364
9742
1751
3957
4758
6762
4160
7441
165
2629
1010
3092
6128
7745
7139
8500
805
2459
4553
3144
3078
1636
6054
4121
5336
6888
9322
229
7109
306
8745
4899
2183
4666
1137
8905
3580
96
3929
1194
9213
1885
2488
5992
5549
6339
1547
4446
7608
8869
2351
8397
2883
4702
4354
8657
3754
7024
4369
2962
1490
5793
8828
7647
3368
4620
5828
151
837
6104
4787
3302
3545
4591
7540
4022
1924
8929
3113
8160
5055
3935
3252
7914
9930
691
4674
2088
3799
9416
6906
5888
7976
2801
9197
4330
9561
1375
8820
8554
8751
5377
9122
5302
3670
5857
9279
6455
3585
4348
5515
90
1456
1221
6659
6445
8151
7212
3549
3123
3447
214
4739
6179
5529
6230
7383
5019
7428
6718
4980
5439
5110
498
1865
6392
423
2152
7578
6083
886
97
6523
7847
3673
4226
2484
6625
2316
9876
8376
5489
3750
9421
8757
3175
7437
2681
9857
9634
2108
707
6417
2951
9494
1519
2043
6265
5740
140
157
2489
1504
6615
970
8563
7300
2716
186
4329
3591
1940
4106
4854
9772
5938
9713
1101
4886
8415
778
4422
6354
980
3744
7024
4879
9930
7074
9540
7625
9731
2205
5145
5331
9761
6255
6597
6390
1466
6666
6804
9803
6110
1478
7034
3953
7219
4698
1118
6990
3313
39
6232
4552
7336
8624
3762
306
712
8186
3785
5332
6677
4303
6679
9460
879
5542
3782
1061
2758
3043
3568
5680
5936
548
3286
7980
9387
8632
174
3926
3404
5486
7543
7948
4456
8142
5804
3151
1594
6263
8721
7834
6412
1012
709
8844
2675
7488
6148
8695
1673
9140
6715
5823
2764
5365
5740
4672
4198
8226
5723
2840
9608
6063
9580
9565
2667
1311
8282
8077
3706
5918
2156
8987
4130
2856
1947
6812
9794
6788
6854
2641
4371
7827
4891
6097
7249
3941
6552
2494
1483
9684
2077
9249
8045
8550
2121
7366
5054
52
942
7205
6712
7098
7507
2498
7886
4812
1783
1552
4774
4033
4275
4854
3708
7661
2457
1110
6977
2844
436
7340
5778
9316
1207
5841
1516
1016
3894
6041
6288
5630
8787
4018
2381
2324
4151
1373
7811
8280
8978
27
5937
1937
7886
2306
4408
1583
24
2909
8649
5900
6632
3139
4955
2771
4775
5458
5928
7479
8468
1615
1130
8754
5474
7044
8919
5887
2939
378
7217
8878
9505
2905
3214
6778
2845
8907
4247
7301
8311
912
6844
4951
9445
3909
2512
4059
5680
7345
8604
9553
5279
5031
2243
2352
4270
6346
6539
5038
7881
3867
7585
9173
7808
5776
80
440
6486
3669
4306
613
4908
9177
5794
4040
7955
5562
3441
9119
4083
4792
3911
6469
1444
9021
1634
5404
5957
4363
44
5131
6092
9008
434
5584
2519
3920
9480
5025
6710
9658
7225
1712
5029
9261
9254
1712
7655
4715
6698
7816
8167
5661
5131
4730
8567
5616
2201
1529
7285
8186
5976
3239
9632
5907
5798
5141
2322
997
3794
4963
8940
4646
9969
7342
8603
8315
1242
129
9889
3057
9748
8483
5629
2266
1032
3420
8568
3194
1834
1401
9506
667
2320
3448
965
2212
7880
6462
6934
3218
5781
3881
9331
9668
1732
332
6145
3531
6984
6014
6782
7646
8809
3637
8662
5121
6145
3740
4999
11
8809
535
4057
1442
5589
7309
7887
6658
9736
2279
9341
2461
5878
4211
3349
416
1042
5351
6764
2756
8966
4437
8454
2430
6161
6344
9763
700
5079
5028
7809
654
533
7702
8999
9662
4953
9415
4035
153
1220
5637
9257
1380
7564
2765
9145
7369
2885
541
2227
8597
6498
4930
2516
9899
1219
6208
5749
7538
8430
4406
8322
674
3509
756
5050
5883
2625
9475
6723
9240
4897
2221
4149
5076
353
262
1046
7702
883
4431
7932
7009
9322
2023
5235
8326
4046
2866
579
6979
587
4955
1019
2457
390
4002
3624
1708
8954
6116
9162
3312
8050
641
4553
5073
2303
1943
4287
9442
2967
4343
4467
5294
9803
7754
8299
1664
9765
6134
2347
4201
5331
4172
5394
8896
7592
8343
1599
4136
3634
4914
1494
4843
6911
1396
7079
5707
8778
4961
895
4188
272
2305
3015
6470
6482
676
9964
1856
2179
2166
569
9300
4024
3206
531
3855
7516
896
3067
9774
8814
7306
297
3299
1473
7751
1621
378
2069
178
7399
3577
9207
5031
838
6458
913
4172
2755
7181
7985
9142
431
9808
4631
7718
6374
5764
3246
550
15
7802
3442
4629
3232
2981
5083
5901
9327
8510
3743
7050
9839
4108
8175
7984
7910
9609
8083
7795
9519
2687
2700
8383
2038
3301
4077
2787
5811
7238
6252
9890
7416
5929
3011
5733
7137
6942
7690
280
3646
1777
9117
8128
4571
8426
6992
2599
3744
1109
6920
5783
4975
4857
1042
6470
9759
388
9339
9175
969
9023
2339
6830
3169
9234
8763
5557
4035
5070
6252
1860
2768
8003
6783
8755
8528
7566
3719
7767
2223
2377
1164
6382
7252
6434
6180
699
9887
5017
5309
3722
5757
4109
9303
7441
2068
2300
3283
4787
6356
6088
1665
3741
1130
9753
6802
7878
8392
866
5087
569
3615
4923
3953
611
3632
4910
2458
6865
6920
8828
6335
9253
7828
216
8529
9307
8
9568
3671
7537
1468
2726
3537
3105
9123
4510
4556
3278
1498
6254
8979
6868
1500
9643
5480
9119
6045
25
6425
721
6907
9842
43
1056
7917
6719
1605
7037
1857
2715
4628
680
1888
2240
6406
871
6446
2111
408
2045
9730
7728
3414
7779
4574
3548
6840
9651
4374
2035
7150
9867
3170
3730
3503
1585
4071
6000
1554
8134
2923
3798
3136
3135
5402
7687
8376
864
592
7420
7154
7678
7506
9606
7620
5324
9839
8265
3185
384
5033
4656
4107
2592
5327
808
2200
6253
4276
6335
8360
9437
3273
1218
4095
8202
9746
2346
2260
5081
7986
4629
3490
4275
2835
2513
9852
9933
6045
8107
7550
7957
6586
5355
1495
4759
8634
3373
8655
4577
9234
6898
7235
3214
3825
9587
1029
962
2809
9465
7442
3214
3567
6930
3772
7109
9905
7452
1596
6263
3583
566
2529
5048
5660
7485
8311
6851
9560
2738
5500
3378
4595
9404
2496
5214
4306
3206
1409
115
730
8843
1279
4828
7216
7453
7927
3915
6435
5767
2556
3089
6883
5370
7415
7085
2190
3048
323
5837
5595
1978
5826
903
827
5348
7920
2557
7011
5254
3046
2768
9066
1154
8015
8282
9044
6559
2069
5401
8402
3580
5376
7556
850
9174
8128
6251
5049
1325
8737
8447
9399
9196
4995
5521
109
9504
8555
5796
4156
4760
7255
5848
5792
2255
4070
7653
4566
2943
5197
5992
2607
1256
5608
9918
9732
4556
426
3412
630
817
5014
6227
5235
605
7200
6170
1472
4078
260
5010
7393
6337
6865
2861
1975
2818
5846
6926
3036
1641
3337
2580
9773
1096
8113
6379
8983
2717
2251
616
765
7338
2286
3538
8371
7858
7069
4962
6675
7307
716
8155
3822
3003
3263
628
6624
719
4372
2448
2707
9215
7529
7479
5408
2171
2262
4957
7026
4192
7755
5013
3807
3806
7270
1065
9308
3322
6831
6408
709
7597
2605
7644
5183
2870
2143
3060
5853
3036
611
1710
7728
1512
7921
917
5685
2073
5935
695
2995
3586
5966
9481
1859
7272
8126
5006
4243
8024
1294
3141
3476
5492
9465
2322
7954
2461
4270
4464
4828
5173
631
9866
3083
9572
3605
239
763
5022
3305
875
3554
2724
185
42
9547
8450
5591
4278
2020
8644
7911
20
1658
4693
5614
6197
9648
5475
2216
5512
4465
1946
9805
1575
9276
1957
5024
5174
979
5608
3704
6171
9203
9021
9384
5964
4527
6690
2841
259
23
892
9892
7516
4535
7985
3226
4557
4715
6871
2971
4836
8038
972
5837
7570
5534
8189
381
8772
7811
7280
7893
1443
6807
728
3917
110
7390
6450
9985
8110
7549
491
9700
1358
7864
4407
6441
5341
1760
6593
6672
133
1053
2905
8651
5256
983
6926
2170
441
2810
1706
3371
7688
4662
3149
2387
9027
6653
1425
7436
2571
960
6030
2157
1028
1355
2913
8534
4696
3391
330
6906
2406
1714
2590
7232
864
2641
2345
4407
2128
4809
4521
7391
9186
4782
7034
5451
5771
6805
6580
3947
2443
4158
1048
4082
1654
9234
1817
4111
5606
6953
197
5159
257
2581
5752
582
93
6630
7389
6855
812
3384
233
7799
1304
46
1257
3515
6458
3555
8033
769
8306
6278
4360
2718
7468
6520
1422
3590
6084
9537
4229
6465
3226
7933
4336
5886
6805
5859
9065
7563
1508
2899
9465
1219
4546
783
7650
9423
4096
9544
1794
6188
6934
1915
933
2288
5868
6823
2688
233
151
5214
3704
2812
1019
5612
9864
4300
8508
1938
7776
831
9231
825
8611
9404
6229
1683
157
5209
7109
312
4590
9212
4483
5326
491
8344
3805
59
2498
9174
54
9587
4086
914
8616
8227
5577
3758
4191
7603
5350
3112
5202
7809
5655
2811
6435
7961
8186
2072
7448
4450
3894
1859
9742
1976
7704
4530
8963
2566
503
2822
219
9670
7795
5845
3603
8971
9427
7821
4253
1906
6771
7498
7369
7437
9887
263
9804
4734
4283
9995
6624
5590
3100
3120
6409
1482
6698
9104
3329
7458
8328
7585
2649
415
4915
372
453
2926
2753
7122
3326
4367
2039
4447
5407
8235
6030
5006
2679
5824
2008
1607
8795
2686
7535
2556
5227
2644
4760
8664
2272
1366
5046
5012
3420
4016
7497
4541
6372
2344
2314
2525
5667
6786
7915
6020
3786
8421
1221
7137
5966
7481
1736
4942
1578
1093
3379
422
7430
889
4979
985
7926
5389
9748
4145
2540
9801
4934
1743
8930
275
9734
2371
664
8862
7510
1586
1022
1728
6466
4330
3770
7649
3235
8187
4615
1067
8058
6131
1101
5460
4928
8982
8145
7594
1649
9093
9928
4850
2979
7580
3315
5544
4017
278
5335
1542
7802
2697
2919
7984
772
2384
3799
2360
7645
6985
5643
2239
7532
1712
3489
6058
7798
5467
5215
389
1024
7615
5580
3799
6909
1516
6412
7386
8756
3350
2432
8569
2450
390
9948
4629
1641
2575
5031
8968
4561
151
4041
3877
5663
3732
1438
6380
9095
870
6419
9462
9507
2325
1790
5865
4051
4872
1003
7134
5845
4329
363
2872
2376
2797
6655
2712
103
5014
2539
7866
5677
7753
3446
9938
7031
4735
4692
1107
790
9393
9559
5852
9121
9421
4709
7292
174
7716
2826
2524
3725
8232
824
6656
1405
2411
3010
7636
2027
9301
6131
9186
1767
5225
9375
5939
1476
4111
7484
3900
8363
8183
4217
5337
6726
2494
724
4544
6326
2923
1756
8976
5571
2102
3410
6504
5129
5601
7803
4149
7879
5811
7962
1196
6866
6331
3829
3520
4575
8395
6142
4082
6000
7447
4731
5637
4841
7163
5773
7496
6454
8879
3497
2106
8586
680
8673
3436
5709
4220
1855
9502
773
8175
2962
6352
2387
8477
6687
4689
6068
902
2367
8703
8433
3756
3199
1116
7667
993
8550
3667
84
42
4606
2703
6840
3507
3362
4724
8637
8644
4679
9568
9728
6952
3662
5300
4215
1762
3428
4537
7991
7921
2725
2432
7765
747
3243
4785
6527
498
891
8380
6901
6746
1589
2731
1143
2107
4897
8340
574
6120
3435
7110
7502
1870
5835
8105
376
9062
3286
196
2823
2867
7067
726
8808
4073
461
3758
7393
1191
5103
7312
8232
1941
9887
7452
5812
4128
6040
7072
3861
3767
4287
9385
1563
4298
1026
8287
9812
7081
2736
5661
8692
7671
9323
3665
7135
1511
7340
5862
5559
3173
9416
8342
2719
9298
6677
812
8881
8152
228
2100
6238
9917
9674
6683
5730
3952
3184
5720
5796
3934
3728
6380
7766
2557
3197
8212
6819
8834
343
9596
4300
8761
2347
5160
7556
866
6694
9152
8324
126
3533
5285
2554
8221
338
4417
2982
7346
8121
3202
3453
7647
4415
6833
9739
1349
8962
6326
2251
5540
8175
5526
674
4994
902
731
7978
7092
6806
4428
5615
9172
3997
761
8400
8457
5395
3660
165
3787
6470
4299
9748
6534
8948
3530
6181
4450
5898
5000
6986
530
6517
2628
3638
224
6077
8167
423
9011
3287
2361
4763
4037
1333
954
6825
2867
9028
4841
5651
4808
1192
1837
5887
1550
9805
4730
7076
5580
5110
323
3659
3035
5163
3966
2799
6066
1783
551
6957
4328
8799
4631
3866
1845
7378
2466
3937
4375
2858
4176
5689
8574
2960
6733
7076
3468
7661
8212
1739
3839
4996
9913
2122
2151
4064
8052
2130
4875
2446
4346
2874
6329
4491
457
8881
3965
8703
7952
7659
4426
7693
8109
6
6460
5488
4327
1415
4475
6073
5143
5796
2045
2948
7802
8766
1141
3375
4503
5428
2165
6450
1875
5416
4868
9159
6711
9462
1628
7994
6983
6646
5052
3961
2547
8582
4279
2689
1920
6071
3007
6314
2080
7077
7173
907
8137
2277
457
48
5497
4458
7479
6901
6528
54
3251
1528
7140
9303
5227
3989
3210
7541
1121
4756
5455
9737
5311
5946
9806
9097
4367
8780
1150
5323
6713
7548
4297
5583
7090
3131
3665
2834
9989
7116
7088
8814
1508
4627
3510
316
4721
9317
7774
8878
845
1251
1930
3064
6069
8308
6573
7865
4180
2645
6872
9764
5353
5783
5353
4803
1338
385
1853
4816
6105
69
2785
6675
9330
1903
222
1448
7525
6718
8569
9676
6580
4250
4306
6405
9025
2638
3558
2715
3349
2924
5016
5848
9642
419
4859
7317
8485
9966
6661
2602
373
2353
892
2127
9381
7079
3950
4764
2598
3690
1184
4266
1576
5758
2045
373
9062
7122
6232
7937
1650
4697
8633
5590
8014
2073
5829
2675
9265
9078
8550
9961
4454
1073
6366
434
9997
275
5410
9011
4977
271
7159
6871
9891
2529
6115
5041
977
3185
6450
3747
7994
339
733
7727
1737
8401
9440
6033
2806
9169
684
2614
5833
4506
3525
6773
576
3631
9378
4822
1481
3476
9966
4047
4848
2349
2248
3337
5493
8662
7816
4595
4661
3937
724
749
8316
5416
1088
5365
2795
1638
9516
9063
3402
2129
2740
35
3798
6557
9960
7202
1052
1622
4506
5410
2248
4472
9005
6433
7675
1050
9099
6552
2148
6276
9535
6103
4501
4608
2264
4241
3483
4022
319
7233
385
3831
8815
7560
52
6678
60
5670
5639
2820
2697
1602
4652
3956
3103
4845
375
9244
4113
7953
6956
5381
6535
1438
7860
6453
2502
5558
8083
4216
719
7805
8965
5819
3382
6159
5731
3589
8966
7811
5625
6944
3261
9629
4122
3863
2399
4110
6344
6318
6690
9398
6825
3721
8858
9962
8976
7477
1576
1318
5951
8257
9932
5615
2370
9034
346
4509
4914
6754
3645
6410
3667
9640
2847
9798
2057
2111
8244
2970
1372
964
7322
5718
305
8152
9292
4544
1431
267
300
7887
9181
5083
1766
6968
9037
6487
4686
7175
6368
512
2256
9793
9892
4314
7863
3343
5379
7789
1212
9262
2978
9607
3260
5947
9146
3234
7646
5414
4428
7454
4328
1721
1889
6783
5268
3059
7634
8293
4278
287
6383
8066
6827
2840
2902
2482
8833
5542
977
4755
6309
7554
7080
5748
1297
2852
5189
8729
3848
1456
8151
8976
7344
5987
1838
4824
6247
7810
915
1838
2802
8187
6242
5678
4792
3322
4492
7627
9720
522
1028
6151
5674
9998
2542
5917
3945
7564
2
6791
1289
8811
8553
1456
4952
8584
3057
4653
7973
3221
5080
4202
5675
1434
1953
9025
5017
4579
5230
4130
5545
2647
9981
1031
4911
9027
2389
3943
4746
9173
2227
8103
6029
2327
1481
1197
9574
4483
4847
9612
2068
3962
5755
2732
3925
7534
3014
4990
6867
8972
1378
2632
9776
6217
839
3554
6885
521
4650
7885
8271
9780
8928
2185
8588
5036
112
4827
3909
5731
2896
8731
6616
8042
4124
1684
9086
4809
4147
9032
2003
6998
3898
7248
5577
3870
2757
7222
6930
7439
4288
3486
3969
3227
7046
8600
2400
1786
8957
2687
2261
336
3300
6708
2055
752
9092
3570
6036
1657
8333
3091
9352
2760
3359
3479
5582
1472
8985
6409
5227
3332
5876
9831
8987
7309
2393
8151
1577
1043
6163
4735
5740
4518
5412
2117
506
8922
1411
3308
7542
8440
4119
4935
9357
1319
6576
6850
8696
9058
2559
3475
1717
704
5555
9691
6079
3456
9118
593
6250
194
9472
5009
2847
2405
1796
6930
9928
1997
1281
4110
6720
6954
456
6665
5432
6374
5156
6232
184
617
8359
1457
8922
5044
9150
5823
8172
9086
9881
2876
1600
282
5574
97
7005
5662
3339
9336
1009
5899
1266
526
2774
226
3979
2775
2381
6556
782
4607
8466
7621
4869
8295
632
467
7652
5104
7786
0
1544
1230
3411
478
1561
1943
5360
2287
9923
2283
1566
1314
8273
4737
135
5587
8163
7554
6777
6171
1875
3070
6545
3786
5917
2695
9852
9575
3640
6317
9241
1840
5734
4376
1469
9159
3015
225
5160
2816
4304
1640
3179
1126
4907
5735
3954
5744
6748
4043
4869
5737
5115
5690
4728
7499
233
2374
9490
1482
7932
2361
4197
8063
8727
529
9077
7710
8589
8509
2882
6023
9908
862
7244
1864
5889
7015
536
9600
4419
2604
8604
5127
2895
5687
6974
7801
1070
6816
5550
9681
1844
8952
8159
251
3562
67
8139
7455
9181
5882
8545
1610
2584
3086
8245
9343
727
1415
6820
4967
1351
372
9122
1383
6465
6037
5711
2692
7592
7492
2105
4047
3410
3354
697
8061
5756
4814
2005
503
9706
1153
8093
7062
5452
876
1484
9608
6978
2866
7591
3131
913
3744
32
2109
5831
1086
2312
2698
4281
7647
6621
8263
6546
8369
362
9013
9105
3874
9551
2010
8010
4641
2810
6224
1535
6996
86
3327
7922
9295
5592
8469
4111
4775
568
3495
8952
4985
5520
8237
935
9560
9609
6366
4734
8020
3196
4745
6452
2544
438
7463
1783
4968
3135
9108
4564
3831
648
7985
4922
2876
6877
4634
7134
5513
5438
7653
4177
9800
7849
695
2562
724
3935
7891
4814
5665
7148
3196
8849
5053
4432
5639
202
1412
9794
3234
1856
4748
6749
5062
7606
2247
2718
7695
9090
2067
240
2990
7764
8405
6127
8139
1551
7279
8871
661
89
464
2235
5038
7764
9294
512
9324
2109
1359
3836
1116
2044
5756
4734
4486
6716
8069
2481
3744
1794
2282
6700
5192
7506
4502
3544
8021
4378
98
6870
3139
7175
3489
3729
8856
5861
6162
7679
9315
4456
1810
9661
8287
776
2913
5933
6584
9286
5845
8386
4129
9253
5942
8958
3181
923
8998
9002
7173
7151
3104
5182
6458
1502
3215
4398
9886
2691
2943
3957
4003
8282
490
9575
522
194
4968
6134
2304
3366
1066
2313
5675
7089
122
3600
290
4101
2424
9926
9103
6147
4630
5397
1173
8995
6791
5510
7740
2025
2953
6234
5407
1850
3712
287
2281
1829
9118
9317
7407
1906
486
8905
5104
9064
6510
2770
1976
8786
1086
7698
5116
9512
478
5141
6995
6373
5090
1335
3745
4906
4679
6549
5282
6490
4625
6490
9157
7071
7955
4376
1157
9592
4309
6242
3010
3204
867
8326
8198
7616
5845
8559
8558
6535
9570
9233
849
3404
2890
2025
5567
6943
1345
791
6265
2571
5503
9530
1208
5298
3020
6216
6517
3943
101
4951
4336
3596
1945
407
6679
3996
9916
773
5152
2028
9854
9505
4152
2877
3074
7022
7940
3035
9689
935
8955
8454
6942
1723
4946
9100
7565
2126
6117
7691
6168
7197
5767
2649
8250
1155
2124
1534
7114
6568
6766
39
4165
1422
3843
334
3475
3460
2699
5965
6519
1359
5639
6020
6400
7397
9581
8659
2289
9745
439
6672
3074
3886
3201
4095
268
4815
2904
8071
4333
9655
3624
2427
1086
8168
8899
6771
3387
4009
9411
8735
9096
2505
6023
9128
8222
7212
5037
7907
1325
5833
5943
1729
8015
9003
4230
6184
9568
515
4723
8815
9648
10000
3134
9968
5086
9015
2325
9904
8699
74
5763
6779
5338
3906
4654
216
5915
6793
7516
1661
1319
8436
9353
2510
7414
4475
6552
3685
6956
4953
5119
9660
3262
6988
7653
4913
6426
9809
6138
281
8982
6796
1761
5758
2921
944
823
8516
3626
5358
2330
5718
8109
969
6752
1462
4892
433
3575
6952
9522
5890
5757
4489
1839
6225
9625
6693
6415
3683
3941
1766
5726
2633
428
1445
5249
3853
3599
7876
8227
8148
566
4548
1212
6274
7633
2421
5005
2758
1090
1279
4016
4483
4890
70
2114
6972
6315
635
1280
4457
7403
3272
7943
3876
2466
5074
5460
8427
4171
2484
8927
444
8841
5462
3877
2790
5895
9845
293
7835
4966
4862
5713
1719
7006
7735
4869
7933
9308
4147
7041
7815
3392
5463
8565
3709
3660
9221
726
2334
3613
3960
9712
7415
4113
5738
4614
3813
8715
9079
6278
20
9511
3427
1953
9045
5999
4914
8530
2141
3153
1023
2108
9309
9430
4803
2492
4352
6385
4296
3924
1200
991
6222
7121
6440
2855
2
6875
5397
6221
3537
3591
5353
8776
3116
5121
5694
2668
6101
3781
8741
413
1413
9162
3787
2891
1225
5273
777
4258
6230
3343
8520
6142
7369
9002
8264
7279
99
2122
7300
2891
8796
1127
3334
4625
4687
4112
4359
834
4820
1023
1898
7963
7662
6554
5410
3452
1478
1900
9361
2707
174
1423
2307
312
1478
8799
6305
7720
5133
4101
681
4337
4728
8576
611
1779
27
2057
3469
7131
8548
7440
1926
7837
1521
1422
4978
7889
1829
7698
4967
4956
3033
5597
3139
2178
7846
4464
4540
2284
2038
5470
8915
1124
7433
7085
4707
9015
911
8065
5907
8416
475
9864
3717
5587
6176
9944
7085
1826
1788
4376
2816
4672
6590
4752
7032
1916
7439
2686
9127
7037
5422
264
8932
1686
1090
2429
1527
8489
8280
4342
7070
1690
5012
3984
6983
9698
8255
8621
2941
1716
2887
1834
4367
318
3803
7083
851
4993
9912
583
8906
9002
5229
4498
4487
1348
4520
2920
3748
6654
3696
5432
2776
8274
321
7334
228
1882
2330
4965
2517
9310
4503
3937
2106
442
5598
6696
1619
2373
5243
4216
2521
1618
3932
9242
1687
217
7243
9962
4199
5899
1698
6938
7336
5776
5437
7684
746
783
6733
4134
246
745
7901
1675
2312
2699
4261
7341
6593
6492
5580
7597
2985
3673
13
401
4826
1341
5012
566
904
2628
6521
7440
5936
3032
6366
4415
71
3373
9928
7262
169
1275
5302
6479
5599
9115
6907
1206
1741
9693
3264
7527
7704
5469
1358
9673
4960
4313
2956
9996
3911
7791
2100
3281
622
6968
5501
5058
6894
7899
2264
2008
3715
7769
9464
1207
4587
1651
9076
2938
2754
4751
8577
7873
3157
1670
1720
5224
3965
8458
9713
3138
3507
4446
8349
2277
525
7064
1131
8464
2628
5717
480
220
5564
1859
451
1765
4017
2712
5335
6301
3439
1689
473
1899
5047
9395
8655
1034
5395
264
4923
6551
2494
1007
3720
8286
8472
9246
5256
5639
5811
1263
4794
3122
9415
5487
9389
622
8282
4308
3906
1055
9237
4123
8180
2692
3037
2437
2976
3886
9631
9116
3539
1127
6589
9876
7975
5197
1058
4618
7988
8493
5884
4984
237
5791
4962
7042
7282
5952
173
1067
9497
6227
8509
5002
5759
3429
2881
8606
8630
1756
4024
6076
2737
1288
8293
8928
8641
1482
3203
5574
8688
3079
1181
5677
6039
4657
241
1740
6997
9170
9829
1043
1432
1351
8928
6345
8606
8919
6084
6654
9069
8397
373
5131
4023
1446
7258
2545
8710
7159
5568
9944
9861
9134
1848
2262
3486
9092
3728
5557
7489
1752
6884
6141
6334
509
3598
1118
7347
4750
443
1800
5028
7939
2236
6651
2556
9900
2021
9944
316
7767
9119
4177
2073
5783
7203
7305
8091
2103
3367
1617
7770
7166
4384
106
2292
5211
6827
1882
3945
3221
5554
1181
9445
8288
6110
7777
8670
5266
4256
668
5030
7552
7147
4287
7990
1092
6626
374
394
4520
8020
4299
8077
6136
804
9021
9702
9997
2336
1431
7946
6998
4985
8020
7346
374
6265
3346
5803
6379
1335
6768
4020
7524
662
6450
3996
4610
8002
7881
722
2586
5167
2026
5601
2020
671
2891
3221
907
6642
4689
2178
3723
4997
503
6300
8314
917
8072
3351
5151
1325
5071
3794
6523
5360
6657
1759
619
4180
2946
346
1045
3395
7184
7392
6292
9177
8193
2032
8099
7020
1378
2329
7059
5178
6643
9098
3107
6998
9135
5435
2544
6336
6090
1660
166
7241
8685
5307
4040
9573
7673
6145
9033
9234
3539
5878
4632
5186
8895
2223
3153
5137
400
2092
6917
467
2226
8992
7255
998
4558
6407
6615
2530
1581
7896
5485
7749
3950
5481
5268
3762
101
2384
8430
3409
8796
4822
1862
6911
172
8692
3798
2997
9149
3611
795
5673
9528
627
6023
1
6109
121
7287
3609
787
4048
3142
5666
5469
9472
2891
2569
9860
2683
761
9972
6602
8323
1741
4672
8383
1406
4356
4313
2137
1649
472
6089
8630
8866
6984
3319
6828
4091
4570
7668
5635
7333
9108
7733
1736
1822
5680
4590
4863
9117
590
3005
3617
1881
4518
1904
723
751
61
8987
7695
3005
1788
2303
2381
6136
1979
4607
6656
4535
8703
1410
662
8405
4291
6891
264
3966
1465
3171
8
5658
3531
8132
9039
7983
2489
3515
8540
2292
1934
7244
8900
4148
8048
9752
4261
39
7466
4859
906
1709
4913
1207
7103
6437
8907
6815
9054
1048
9361
6971
5586
852
7325
189
4869
7969
6421
4992
6209
627
1053
5844
6999
9388
7041
8732
7149
4587
8935
4395
1732
6639
3427
9744
9679
3406
391
6712
4398
3051
6728
3956
5128
7836
722
6136
5200
8852
3486
4303
3785
4054
2452
2096
7584
2229
5199
2239
1960
7886
7095
4840
2558
2087
4807
2556
6887
5860
6688
925
1228
1714
1718
6648
1199
8753
707
2160
7622
8797
7940
7825
3754
4481
7442
3492
8053
9140
8876
4078
3498
3418
2486
3632
8451
3213
599
8424
8339
8006
8930
9348
8634
83
5168
9767
4218
2532
5420
3837
6432
6909
1509
8654
7963
5818
9574
2940
7591
8458
4967
7721
6541
963
4962
4742
158
307
5176
6681
9627
2715
5648
6011
5368
8042
5668
4941
8148
8706
9873
5228
803
8151
1017
2306
4374
7626
693
9357
630
7621
7000
5439
7680
6292
3921
4914
50
3740
9250
9341
1474
56
6069
6647
3648
3276
6638
9961
7360
3711
9869
4464
4991
9691
4665
1130
5402
6960
5519
6400
6124
5738
6556
1814
6446
8866
838
5635
5864
4868
4216
2579
3356
488
4585
3740
2449
6829
8512
5119
2941
5312
3234
5265
9765
4116
4809
1876
4589
7526
7910
8359
5179
7155
9444
9122
2822
1691
8117
6626
4014
772
8780
6183
9491
9816
3064
7127
8869
2520
2172
4283
4632
7225
456
157
5696
4515
6300
5490
5521
3609
16
5350
9019
1765
7405
7173
3568
2294
8808
5300
8207
6215
816
7658
3447
2666
3485
5558
9227
8644
9530
7641
1583
3397
240
8371
4162
5300
1490
4086
4509
5868
7193
4297
4063
4357
9794
5672
8060
843
789
3457
611
234
9952
7957
7118
3968
7643
3577
8630
956
7921
8898
7556
1890
7119
2810
4498
2279
57
4915
9983
8271
4262
1387
970
9260
3670
3247
7174
122
3152
6798
4478
8510
2144
921
941
426
1883
4729
228
8474
8279
8472
365
6464
7910
9110
5063
4077
5458
9473
5485
9837
1335
6356
3294
4250
8270
3632
934
380
3343
3596
6158
3621
9737
1641
6443
2317
141
7
7013
4005
3863
6397
5078
8243
5536
7696
5627
1447
7090
3071
1290
5568
4888
9742
4266
6000
2942
4644
6058
4821
7035
1218
2284
6074
3668
7454
7734
739
2384
2373
9441
6030
9067
5078
5143
580
9174
9010
1518
5347
6106
8436
7786
1272
2070
8565
3987
6456
9682
9993
2641
1332
5325
185
4074
7152
5509
2743
7023
6107
2602
1260
1645
2670
7261
5591
9666
7217
9253
5448
3715
6932
8397
6468
7387
2191
8807
444
1918
5880
8937
4262
5327
5866
1026
3710
7773
7493
6386
2404
5548
6509
8059
2287
143
473
4294
2689
886
6408
2671
9748
2980
773
5519
2694
9974
6090
4822
4693
5187
1820
1383
311
129
5036
4049
4923
3842
5384
7681
5515
8452
5871
4050
4036
7688
685
2743
8005
8152
255
8626
6580
7435
7932
8603
4965
876
1753
4061
6591
5229
146
3286
8461
5645
4048
2907
9979
8989
4470
6096
184
2880
5049
6201
7714
7129
6455
7524
443
2445
6947
6757
4613
9025
9671
8027
9866
1390
7638
7417
998
8786
5906
8943
4815
7297
8314
6320
5128
7628
4954
3704
8111
8369
3279
9694
9763
6561
9948
2535
5069
3744
5833
6455
2014
5868
10
2260
1691
1573
1436
5088
3572
3939
1653
1167
2521
6002
5956
8430
551
5614
5794
625
1978
3478
1733
8617
6591
608
9984
2545
609
6938
5460
3313
9461
168
3186
9727
4673
9653
2196
3652
2209
9812
3421
5219
9657
9683
2908
6374
8456
3699
809
3563
5232
8386
9989
5452
2096
7423
8282
7220
9087
9264
735
9317
5383
8982
1544
830
5450
7637
3755
1277
2252
8576
6484
3964
4676
9856
5658
8404
573
5943
8738
1585
4273
8061
1618
2458
5030
7211
131
7009
3381
7341
8991
4242
2405
2260
452
2318
7383
430
4392
7609
2062
1646
9065
8319
5407
8360
4179
8264
2379
9048
4443
9576
4234
2983
8065
6262
2579
1101
5079
7263
1894
1834
2783
4253
6193
6884
191
415
8746
4562
3464
9624
3999
3756
1202
244
2206
6216
9974
4954
60
8469
2965
3731
4957
4624
867
1910
479
5800
2485
7125
3191
2038
4068
4810
7476
8814
2972
5720
7248
9485
9480
6388
934
5317
4787
8063
2270
5162
6704
8966
5121
8176
7144
3963
3867
2529
8837
265
9963
3849
8746
4571
4944
9295
3649
3150
1979
4570
4108
9090
5500
7851
4958
4532
3299
2053
2218
3007
8622
1663
3227
646
7154
575
2449
98
9811
1339
1263
7158
3021
8333
2266
2285
3243
8727
6204
6648
3446
809
88
1358
8638
115
2995
4193
3583
308
5145
1923
8651
3682
6134
3426
9124
5774
1020
8450
971
5266
3728
6313
7583
6100
4353
3402
9708
7270
1660
1021
9731
1883
5050
2116
2151
1553
1896
2707
3032
1321
1658
2892
2444
5681
6550
780
6564
8465
7043
1437
8205
7758
4409
5021
4142
4974
6347
7535
6843
9115
3437
9752
2792
1536
5132
2612
5482
1005
7786
4152
741
3746
8724
2112
2098
3099
2162
876
8673
4559
4305
1198
8025
7453
2732
4523
2510
5452
2177
2712
1322
3325
1061
9523
9872
2018
2309
3242
8053
8563
8762
4576
602
9906
5412
444
9737
6578
5480
204
3883
7168
1807
2588
893
5774
2751
2123
38
2623
5280
3236
4004
8654
9661
2531
7982
7041
1398
5764
5060
7744
9630
8082
9382
9301
6596
3466
4709
4044
8932
7924
1039
4182
3291
2955
3596
5688
3072
4439
9247
328
7301
115
7067
329
5483
6822
8968
1894
9646
3192
6469
7697
1478
2802
820
5704
8741
8328
7060
8942
4251
4638
5810
9556
9206
9723
4314
9309
8157
2432
1951
2026
4418
341
6514
7808
3150
4643
8047
3507
6944
9465
3984
3849
8095
7690
9221
2166
8933
4948
3463
8179
426
7220
7416
1549
3971
991
5618
1186
8485
9286
803
2653
270
4349
5640
4798
4281
603
4242
366
1389
4786
8958
8793
1700
3005
6090
9635
3553
9669
6367
4698
8707
5639
603
2959
7122
2269
6522
7130
2753
4501
705
4653
142
2915
6508
8654
9543
9419
6350
6172
9020
7830
6523
5829
1195
6335
9445
5156
8678
3573
4429
7428
8842
38
9172
9347
4484
2191
9541
7911
510
7354
9330
4516
4580
7
6932
773
1377
5753
5834
1219
1753
4308
6750
3414
5315
9916
9479
4319
423
712
3233
9831
4778
6873
4011
5991
9316
4113
4526
8837
3836
6428
2624
307
9558
4210
5162
8945
3682
603
5849
2584
8280
4112
88
5197
7284
1868
7767
4422
9081
3442
3191
6391
5866
2148
784
4252
256
9605
8860
9266
7890
4
7924
5247
4092
9782
1064
4334
4213
4495
5472
6941
5948
6029
851
1604
7016
2885
2094
619
9212
4884
2031
5596
7051
4976
7028
5255
9275
3501
7938
599
3659
5796
803
2511
2403
6064
2692
8858
2402
4115
1269
8574
8826
4116
2399
3680
7989
2361
3015
9679
2253
7649
448
6485
4083
1117
1006
1889
1737
7524
1056
7976
1539
9119
6024
5689
8886
8606
3615
2094
1410
5527
653
6601
1323
1451
4001
2418
349
3031
3446
6297
3030
1319
888
1635
9303
5504
6467
3267
3389
9917
3657
9135
2975
9510
1532
2277
7355
528
4606
936
9643
9902
9576
3343
8085
9195
7247
1795
4768
5209
624
7204
9867
5029
3664
8753
5775
2381
7450
7029
7592
8468
327
3168
7263
5907
6448
8913
8126
8425
7567
7267
2785
6314
242
1199
9949
7014
4008
6015
6509
6247
9769
2502
9625
4639
7152
7755
1303
3478
9435
9946
9950
7616
6779
5275
967
6650
4502
6178
6535
1080
5768
9516
8688
2302
7466
9613
2637
3137
5376
250
8405
6703
8697
2461
1389
5190
2454
9309
6717
6169
9056
2595
3635
5743
2273
8953
2458
216
403
5792
5004
2793
8548
2209
5460
9637
2485
3172
5148
3532
9800
5589
8120
2683
134
4718
3543
3500
7132
5128
6845
280
5671
8631
163
2389
8293
30
7359
3450
4110
8357
2612
4154
6935
446
5437
8213
1162
8102
2399
1782
5658
7196
8508
4196
4920
10000
6904
2041
5350
5919
7015
9992
6439
4991
569
8079
7370
1827
3922
5602
1493
460
4791
9139
3040
6556
2782
294
6395
4757
4810
3918
8221
6981
7721
4504
2403
6621
489
3305
8666
4807
61
8358
4397
9500
8868
6374
484
1006
6137
5379
5976
3447
2107
2561
9048
1138
8853
2939
4831
5271
7518
1123
2835
4046
5474
3132
8377
2897
8405
9791
4913
515
9906
1154
3799
9953
7304
6599
6505
7905
6141
2148
9984
2694
4467
4468
6099
8411
5954
1530
5643
1473
575
2926
300
6361
7583
4014
531
2187
9802
1474
2302
1760
8904
384
4536
2725
1480
2766
4018
3581
1261
7860
1090
3909
8785
5834
1451
5597
1794
2516
4592
1645
9990
8114
1331
6001
3197
9945
7718
5287
6887
5017
8922
8570
7746
5543
8082
3037
7857
7354
4531
3986
9302
501
386
7327
9815
4380
7971
6462
3532
8753
6419
8628
2934
8187
8180
7134
4975
2918
2035
6976
1971
8227
2216
8116
5493
1307
989
1911
4693
7618
8610
7601
1539
8791
5202
9535
9027
9395
1950
8025
216
200
6670
9034
3262
5774
9206
5025
2239
1211
7771
6778
5043
3569
6876
3735
913
6510
5216
7425
7506
171
7448
5122
2336
183
3912
2212
3836
1677
