8097
3610
4865
4492
5522
3884
6851
1609
9474
9048
8931
7207
1737
7807
1636
1921
1815
6528
3592
8809
6775
3678
1772
7957
1014
7781
7227
1996
830
1167
3141
9119
6262
765
2651
2708
4930
8663
7517
3562
4874
8719
575
9725
9097
7750
7832
904
4399
4906
4479
600
8860
8416
4279
3713
9081
405
8936
7769
8463
2281
8312
2848
8497
5600
3316
9952
7744
5039
240
4689
6824
7311
5602
5068
4451
3769
6272
5394
3218
3393
4702
8603
1035
7318
5258
2120
7100
1619
6444
9506
3101
363
4322
715
33
7002
5230
6659
2662
9983
1452
5862
6355
924
8158
8571
905
4933
2321
6748
8120
1126
108
5903
2307
6219
1625
6821
5136
628
4733
1754
373
5230
1274
194
3354
8907
1467
6555
2631
50
4955
2703
377
8030
745
8407
1740
7293
8682
5470
8059
3091
4202
77
1420
120
533
7736
448
4600
7811
2425
1979
6259
3978
5662
2863
7269
4098
8125
78
7173
3042
7876
6867
2551
1149
9416
8162
8828
5893
6152
6561
3925
3946
8602
1893
9002
1904
2292
4410
1385
2167
8186
4438
9208
5462
3489
1716
3142
7724
6942
1522
9311
5468
8682
5351
913
525
2042
5985
4499
2369
7834
9104
41
6635
9974
5265
9655
4141
5484
7869
3927
7956
3046
204
7885
5484
957
8274
4763
1238
3489
1890
7398
145
6873
6355
4298
795
2593
3125
192
2792
4051
7331
2027
682
7229
1456
9053
6624
9087
4243
3323
7615
5324
6749
412
4760
5689
1424
4655
9461
295
5677
3036
64
5005
4049
7007
4477
3537
7874
9541
5611
9108
8642
3258
1442
7659
3476
8409
4331
9940
5741
1540
742
4806
5698
9602
2879
4568
144
819
8348
8047
446
6987
4718
1404
5711
316
3658
9763
3724
1265
3259
7412
494
771
9359
5820
6459
5836
285
9296
4409
5323
9200
2144
2603
5532
9118
6551
346
6860
8868
7441
739
3026
5802
3926
2142
617
7486
4738
5193
9878
3798
4730
8959
9354
340
3864
7522
587
31
7790
4818
9010
1594
3865
65
3757
8448
5528
8066
1507
5533
1859
3972
1230
6390
1423
8380
7475
2668
8044
7947
4062
4121
8199
8452
5461
7327
9842
8137
4725
459
7464
9710
7518
6664
4624
9905
4127
7863
2176
371
1758
6873
6401
388
9985
7114
6430
5139
5825
8440
8780
1604
5768
1867
4795
3264
8929
9543
8076
7647
6826
5758
4708
9217
4913
2735
7614
5043
2163
3505
5882
4327
6769
7413
3356
6409
7199
9744
6419
7937
4209
5324
1736
2004
43
1933
4069
6461
1139
3063
4730
4934
6431
184
9504
5042
8331
4346
7177
9461
7239
9643
4817
2127
5537
5705
2105
3745
2825
2117
7363
9815
9132
4609
9672
993
7971
4309
8788
7030
5906
7125
5573
8590
3551
73
3240
2344
5111
5088
2746
9327
5755
7699
1637
982
2659
661
4302
9200
1915
2406
6166
1594
8039
1662
5791
395
3453
2944
9010
2293
2170
7851
7057
2344
2290
9260
5858
3784
8990
1065
2699
5900
9365
7611
3389
5065
9013
8489
4330
2817
5816
545
7533
1872
3580
1208
7808
2454
2621
8091
7929
5162
5403
1157
9782
741
7355
3355
410
8227
8370
2556
4704
8953
1012
5583
4835
6899
5788
931
6440
439
5253
9574
9312
4043
6243
5057
4391
7844
5365
1739
9170
8576
636
1897
8759
5025
9348
2356
5394
9937
1213
3000
6103
902
7972
4820
5171
242
3416
6232
9478
8986
8563
118
3923
2244
9911
839
8289
3501
7375
3195
9472
4963
4030
8121
5179
5038
3596
7142
3860
7482
3623
3668
6466
4571
8510
3664
8837
1628
6185
9580
7006
8272
3064
8586
2808
4357
2228
8230
6784
2731
8763
5186
1150
1874
169
3710
1866
6009
9228
49
2576
208
4433
957
8528
3830
5533
546
2650
6731
4940
9824
1931
5338
1639
2199
5480
38
7546
4808
8570
9776
5415
1881
3697
9694
9274
679
7025
3304
9584
4263
8559
6734
5976
878
2591
8532
2699
6966
9381
7312
1584
5532
4551
8315
153
9802
4150
4545
3503
2489
9351
992
2961
3325
994
5384
8075
1760
5375
7136
9557
2647
912
8638
8461
9355
4913
5149
4808
1480
6816
7585
3234
4809
87
922
8995
1199
3092
6510
7075
6669
1943
4106
9443
2802
8624
1991
9387
3215
3243
7769
4352
9561
1260
2097
5143
3604
1341
5226
4867
8958
722
4835
5484
1688
2939
2300
7784
1360
6373
6823
8155
1752
391
1102
2360
2062
6117
4851
300
2343
3193
3804
8602
5629
7656
6732
6873
7535
6006
5157
7450
7149
4273
7945
1326
7676
8430
7880
9936
9178
5706
696
1614
7978
1854
9110
9495
7235
66
8988
2073
1922
3632
2466
8804
5092
5727
4339
1650
8566
1050
999
1004
1998
9517
6015
5251
4328
613
4358
1906
9649
6530
2950
5300
4086
8319
3342
4093
9631
3034
3140
669
7811
758
3348
5870
950
4094
5707
588
3791
9829
5674
5397
530
9955
6634
4310
2400
1481
4725
8137
5012
8591
2369
2638
803
2791
8811
8101
4199
1400
4228
1312
7698
657
31
1304
5936
2638
890
7609
165
5868
4197
1485
9851
803
5346
7630
6783
720
9765
9702
7728
9650
205
2564
8051
2458
784
4201
9653
1941
5797
8934
3742
1389
744
5085
9511
1160
5179
7557
1973
9330
230
2310
6458
1213
1988
5832
1608
5752
7125
8430
968
7967
8506
6051
229
5517
8918
264
89
5290
6279
1838
7057
2649
2011
136
6886
7560
2316
4594
9871
7528
7087
6319
1934
3989
9608
761
305
3630
8637
104
9669
4655
5755
4864
5676
6371
3522
7326
2096
1202
2602
9745
1224
1340
9584
4333
5393
4075
1823
7081
6075
9485
1382
6016
8285
1211
5004
1288
7136
5793
4933
5276
1274
6508
9704
5037
3824
3044
2821
8146
9198
3520
3984
7376
3029
6925
1682
5251
9538
5983
1538
1346
4868
8434
2478
417
3900
5959
3561
2474
1162
7764
6373
4577
9097
4898
6131
8284
2964
9041
3184
7152
632
2277
6071
2518
7027
4764
3324
9986
8796
6629
1525
81
4286
2168
1068
3023
7911
3332
9860
4680
4480
9263
9175
939
3861
9869
3960
3660
6446
5810
8017
2235
2434
3690
3236
5817
279
9695
6768
9280
3955
8647
8044
2517
8718
2342
2878
2536
2644
1942
3078
632
7223
5892
2913
3160
753
5717
1826
6174
4562
9839
5979
3096
9739
4974
5482
5840
1948
2963
758
1974
2799
4062
2526
487
4601
2369
1481
894
4790
8208
3347
5517
4879
7241
9954
3436
1202
1019
3029
6411
7830
2805
9293
765
9567
9905
2951
1722
2949
3052
2674
79
6905
7267
769
3623
7775
950
9246
3466
2021
8681
7193
9427
2052
6419
7697
3550
5399
1063
4955
2234
9794
9277
4650
9109
5544
9854
8735
5040
8832
9272
4533
6995
1621
6374
410
7672
509
6292
2414
6728
6722
4038
6862
9038
3612
8176
9642
2812
6851
9270
6204
4500
401
7658
4367
8788
5791
6137
8975
1072
5914
3742
3781
3589
7384
2812
8523
8847
9793
1898
7891
1503
3017
7370
7036
9016
5178
1074
9013
1274
2602
4662
8323
7738
4708
2078
7887
3669
1854
5241
7235
5259
9265
5167
1927
8748
3808
4726
2065
4167
6274
6930
7267
1688
1266
5066
9052
2543
4742
2289
9303
5645
5134
3068
8839
2610
2844
4940
9787
2129
675
7698
1379
7609
6206
5722
9560
8896
8617
8771
7985
5337
40
3525
6863
9624
645
4464
338
8347
2367
6347
7315
4071
2901
4986
8717
6921
1667
2206
5089
9208
7772
6159
8489
6547
5900
795
4667
1896
4894
5198
7387
8273
4604
4543
9541
4853
3336
8227
9504
4046
6156
5631
1103
7716
7724
7629
8541
1962
7273
789
3723
8279
3468
2050
1003
1383
4313
1214
9639
4986
939
3544
1531
7651
2649
873
1718
4193
4023
374
4220
1554
4514
3680
3034
2656
1252
3989
4858
8261
5535
634
2132
7445
5953
2753
4527
1154
7753
7092
1682
2964
4567
1106
7916
4238
2525
5949
8784
7686
4638
2340
6378
323
3012
7041
7420
9250
9456
8834
7835
9653
2420
4742
6828
4840
7826
5206
4167
6931
4416
3217
9790
331
1036
4890
1395
8444
2687
4425
8335
5305
3119
4573
5879
8525
6190
6596
1761
9695
754
6386
279
9723
9661
2534
8181
6527
3150
2715
6734
5454
1194
7822
8528
1734
3027
4885
1217
2567
6273
298
8018
2143
8052
5556
1369
7435
9853
5692
2620
3544
4300
8143
4929
3377
7420
6935
5577
2233
7182
9490
8553
3209
4333
3767
4978
391
5272
9377
4901
5116
226
5288
3198
8526
2653
2335
931
5455
6190
9837
2389
8001
5408
9329
2066
5688
8975
9017
4131
6454
5351
9736
2776
4076
160
9283
8420
3617
8441
9249
684
7085
892
9096
8937
5377
2050
8348
9595
1684
6481
7725
7494
2845
8163
1970
6002
8054
3010
3557
5475
8333
6595
5651
8091
4052
328
5356
425
4507
1072
2228
9215
4728
8604
7665
1801
5832
5080
5011
1690
6164
9298
6650
4394
1794
5209
5852
2829
4712
5613
5912
2813
7182
5134
745
2077
6527
9058
6360
6350
2091
988
6328
3497
43
3793
3652
7703
4152
4837
8777
5619
4417
5648
8215
8292
3630
5306
3330
8478
5582
9994
9348
9823
548
4709
1485
7274
2069
4396
2396
4668
1362
7366
3274
2259
1497
4583
7090
4220
9647
3677
5187
6173
5333
4049
8894
7327
7544
4272
9317
9570
912
7469
9003
640
171
1924
8466
9512
3328
7806
6647
4720
2380
4116
5261
4887
5376
2703
4180
8254
8619
3567
4566
6511
4033
9753
5327
3224
5281
4344
6733
7572
8669
9787
7468
4288
2598
1626
3028
9801
3532
1476
4574
1387
4251
3650
5524
4625
8434
5358
1319
9763
2846
2971
1849
7512
3387
1957
3000
5888
4742
9409
9368
2851
3604
5392
5188
5508
2069
9467
7955
4948
5796
9472
4155
3893
4795
4823
727
8514
2398
5111
2866
5062
741
1329
3109
4737
4863
4930
5267
9143
1516
8820
7790
457
4398
1317
5739
2338
7917
7002
8681
2646
5591
5448
8648
5267
4157
9595
9934
4515
3062
7025
667
6065
2765
8393
3822
201
8363
8626
6538
6167
5809
1444
9278
791
2587
8437
2648
6245
8526
7237
3390
8068
5744
7495
4923
4730
7088
1703
3272
1648
7240
822
4242
6944
2284
776
9296
6357
6189
6105
4521
6693
642
6628
7609
5945
2330
9081
2070
189
1910
6083
3339
2228
1777
1861
4724
4551
791
59
8247
8050
9470
2240
6834
5942
9548
7155
8896
9229
6581
3557
1498
6882
2807
8853
6698
5267
1096
699
6273
8785
5578
6115
8249
2167
6404
8651
9233
6387
9262
1709
6620
6677
5317
1935
7583
6134
9168
3020
4092
4420
6354
8446
548
7790
2178
5491
6047
1019
2701
1585
3006
4479
20
1443
4186
3924
4572
9895
9542
9122
208
5489
7333
3441
9761
2858
5724
9367
5959
4043
778
7396
7535
1122
3935
81
4169
4654
5656
199
6371
2971
2610
1371
3425
4351
2449
3639
9252
853
3652
2547
1361
644
5760
5649
886
9130
728
9399
7627
9714
3143
5684
9553
8640
2871
8163
9097
1492
5554
2284
4311
8792
52
987
6003
2852
9745
4551
7303
2992
8256
9927
698
3600
4981
8252
9671
7337
570
6046
9988
3273
7379
2459
2557
8473
9366
9405
7909
3472
8729
4446
4304
5014
2048
6835
3267
4075
8667
9326
2061
5283
2577
5888
2886
7280
353
2377
4892
6522
4362
9735
9779
2259
8326
9386
1766
2323
8649
915
704
7864
8571
9988
2198
4534
2854
9616
9189
4754
1849
7831
6224
9474
7246
6082
2484
9581
264
1973
794
3837
2797
545
4153
786
8956
4883
5172
3915
7360
5667
7048
8661
6387
2243
8925
7976
5345
6393
3339
1366
4185
1554
1501
7514
3452
9333
1458
8250
1523
2854
7856
169
9865
7965
9638
6514
1461
5108
7534
7561
5064
5801
3520
8106
9826
5688
3263
1202
365
9458
2778
5983
9141
7106
1980
9662
410
9237
2750
9817
8296
8186
6298
7920
6475
7232
1779
5919
5881
8967
7975
753
4942
2311
2030
7247
9922
6911
3590
120
1088
571
2657
4957
3721
6937
3128
7886
6823
3891
4649
5379
9688
6749
3108
8102
9367
1576
2729
7401
761
8170
1146
4153
3242
3679
5132
8645
5825
2379
6610
4710
913
7548
5204
3554
328
8447
6694
3933
7501
3012
5373
3431
5501
758
1965
4415
165
3778
8626
837
6379
4597
243
5653
2274
3071
2583
3681
8588
9811
5682
6555
8445
2585
9670
1973
3277
2572
8650
8530
2259
8158
7986
6749
4361
253
6137
8313
2627
466
282
8818
3660
6005
1078
206
3119
1803
8720
1083
6613
9460
3004
2180
6302
5290
6468
1564
4336
452
949
3402
59
727
5780
961
145
5576
7002
8840
414
7288
7897
8416
5403
6872
1297
1645
5850
620
2456
6040
949
9399
3594
1821
8182
7911
5814
2376
6082
9620
6858
598
580
6243
9036
1519
2369
3009
9173
7828
1332
8163
7817
4047
3632
9520
2208
1475
6074
2751
6309
8744
6547
4116
1394
3452
9630
5652
7784
2441
5830
5405
8175
2085
8369
8013
6230
9271
85
5258
8411
68
3909
4940
5835
8630
3437
3869
4871
5174
3566
4543
8110
4818
2947
5205
5206
8475
1915
1553
8490
1026
4256
4768
3899
8142
5232
2511
3579
337
9159
8483
1860
9734
2271
229
73
7815
9867
921
6831
950
3136
8835
1329
6284
6865
1842
1191
9084
1486
9605
6507
122
7232
276
7814
9491
266
9487
4839
247
3442
9378
2871
307
1732
1728
6998
29
1216
4924
3101
9018
8550
4481
6406
1951
4334
5205
2008
3176
6838
1861
2521
7027
2452
681
5518
7452
5391
699
8620
3435
9905
9928
9237
2023
7904
6006
6567
5815
4895
6219
8580
8062
3600
8256
8302
8415
5638
9375
9125
9595
9284
4551
6871
9688
4816
1673
8560
5577
4033
5048
8561
3223
8817
5815
6918
6757
7180
1087
7359
8563
2631
4578
5434
935
2223
1970
9226
9318
9490
9684
1673
483
6917
1275
3092
9887
8469
1943
341
6803
6260
9359
8277
8642
4080
2795
3184
3153
4965
6758
9807
5879
6686
8149
1326
1226
8254
8341
1541
4325
5939
1691
8564
1424
420
1292
1119
8175
532
724
5836
1150
9185
7638
4220
949
950
1336
5785
4061
9430
2440
1815
2318
5077
3504
1654
1089
6402
3820
3246
4735
9594
6265
2920
8854
6768
3761
7179
2474
9510
7482
271
891
8425
8138
9907
6950
7879
9705
9645
4756
5591
4818
8854
1210
5685
1957
9662
5023
643
5189
4529
447
8686
1880
7203
7760
908
4223
1980
251
1869
5599
9646
8703
1652
9443
3113
7699
5475
7976
5344
652
221
6725
1799
5124
1979
4326
851
7638
4409
2081
5812
6381
3778
3302
8548
8054
5677
7426
2688
9722
6158
3260
5423
7029
4616
3971
8695
9916
2984
7492
6818
6252
49
3174
7154
482
5079
2784
8473
9188
629
2500
5673
2725
799
8874
8644
3349
3549
8925
3008
7376
2643
8576
7918
3392
3672
6274
4552
6151
395
1265
2124
7407
6367
402
881
4725
96
4048
4381
4727
5118
1037
4179
4239
6257
3501
3173
6045
8503
2690
807
936
3302
5428
8016
4796
4985
8402
1435
8637
3598
2229
319
4825
1553
5928
2769
9478
4479
8514
8753
4158
5284
129
576
8431
5792
4280
1020
8422
1440
7929
220
5142
7760
9963
3998
8050
866
9865
1350
9189
8297
3490
4088
860
215
5987
1254
5374
1235
1007
6709
6798
4264
5080
1328
2244
5725
8443
6871
1870
5476
8957
1027
5224
5980
6920
2894
9015
4900
4940
7774
1949
1800
278
6293
1653
873
7117
6100
6637
657
7964
9993
4493
3260
1984
1832
9476
9055
3119
7909
8621
1757
1308
5546
1147
1715
4836
837
5183
57
4742
4852
6636
6031
1748
1174
3616
6642
3012
3676
4863
1123
8489
1002
5765
6033
7917
8874
4277
640
2071
5712
6313
6578
4703
4166
2193
719
931
8800
9416
7819
8242
8424
4752
4743
5506
3126
121
8845
6770
7417
7831
9332
5146
2274
2700
1633
4844
1133
484
9598
2329
2564
892
9069
7005
1835
3985
296
3245
2898
8639
1145
3910
618
3526
6582
3166
974
3096
1292
7115
3946
8282
9277
9354
8576
8636
9035
2800
3128
8307
6335
8333
4219
263
9796
7952
9781
7303
4188
60
1458
4151
3484
5810
5416
4937
947
9150
3011
1325
9051
1389
8359
5544
1372
3327
7815
1055
1813
6549
2224
7059
2808
3471
9037
6615
6469
8589
4504
5643
1591
7343
6717
8263
7953
1269
8546
8173
8993
3622
8710
8020
723
3602
9406
8334
6738
5060
5894
4370
3430
1315
4043
8340
2916
5287
8982
1298
8366
7817
8241
9838
3675
6438
791
4822
366
4694
5711
6661
5697
4061
920
8437
4609
1872
2050
7047
9385
4593
6988
7126
9516
4643
3166
7017
7071
1280
9146
8755
7297
7972
9955
9743
9716
3720
8651
2410
7717
4896
1592
9349
5748
93
5377
8635
6547
2453
2943
9821
3902
6294
3349
444
4054
5255
3661
7953
2801
2973
8746
310
8896
8577
2810
1528
6240
3425
904
6105
8214
4484
2923
7463
5083
4099
8741
3131
5242
8848
6925
797
7084
9899
488
1747
8743
2038
1740
7873
5224
8018
9032
7529
8027
9339
1286
5195
9641
8149
3765
1663
180
3754
4101
9621
3855
6380
3088
2098
7100
434
9380
3263
6103
4924
1267
762
7982
8352
9410
987
6598
2835
4192
2745
9743
4616
4191
8809
5359
4753
9865
2301
3569
7571
2338
5423
3906
8935
1495
6309
2732
1542
2837
8132
5880
789
6551
2481
8501
8887
2880
4871
2310
6387
4176
3322
6674
7764
3330
9896
6752
2661
76
2949
523
5344
1973
8283
9659
2884
8078
30
6629
7448
7812
3896
2644
6954
2560
9307
9620
9364
8257
8710
9771
4236
7091
8189
5858
9759
7306
2219
9611
8613
6139
6521
5198
7914
4477
2734
3746
4715
6911
3430
7440
3264
3478
8051
5586
9270
2377
7485
446
2032
8484
4600
3713
8013
3361
5139
3630
4445
7020
8607
3967
2759
3863
793
8962
2295
742
472
9181
96
6075
2098
6325
5574
6059
9943
8618
1625
1375
3726
4806
6673
696
5376
5875
9960
3963
5774
8438
4813
7015
6668
9665
5319
6560
6448
4066
8821
3152
1086
7184
5527
2263
774
209
3047
9271
4146
5697
9162
5594
5423
860
2460
2318
200
5658
1918
2975
5896
7946
9285
8796
8644
4442
7414
958
1666
8361
1341
3614
9161
368
9135
7329
1560
4949
8604
9266
735
2586
7086
5271
4076
8752
762
7742
7235
159
941
2862
4187
2538
107
6352
5033
8424
5990
6767
2613
6426
8240
684
3462
4579
5048
750
1622
1670
9533
1196
8660
3775
5977
2032
9741
4256
5504
8062
2608
399
4677
6958
2033
5267
9090
1204
6010
5533
7917
7873
2660
4220
5696
1915
1247
5090
3500
9632
3826
8216
9327
8746
4305
1840
1260
6160
951
51
7325
9826
3061
6415
2680
1089
7221
4699
4238
9592
1749
3033
7640
333
4396
8340
5868
5759
3279
4080
1411
4428
8086
2975
4769
1212
5437
9714
534
8881
7817
8370
6370
1844
8687
3164
827
7598
5134
5992
8260
5178
6922
7497
6736
7671
445
6396
4501
2673
3153
8473
7342
1627
8657
5580
6403
1273
812
8478
7029
5244
1271
6049
8944
9394
5573
9807
1368
8676
6802
9305
1393
5848
4581
7884
3168
2160
7413
8935
4866
5123
6070
3553
3596
3976
3691
8889
6566
3632
8421
6319
1292
8620
63
8365
8237
7186
8174
1685
8422
4055
5152
1095
4129
8829
7688
4406
5789
942
4719
3072
1028
6123
5393
9508
8433
577
4609
819
1105
8435
7333
1317
1317
198
4763
2740
2954
5504
373
1067
2899
586
2089
168
8735
8526
187
553
4337
2909
4463
5534
1943
9813
7022
7100
9550
307
4497
3213
6822
6810
1058
1628
4297
6126
125
2293
5740
1226
5131
1636
227
8476
7546
9498
6313
1220
3521
858
3559
9442
2694
9496
6590
5228
5107
703
658
67
4808
4294
4199
5780
8587
1711
125
9035
5860
8953
3474
2754
2091
4986
3792
9472
75
9326
1669
8823
7944
7946
164
5742
3825
6848
4992
9181
5366
2327
4255
4113
719
8086
279
8877
407
1070
7256
3852
7883
8792
1003
3555
4002
771
486
7844
732
2072
5156
5761
1603
2480
7265
9351
8225
5381
780
907
571
3768
5028
2215
8900
9896
7418
61
1480
9669
8096
8953
8389
3337
9411
5969
4813
6563
3174
4759
7215
3604
9514
3245
9941
7180
7468
1685
3548
3130
1034
1328
2235
789
8487
5592
9472
1756
1219
5771
9976
9800
8280
3950
4693
3043
4901
3840
5719
4652
4656
1504
6687
9524
3620
4776
303
957
1447
7259
1708
371
8682
7419
9691
4838
2690
9770
9751
642
9338
3985
6811
2334
2067
4422
2578
7215
4783
2625
2330
7846
4694
2104
4739
3529
7279
1595
7982
8630
3557
4088
468
7156
2328
1942
1451
6459
3298
9754
8319
8510
6041
9068
6740
3069
9741
7436
1890
4816
5457
206
5204
8892
3189
2080
1148
1564
4308
932
5670
61
6173
8260
5807
5693
1867
7515
6321
8076
1284
2032
5589
2018
9993
7492
1481
7247
3584
1411
1720
1511
287
3979
3002
745
946
6436
856
688
6647
8159
8363
9320
4602
7669
2673
7298
1481
5779
5859
4142
3252
2499
9956
4346
8636
9163
1801
4427
2841
9824
7387
1137
1630
4828
1845
8202
3224
8502
7805
3666
8447
2651
598
4127
1460
2749
9794
1311
9237
6838
553
9739
5768
9952
7544
6189
69
317
7357
8035
3067
3303
9355
1606
3012
6193
6640
5578
2965
7446
6170
6135
6814
4323
71
3830
6668
8677
2480
1444
8006
8083
1933
1688
7533
5279
5594
100
1266
9742
3111
1752
7554
6533
6981
2093
7065
8900
1277
894
8263
425
6513
6790
99
4895
2071
4405
8657
3040
818
5517
9240
285
9621
6389
9658
2538
4376
7628
7640
7499
7116
3782
963
1542
2883
9168
3717
5083
644
6488
5750
3266
3431
3655
6333
3973
5872
8609
854
4832
3852
2465
9030
8082
219
2280
4510
2197
6543
1244
8282
5987
9218
2586
8776
9918
3023
6859
723
4758
8424
9264
3219
5715
9350
5809
7024
8195
9456
134
6427
5033
3292
7383
8680
4556
5242
8970
7943
165
3606
5495
3851
6811
2548
5143
1039
6088
4958
6687
9982
4462
4884
3038
1325
439
9369
3246
3575
4008
3195
4939
2207
4603
2421
2627
5697
2038
7797
3629
7829
1419
4555
4602
2273
9523
206
7394
5124
1172
5882
9979
6689
7871
2469
8350
1129
8992
9386
6603
751
9480
6931
9212
8419
6376
4988
822
3964
8642
8939
6835
4111
2223
2406
9176
3245
7991
343
8753
422
5056
7007
7173
7920
2695
3681
1913
8458
4612
5989
1436
1817
9551
4861
1806
369
6155
4445
129
7998
5997
3503
7696
9118
5481
428
3454
249
9209
2197
8726
2491
1167
2912
1038
5182
655
6113
5225
1918
6828
4955
726
7305
9596
7317
3823
7499
7687
3280
3453
4144
1243
4986
9113
4576
5873
6388
6846
8421
2271
4900
7736
241
6307
1781
2679
4415
8407
1771
6775
6777
2054
8310
7755
2533
7854
2655
4022
3485
3528
1161
6456
9105
4213
3484
6024
1364
3656
917
3771
5930
6178
7093
392
1191
1933
2400
2797
4899
4947
3295
3686
6778
8759
257
1917
2657
1517
3429
9466
630
4183
6159
9241
3239
4918
1872
5607
4560
3727
6013
175
6650
5276
357
3982
2880
5839
9960
2847
9475
2058
5191
980
1965
8221
2975
2689
5702
5183
388
7359
5599
5999
7056
6526
2212
4191
9826
4300
240
7030
867
2084
4296
2411
9579
807
5674
9981
577
2862
4917
3707
9766
9180
9502
1273
3588
3162
6579
3404
7354
3401
1264
7969
369
4202
5520
866
4151
9549
5322
61
7135
668
9623
4305
4256
6967
7866
408
6612
5799
6571
2539
2090
6855
445
2413
9841
5677
7703
9950
5095
1934
2281
3038
8493
7825
8324
1344
6727
2841
6977
8867
998
597
2219
5963
8173
5536
2458
3806
9708
9543
6785
5120
4373
8448
2906
1707
7100
7295
5519
6415
2172
5423
6765
2603
8066
1912
473
6009
2113
4006
2660
2038
9817
9129
3246
6586
9387
8793
6246
1698
9589
9538
1252
6121
5910
857
6984
9020
3318
9239
3873
3382
4561
978
3811
3189
908
5889
6924
333
1379
9820
5672
5209
662
7865
1101
1126
2111
6530
2770
4995
3691
8801
2856
3445
7043
4333
1145
6543
1088
6825
4629
5657
7286
8178
8632
8940
3667
6610
1942
2363
3468
3998
8137
4754
877
2439
8647
6880
7075
4525
3289
2113
9966
6551
6246
3484
8849
5812
1908
2612
7087
3232
3571
5775
6513
8443
5306
195
7777
4711
759
6749
959
7460
6492
3819
5799
5563
1335
843
9103
6927
2440
8237
4964
6953
4174
8319
8283
9417
2778
7614
695
7932
8251
9258
3098
9240
857
530
1127
7168
5837
2120
8891
6180
5784
5728
3904
7575
9073
9570
4923
236
8806
1373
9683
3483
6722
8771
88
9653
5591
410
6348
5467
1056
9626
5057
7683
2322
5846
6277
2098
3938
9433
2332
2033
2693
4566
5304
1784
7591
3526
4230
666
1172
1795
154
2692
1238
6431
7416
9726
6330
73
9252
9374
5634
3415
4349
7085
1851
987
1299
3188
745
1398
5274
6791
5711
5901
4378
1359
6228
2378
4717
9721
5740
6050
6030
6286
1951
682
4705
5601
6753
652
3210
4495
5697
5021
3701
8963
4824
190
5488
9291
6099
1851
3185
6815
5441
6
4246
8370
6906
8494
4204
4564
8777
9134
7557
6045
5553
2489
9653
9711
9353
4146
8816
9850
7982
7462
3686
8668
2190
8040
6919
931
7741
9212
1039
7604
970
9163
1886
153
521
1180
1411
9425
71
5964
1787
6362
3175
2746
1196
7126
1997
230
764
901
4685
3587
631
2488
1535
862
3839
5180
177
5765
4479
2311
5411
9438
6502
8652
3556
1448
525
9097
5478
2486
3200
4856
4102
5890
6687
1346
2006
2774
5400
8344
47
6151
5714
5547
9819
7362
6180
5116
7436
6436
2405
6852
9385
6253
6098
4125
376
8975
7045
1672
4898
7408
6498
8520
7650
2589
178
3644
4236
7551
144
3359
3498
7423
2480
6258
7146
5462
6835
9691
1720
4465
7033
7093
8845
2098
4430
7757
888
6062
4183
8617
9262
3612
2047
3590
4058
3178
4466
776
701
8831
5035
201
8228
5818
6698
943
593
7393
6122
1075
567
7643
1964
9253
6413
995
9163
1736
8078
8414
369
8003
2005
8029
1497
1750
6654
6788
235
7786
9380
6564
3034
5370
274
480
6540
1662
4512
5602
4537
1786
8249
4915
4527
2338
5816
9958
3078
209
1423
181
6140
7605
1744
6932
8705
6673
3826
1176
6824
3671
29
3241
3566
1777
3716
3270
833
6733
1677
1762
3049
4119
5435
4191
4969
4254
4382
2658
3611
6777
1789
5239
2694
9198
1920
5412
4776
2778
1380
9558
6401
6982
7872
6267
4538
6236
4057
3644
1647
6698
9005
2142
2485
9141
3153
2913
2933
9345
8083
2779
4160
1948
1849
5822
644
838
8224
5169
5095
4784
4428
8923
8756
122
1336
9134
6736
1249
3995
8483
7299
6584
4919
3484
5400
1915
7952
6841
8821
845
8352
1165
2178
6362
3241
4152
2099
3177
6576
8390
6865
4767
650
3725
7607
8625
9880
674
828
2729
9516
2728
3751
5174
4696
4249
9904
5621
8822
907
2343
5022
4129
6012
5803
1775
943
2062
5946
9225
2791
6355
1472
5577
6887
7922
4979
1920
3888
6403
2284
1391
391
606
338
6721
9132
3009
7103
1488
3449
6
2562
5748
6159
3365
8654
7164
5567
4824
6728
6803
757
7692
8278
106
5396
8253
2893
3857
1267
2031
3436
5279
1334
5800
1521
5199
1958
621
2353
8220
8335
2172
1174
8916
6576
8521
770
7947
6226
2781
355
5775
8779
3889
7464
9597
767
7943
4878
6817
7644
5597
4749
7100
7210
3742
1863
1224
5141
9904
5469
8325
6843
6766
7147
85
8462
5549
836
2712
4567
3969
8757
6898
2636
8809
7288
4483
2676
614
6300
934
8170
4694
5645
3042
8131
8292
3226
2065
5464
16
7124
2345
1531
1765
5817
4112
19
1318
5390
6800
8491
5390
5452
2087
2999
2684
9219
5362
5955
5014
2790
719
2959
2536
2673
226
9971
3917
1500
5985
2180
7304
2266
6771
5425
2632
5515
7270
4564
1103
989
3536
8911
1644
538
1394
2697
9396
8255
7536
1277
5442
9093
7562
948
99
5125
4238
8282
2493
7452
7608
5329
7401
1475
3937
8736
4975
757
1909
5669
1933
6798
9943
3291
943
6230
7418
5970
4202
9075
9086
3034
4017
1358
7696
6277
3964
6519
3382
5904
1690
8092
7144
9253
3812
7068
5109
1666
5372
9165
1615
634
1664
8849
1340
9977
5550
9515
2837
4744
1128
5126
947
5504
3409
4931
6205
7184
8735
5849
970
1129
7769
326
2315
4672
1758
5265
3425
6249
3354
2313
5869
2871
2506
2014
2503
2299
7609
8426
827
9377
6903
5526
4865
8217
8644
2478
9241
6691
1386
2295
7110
7595
144
3542
1436
8088
9798
5277
2217
8683
186
1381
3517
9694
2099
3494
2461
8530
5115
8864
9321
3946
7096
8261
7132
2396
2230
6994
5870
3974
2030
1751
1794
7817
7624
4835
6973
4570
772
657
5348
2363
2542
9190
6456
7172
9698
9768
1305
875
3204
1881
8208
9656
1663
3196
7603
3293
4030
8526
3828
1246
9036
565
4341
5419
2381
9878
1211
8702
3487
8003
6459
2851
9183
7891
2883
6487
2349
5861
6228
1510
4933
1109
1363
1742
2352
6741
3769
6280
6927
6500
7720
465
7731
8003
1039
560
816
1022
3156
643
4539
1290
1388
7055
1994
697
8602
1463
8478
8830
5058
9407
9236
6435
7878
3180
6142
2317
7516
9901
1910
7960
7351
42
8723
2610
2301
9925
115
7630
4237
6006
8127
5265
9084
5146
8205
7807
505
7407
3053
5412
1678
5212
664
2053
4868
1063
3907
5999
6584
9725
8178
6150
2176
1652
1072
9666
5338
5051
5950
8891
1432
74
9108
1213
6634
5962
7177
513
9634
8456
4442
3365
4868
1068
3966
8786
7235
3921
19
9083
4191
6072
3031
2481
9882
5057
3353
5024
5745
2788
856
7791
676
1101
9609
7264
5627
9353
9195
1651
1573
5522
1067
4944
7530
4224
2586
2279
3056
5211
5128
9290
3530
6580
8492
1742
7820
1038
8918
8179
4612
629
6865
3743
8325
3076
3040
3973
1613
4722
2030
6203
1838
9592
6376
9377
4716
2447
4880
3919
1889
9113
529
3762
6817
6054
4942
4059
1212
9321
8820
8802
8097
7894
5143
9509
2247
9842
4298
9020
1843
2504
856
807
6767
3884
7755
1339
3754
875
1058
492
6124
456
655
1643
3734
1978
4592
5408
1916
5120
4385
4969
8088
6779
6356
9149
4692
2970
4491
4624
1789
7193
8595
1383
7878
4009
4481
9721
8081
2342
431
7395
7061
1067
8104
9292
9195
4726
192
3806
5791
6315
5945
2684
1614
4613
4521
1910
8071
634
771
8183
1088
3821
4796
8599
8702
8221
2108
6142
8335
2198
7715
46
30
2273
7916
1723
8706
4671
3730
1832
7691
9831
8369
206
2683
4982
9250
4409
2002
8524
5331
1407
2495
148
2377
1675
2446
2780
2997
4070
6895
2895
6209
6390
9335
6588
2782
5980
1646
4126
7264
5683
7079
333
9107
4657
6843
1961
7920
7925
7258
7027
626
4269
3977
5673
7637
3746
2879
3549
7968
327
9769
1008
8916
4616
2449
8496
8343
2519
9943
7384
8567
6009
2873
1066
5139
3510
2226
1939
643
2470
8231
2351
7679
6951
8753
9151
9784
7389
5852
1381
142
2473
2740
8740
7633
1064
7266
9025
9283
4997
909
4134
1510
7994
4421
2548
8812
2215
9784
5716
2249
573
9404
1743
1371
3322
8570
7637
788
3319
7131
8069
9998
2496
8858
6500
5846
7011
9786
6443
9548
1073
2672
7470
8673
9798
8776
6237
432
6094
4215
5406
611
2132
6610
4659
2146
5795
6875
1111
989
7808
8149
7617
8470
5095
4162
5469
167
8773
4779
9210
6404
805
2420
302
108
5071
8295
4304
7417
7211
4505
9885
5665
2192
580
8357
8453
2317
1511
6302
8706
5736
5002
8926
7294
87
2572
2096
9106
9200
7138
2250
6471
986
3443
350
2609
2657
3283
5836
6464
8286
7369
9734
2009
8232
6283
5885
7273
7832
651
1397
2259
3873
6303
1336
2516
148
1616
4587
4099
3454
9221
4983
6860
6936
1543
496
5868
2654
5555
7424
9158
5666
6907
7792
776
1746
7985
7647
1575
9095
1704
5815
4120
4694
1856
4440
4085
8855
1890
3651
4929
9365
7598
6021
7764
736
3853
1375
6416
7890
4415
4045
1717
5788
9390
7613
9244
1974
4602
2725
2931
761
5962
2279
4304
7859
4893
7595
9868
375
342
1500
6025
2237
6509
4582
9342
1584
1366
1954
2022
2335
3526
9184
6960
3816
8500
2853
6755
2829
5630
9158
3547
1261
2352
5293
1323
4360
8075
4916
6518
45
5709
9399
3582
4200
6166
6964
1926
8425
5795
7966
5368
4740
9673
7949
6838
7741
7664
9726
6733
8567
2396
8169
7722
6177
9482
1686
6007
2500
8740
2244
1771
5499
7019
4746
6618
584
5032
5442
8479
8311
7191
8820
6794
3082
31
2610
2622
3527
7881
2674
1880
5716
4866
2563
7596
1967
5244
8195
3644
6921
7152
2817
7985
4371
3885
2554
7196
2752
1581
8194
3828
4985
1537
3200
5317
9577
7561
9510
34
2206
2249
2325
7653
2703
1275
5912
8979
5455
1719
8826
3991
5856
1771
7991
7107
835
3528
8985
6979
4311
3959
5390
346
6534
2627
1578
1562
6762
2586
1981
1
5486
207
4040
1481
4423
3745
7622
5823
1510
8442
139
8655
2589
6909
679
1922
6791
342
1767
3966
1810
591
1689
2113
247
2350
7651
7005
2817
5201
6828
8936
8877
4432
9391
1995
4756
8641
8340
3317
4176
5386
6640
6855
1725
6239
5506
5186
7096
664
5609
5094
3932
3288
6176
4312
3075
8380
2653
8313
7814
300
7396
8421
8788
1588
2971
5280
9691
1500
8391
3717
952
291
719
1350
1592
3558
9451
5375
1849
6190
7621
5651
6730
8591
2840
8906
4905
9749
4067
1158
825
6752
1858
4842
9038
930
130
1196
7034
1366
2962
5388
7789
5863
5568
5712
2173
9940
1368
2389
7269
6564
4500
436
993
5215
1318
6577
6709
689
1932
8264
1407
1538
1267
3498
7330
9263
8725
9930
4617
2696
4597
2450
3143
6228
4482
5052
8318
7
5106
4364
1721
9336
4693
5157
4084
1179
6299
9785
965
7997
4506
6685
1816
9021
5150
1334
9780
1577
3151
230
7475
291
5121
3194
4849
5307
2807
7936
4224
6402
2826
1523
7067
3265
3005
959
7753
8500
6770
1367
4885
8777
5033
1925
2644
7651
8896
8250
2308
7472
9497
4023
918
2927
8490
4547
7250
4206
4719
7100
9037
4321
9630
8934
7132
6433
9026
9738
4721
4894
6123
6952
7727
5194
2994
870
6692
5245
8672
3893
8130
3762
7041
4518
3299
2298
8193
4777
1171
9796
5155
322
5652
4683
8848
7071
6449
5788
5460
2863
7935
2131
8031
1475
4733
3015
1940
4793
5864
5691
4480
1092
4976
7568
3924
7981
6133
2782
5612
1431
1654
9918
9663
6983
3437
3950
1235
7868
2798
8822
7591
1938
3751
655
2864
5799
1138
151
4351
5532
3734
9309
1165
5311
722
3191
3693
7292
5796
4796
213
7710
7283
417
6400
1123
3342
702
5537
3193
1721
7046
4064
5926
7554
6590
4396
6991
5441
7991
3832
3851
4828
7240
7001
3819
9217
4664
9996
7233
5881
3008
5048
7752
7318
8503
8952
3468
1907
5870
4868
5546
2819
864
2003
4877
9261
847
4086
4268
4212
4034
6780
8304
2951
7825
5047
4289
4262
411
5145
9104
8632
3874
5940
8582
1703
5815
36
5578
2744
1503
9743
6933
7596
5020
4095
7840
5662
7324
7168
9160
1603
9809
6142
1311
6325
6832
8770
3224
6843
2464
1310
1771
4629
7920
534
7245
6410
1952
2838
2469
7742
3728
3923
6872
9570
7770
3192
8129
1147
2931
3199
7940
3567
7055
1732
4297
6604
2290
5237
5409
7555
2304
5008
7403
3144
3834
6710
6813
1403
8694
8449
5864
6763
6769
1932
9496
2775
7073
9825
4934
3016
8344
4644
777
2359
9379
7618
8706
5416
3548
1837
7746
4718
2000
9139
3887
8856
5000
1948
5140
2615
2709
341
6781
8750
3629
3020
5204
7409
5660
3354
7204
2145
2946
2965
9215
486
3022
4346
180
1849
7968
117
7349
2557
111
4
1577
9076
378
8009
1557
473
581
5559
5381
1629
4024
2866
4961
155
5651
6375
3631
5898
5008
159
1046
7715
2116
4087
3334
3408
9655
5555
976
6040
8133
3485
6638
9506
2453
9718
4464
1725
7405
8937
331
2784
6356
8743
5994
6528
4784
1736
8064
5172
4824
7869
3948
3383
7238
1742
5795
4639
198
380
4879
5355
3047
2831
8886
1370
945
2408
8382
433
3217
8828
6720
638
3735
2783
3001
4314
783
9297
602
8320
5627
6019
932
5520
2284
3212
2355
9392
8018
104
7048
9667
3637
3383
7000
1890
3055
8006
3692
6507
1714
6604
9236
189
2314
6514
2382
9797
3652
6320
5216
5563
6865
919
6277
3654
8831
2895
5821
1336
4961
9101
1055
542
7623
9963
9105
527
5545
8876
3419
6123
243
3941
7913
6427
2333
4501
9121
31
1013
1772
7231
6534
9776
6871
2931
2907
801
713
5436
5621
2541
9728
4371
2175
9370
5652
4564
7571
2518
7441
9440
1815
6685
337
5497
6143
9702
9513
5164
3829
26
1531
3801
2305
6007
1331
4969
115
6144
1159
7205
1799
8650
8572
7106
6742
4914
2671
4448
6390
9286
1487
3008
6994
2843
1093
1608
2988
8387
5341
838
3960
5897
1061
7932
1343
2933
6373
537
6838
1409
336
7731
1362
466
206
9420
5466
36
2094
1800
2269
1453
4064
976
7764
8190
3418
5896
5842
391
4680
9398
7024
9192
7594
3351
5619
175
636
7245
16
5493
6941
7408
494
667
1726
1384
5598
9667
6574
2372
5210
5064
6690
8821
4251
774
9795
2640
1314
1459
390
9647
2553
5964
444
7526
8871
1611
1143
8653
6185
5040
6263
9068
1541
5023
4040
823
9606
110
9147
8529
1470
3834
8928
1930
5547
571
2234
6493
8127
9637
4071
4862
3937
6762
1808
9807
9743
3017
9877
9576
6132
1958
26
6240
7476
6011
9403
149
6756
7932
8628
9538
2027
2200
7106
6598
5231
929
917
4478
1900
7424
1429
416
2959
6026
4949
192
1967
6321
1748
3485
9915
6149
2984
2916
3709
8244
251
1360
4045
156
6637
3190
5053
7616
7557
8254
8176
3981
6252
7388
2287
2273
1586
1573
6651
4058
3609
9350
657
7014
8067
8715
6620
1056
4525
1301
7968
2604
3111
4749
6830
824
6898
995
8094
850
9816
3395
7208
4088
7309
466
6802
7067
9136
4258
1097
7658
7838
7876
3682
9216
5216
7236
9396
5196
3684
8295
8561
4435
5201
1151
4237
5776
5948
7120
8668
6921
8611
5608
253
7509
2183
7408
8839
1311
3422
3242
3370
1474
2347
4938
4032
8185
7549
449
268
8604
3486
244
6608
9209
9638
3984
7951
9308
8612
6574
1003
3502
2962
4406
6504
6381
9941
503
2864
821
4734
9638
5622
2638
7038
9179
1113
1928
9419
4017
8713
969
5314
6659
6071
3554
1003
2945
9537
8560
8615
5650
2971
5737
9922
4403
162
2629
5574
9101
308
7562
4245
8240
9620
9722
4841
9044
2580
5225
8380
8514
4665
4159
659
2936
4753
1583
2254
2046
4105
9530
161
6966
1862
9247
7419
828
4943
3231
5595
3554
4235
769
5942
4607
2573
1683
2879
6304
6811
6584
7870
1684
8685
7865
1198
6005
4035
9673
5273
6668
5342
4858
3391
1468
2214
6521
3894
6589
4157
6485
72
3646
4293
4818
5022
4807
7704
1377
8299
6096
3406
5163
9875
4990
7558
3155
7481
6022
3860
2011
1515
4912
4157
3202
1538
2076
2189
3856
3297
5141
6099
5351
8014
8233
2208
7871
4900
5945
9749
6826
8008
1455
9199
9166
9353
9213
1809
3787
9540
5934
8472
4121
6889
6742
2063
4372
9081
3120
796
4611
5949
150
5969
8852
5908
8510
4734
1657
7655
5901
9071
5678
4547
3157
6881
6119
5074
3871
4956
5007
1263
6583
9922
5630
7302
8402
5018
7443
2803
7129
8802
366
5119
293
1716
3030
5733
4109
5453
8737
6967
2500
8742
4216
2820
8323
7310
1023
7867
8260
9551
2609
6264
3574
4853
3874
5899
183
4995
9213
2203
9375
4317
1788
7464
4032
1122
3826
9532
69
2228
3681
6962
5019
4360
5163
3335
2219
4190
1581
2728
974
6263
3491
3715
5143
7929
3370
3524
2494
4843
7272
4348
7995
8893
3493
3514
4890
1714
6758
4958
5100
5540
9175
9159
4745
1080
8539
1709
1615
3842
8905
8898
5308
9632
1194
2523
6656
177
1792
9549
4883
8366
7911
1880
6919
649
7749
7619
6715
4421
3644
3242
3443
7511
4619
6271
9439
9455
802
5406
5435
844
5214
4760
4121
5376
7905
98
7688
528
8836
9823
1041
4033
6375
7530
1627
5657
6433
7303
5673
1123
7231
9050
4171
1262
5428
4986
4044
1473
4155
4238
4300
6740
1890
5160
4
4272
1392
5164
351
9399
1948
8862
8224
9985
1421
5374
303
4259
7530
8573
984
5083
1710
7668
8876
284
1725
6505
498
7700
9049
109
7854
5093
7726
109
1226
8857
8942
1529
7683
8711
4025
4401
4757
1110
4276
5142
2619
2914
6754
5319
4583
9492
4372
196
9249
5576
9134
5189
3961
1063
733
9837
1185
2308
9528
540
1043
5224
4542
5464
3177
1063
8596
1737
5405
3943
4817
8607
793
6504
6693
8726
4412
4639
2525
196
6782
2607
5650
3041
8813
5668
3919
4770
203
5602
47
9109
666
6005
6345
9582
4344
1741
8580
3385
5472
7814
3174
9626
385
1090
1193
3996
7259
8610
9968
9348
2929
7753
8207
7893
3882
8705
3943
5414
8274
7832
4736
8548
636
6334
1474
2440
1283
8930
4810
5030
4982
6216
9018
5390
8801
6250
4322
414
6689
9055
204
5402
4395
1328
1465
2322
6858
6377
2113
4460
6478
9352
3818
3409
4300
4730
6946
4582
8998
9997
9825
2530
6765
8325
6960
6279
5636
4572
9648
4366
6200
6042
612
3896
6977
4579
9409
5394
5523
3764
6771
6630
6892
7130
4260
5258
7186
1513
9727
7159
2087
1869
4806
3239
3080
6289
8360
5204
76
5158
9282
5339
15
9156
9415
266
430
5959
7564
1774
5158
3328
8266
3830
3390
62
7466
8665
3600
6329
8215
9729
4857
8188
3948
7757
393
4870
4642
7493
6274
2629
2409
8228
7826
8769
9450
4423
8653
6631
4507
5751
9791
228
6496
137
7016
42
579
2054
9462
6375
4903
1007
4261
1482
4751
3974
7937
3645
4388
7657
1214
1901
6085
4339
9529
3516
5110
6672
2503
8217
5819
544
5181
5745
8672
5964
5315
4790
6416
8805
224
3584
947
6234
6699
4027
9537
8188
5153
6322
2858
9788
7895
7673
5
1017
5151
4164
2799
1385
3453
4737
8607
5810
5886
7405
150
4094
5592
1937
2971
878
3537
5475
4070
5232
4459
6240
962
3224
6249
7675
8435
4160
9718
1669
7341
3081
7859
3196
6657
8387
4636
7817
4784
1996
6801
8718
320
2422
4006
429
1003
9546
5870
4889
3908
378
4715
610
9056
8538
5902
5510
4333
5752
5076
2804
1659
8605
8544
1581
1166
2747
5700
8903
9602
397
659
2680
5188
3254
358
8517
4830
1190
5594
8526
9114
5559
799
9456
7014
9260
3580
1076
2688
7643
359
8457
9090
9639
6862
2350
8423
6477
5917
7232
2007
4753
5430
3866
3001
4769
2841
5800
2271
2997
7940
9315
8667
8885
7372
2758
9155
5847
8050
1272
1356
6851
6531
343
9165
6889
9508
1416
7435
1698
3743
4251
431
6483
3781
5608
3563
1605
6911
3888
2175
1099
8547
3655
1365
7139
133
5568
1359
4484
2114
6149
5971
6236
7915
391
263
1050
8891
9844
2179
8550
6932
8829
8062
8684
8919
9727
7012
2268
2779
6910
3482
8094
7989
5234
6041
6879
7794
9845
2946
5479
0
5339
2109
6779
4463
375
1486
9017
1607
5558
1656
2817
9581
9319
2829
1321
1252
7962
444
5301
2129
7357
3444
8460
3298
4432
7512
3255
5519
2347
9069
3226
5359
3811
3254
102
6022
1257
2487
5989
2697
4958
2488
6705
5435
6649
5451
383
1158
3590
6781
8337
9704
7242
1413
490
7526
4163
4447
8288
8292
1857
2595
1888
4010
2262
4054
252
207
5853
3212
2344
299
299
9008
6484
1746
3230
1069
55
5589
6003
2820
1165
2679
4342
2851
2993
1158
7915
7821
8808
3046
8184
9232
1050
6062
6058
2500
7443
6247
4173
4874
8735
5012
7521
9597
8870
7518
5405
2834
9703
8275
902
7005
9287
405
7469
1233
420
2080
2642
6623
3291
49
5438
8798
9061
658
9658
9730
7985
7527
9609
7049
3692
9353
4609
4424
8643
9204
4212
9608
5486
539
6179
7975
7383
1026
7284
2853
2992
846
5134
7483
389
5250
9582
8331
9288
1296
1295
5162
394
2613
8202
2629
610
1914
4672
6548
6697
1987
9722
1001
5272
5060
1197
4933
5785
1709
1803
3634
9173
1077
1912
5644
9251
4358
7650
9636
9880
4197
3873
5527
892
9726
9800
3165
1852
6882
6879
6555
115
4250
3756
3272
2340
6481
9431
226
9196
8557
3345
9180
9143
4085
4336
6197
2589
1857
8986
8668
1369
7765
8592
6632
9593
6246
8251
8327
9070
2397
7253
7307
3432
9205
1470
5954
3161
6571
3408
4285
5604
5716
4123
783
8588
1716
6819
8778
9363
5684
9827
6890
6971
666
1449
6711
2313
126
7795
1683
5450
9754
5154
8473
2691
1049
2031
5063
1467
4100
4075
7770
9646
2041
7377
5830
919
7896
5044
2379
5487
4643
6553
3230
2986
2324
9732
9425
9767
2252
5230
9634
9460
7526
4729
6172
