6252
4405
2732
5902
8896
4879
4275
3276
2810
2470
9685
4893
224
9100
3755
4883
132
1488
4706
326
9843
828
4531
3185
4180
2806
6471
2940
4445
9243
305
7990
8334
578
4077
5888
7800
3143
477
1354
1585
2670
4523
6772
6109
1492
9176
4654
4610
782
874
7307
3462
5059
2615
7437
5240
8518
8427
7088
2802
8786
4849
71
484
1331
9548
9026
8427
9764
5081
7452
3768
4490
9849
307
731
3942
6428
2902
5190
9597
7474
4814
7008
649
8332
8507
6966
3996
5839
2204
94
8408
9724
7838
7204
2080
5084
5467
7773
9711
6087
5610
5512
7863
6040
5211
81
4845
1205
8032
1844
1262
6522
883
7849
453
4261
8661
832
8437
9495
7372
4842
4006
9068
8560
9579
4594
360
2114
4225
2287
1198
7947
2977
1902
196
4587
6274
276
754
1982
9275
2163
2740
8301
5664
1159
8601
4403
9892
5637
570
3767
5342
1902
7668
4415
3795
494
1403
3601
904
7155
1952
4761
818
5688
9763
9871
4953
1182
9984
4827
4721
6377
4884
2477
2970
6189
9862
9804
4543
1214
1602
1899
7169
8975
3982
6141
7919
2452
2354
4413
2998
7743
8917
9845
0
3839
5042
2027
1892
1733
5501
6203
6449
646
4615
2676
8221
1832
5637
4151
3235
7604
7677
2466
4649
469
3494
9445
1084
5531
7697
5565
5530
3714
8859
5361
9449
3830
464
1751
1276
2877
6578
6159
4193
4987
3525
4355
3718
9935
9949
3117
1303
283
7971
2084
7505
4032
2934
5691
7136
4098
3693
5356
2533
5661
9429
5559
3239
4188
1136
4595
3742
4748
1911
9352
3681
4483
2707
3204
7265
9808
4362
9195
7255
1732
5251
8172
3190
9244
1719
966
8401
8026
1911
1675
3238
7206
4169
2476
9537
3933
905
4322
7025
3133
1716
3361
4681
4563
2679
6996
9904
5524
9497
4704
5755
8059
1922
1922
757
6980
7444
3946
4540
9804
3274
7761
7820
6347
6282
9493
9224
6662
6334
8005
3941
4674
5190
5769
5274
8610
8671
342
9565
1887
6740
9360
2774
2241
8117
5587
4451
953
5660
4540
1776
6357
7578
8443
7398
792
3682
7503
2766
1747
2468
1770
6605
5496
3577
5302
6403
3925
1939
9642
2729
699
7043
4065
9481
9850
7079
3324
4338
9076
1819
6548
8451
6836
9435
4618
8602
7813
3552
8135
7349
8372
3363
7373
925
4030
7938
1484
7666
8521
9578
2153
6008
4474
9806
5499
3886
22
999
8257
2251
1972
1451
9225
9863
1926
1102
510
3329
6605
9436
7184
4634
3466
8443
9839
2711
9231
1513
5167
3409
9195
3519
6759
445
7960
2049
8087
6775
3110
8575
5552
6561
8155
1419
7563
8894
5849
5615
5547
382
6763
2540
603
6125
1518
6785
2879
7990
4650
6326
9370
395
8893
992
9018
6341
8094
9000
3232
221
3755
1504
4112
8586
641
6888
5913
985
9707
7083
8848
8989
7986
9144
86
4768
8275
1988
3152
7697
3662
379
2272
7010
1997
9492
2673
5281
5794
5697
7548
8355
5220
732
427
9249
9188
1209
7005
2728
3594
666
8741
1492
8580
2175
9836
8387
5847
9193
1590
7205
5444
9629
9736
3450
3526
992
112
8190
7094
2843
6968
9870
7230
7102
8523
218
5412
2766
9416
2701
1682
8665
3751
3919
3958
7436
5044
4763
4534
2618
1284
843
1339
4059
3856
9968
4063
4278
1462
503
9774
7771
3414
8802
4904
609
5201
4988
2949
5938
1834
483
1974
1145
9855
7425
9339
10
5309
9832
795
7362
3026
8824
95
7825
5610
681
5904
7713
5638
8003
9206
1756
5444
6628
2255
6933
4838
2979
2711
291
1076
1890
1714
9847
2492
4477
4213
6403
5641
5420
4015
3425
8779
8029
3881
6740
3487
6420
6765
613
6629
4503
8702
7078
8430
3569
9950
9534
5425
362
8559
7374
5333
3946
6987
8428
8430
3710
9041
2071
3735
7647
8395
4514
4956
9301
3342
9883
4152
3077
705
2645
4356
7667
9936
6380
276
8856
2907
1169
8104
3719
6200
4571
5290
1670
2586
3272
8440
5074
5368
6381
9704
4289
4543
2361
670
1830
8574
5863
802
752
14
5858
4847
8935
4888
3827
7811
3735
9915
3931
1614
7262
1378
9284
580
7626
6299
4857
7698
930
5506
5678
7844
9472
8271
4122
1839
329
7318
1442
3491
1417
829
8699
8667
4152
9915
6037
4450
3891
2154
7399
785
8828
6927
5531
9480
6520
4183
8675
3011
8794
3095
5171
6213
6375
7338
2564
6186
6042
8592
5663
3147
4876
4089
7194
5103
9282
7502
4298
2659
9548
7954
1422
4657
8594
4075
8706
9488
6650
4109
710
9632
346
1687
4017
5992
957
3542
7961
6435
6044
2551
2973
7894
3798
9230
2580
4404
7700
7555
4129
308
9664
3902
9834
9684
4505
5658
6158
1123
4364
1303
1852
3304
2493
4683
3465
9961
7205
1367
8358
803
8879
9410
4319
8542
3565
7181
9378
6865
3146
9425
7483
6794
533
6569
5183
9547
2805
5846
5944
6008
1508
503
5692
3137
4329
7442
1188
5110
7108
7125
7624
8900
4759
6503
7741
6794
6160
9084
5594
1597
6792
5050
2535
1933
4941
5443
4792
2869
6892
605
3454
572
7036
4957
3318
1544
7033
1342
3743
8016
1284
9537
65
5722
7224
3266
4774
7759
4780
5985
911
9719
5401
4644
5750
3105
5502
7569
6361
6350
5207
470
5832
3956
7217
7918
2097
5077
7962
9076
7492
1196
5543
6404
8791
4555
5691
6483
8996
780
8071
5588
5506
9088
6982
1662
3681
3735
311
9731
8797
7744
5469
3038
533
4547
6081
4512
9163
2858
6328
2641
8574
1207
2328
3247
4430
1257
366
177
9476
5916
8259
6523
2147
8377
6645
7287
7454
1151
8651
5320
9890
6419
4621
6486
423
1318
3017
2183
7416
29
3642
7675
9385
3174
5733
2414
3943
3632
5331
8307
985
309
829
5242
8059
4764
9319
3467
2246
1909
2730
5010
8987
6880
7442
9299
4931
7944
9487
297
2251
1169
6937
6062
6912
831
4845
8161
3419
8922
6077
9136
5205
8111
1675
2864
3941
7198
3458
988
4230
4641
3485
1155
9607
7676
6059
8184
5101
9686
7374
3855
8685
3520
9866
2772
6550
1584
8234
4670
5179
2507
8274
2194
1011
3440
2239
5000
1563
4799
1727
8412
2547
1398
3283
8807
9977
6393
4114
2394
3763
9321
93
2057
1789
1466
5566
7676
8803
5817
8174
6458
3628
2364
7405
2605
1010
5328
5634
4614
5519
4088
3839
8515
1154
7344
3890
6215
3000
4215
7022
316
6500
5880
9993
3866
5828
6937
3344
5298
7306
8461
1271
1506
3334
8781
5480
537
4229
4299
2702
5327
4040
4780
5005
4065
7252
2612
8776
7642
9636
3806
1136
3895
4413
8581
5376
3430
76
3935
8663
8309
8422
6383
6726
6929
7789
2326
6960
8882
8930
1107
3363
7286
6868
6429
986
9322
945
259
3920
8264
4400
4296
9678
7143
9770
9031
2436
826
1672
5184
7048
6684
1703
7622
9236
5553
332
59
1539
168
9659
8773
3935
7485
3378
1323
4539
8408
4780
7867
8727
8570
8734
86
9010
7495
8535
3117
5222
6888
7406
854
551
5
3475
1380
8356
959
5029
2025
4640
9438
64
2673
6564
9765
3967
853
811
558
1943
6518
4405
7840
9129
9311
8024
1946
1721
1227
972
5579
2569
5341
3577
5259
638
3088
4140
4878
5410
5315
7277
7219
2826
3228
7207
8268
7342
3737
3258
8061
8468
5966
7187
4080
1929
5936
4826
1134
1413
5661
5587
2078
226
2532
7133
7137
6136
5452
6983
8196
2134
1848
3015
5985
3964
889
4219
5532
9536
7076
5934
7086
1816
6495
945
8144
5500
5725
5045
2508
7682
8098
3755
7267
9690
789
8582
255
4515
1139
7828
8197
1204
8861
1144
1263
1616
7111
87
2432
5953
1615
3922
3708
593
6407
5769
5152
5445
3449
9527
7124
8728
5254
1563
3932
6618
3956
436
3466
2899
811
9687
2857
5809
1791
4719
8201
5221
1077
940
6815
4424
9678
1198
9365
611
911
5782
8833
1733
4716
5869
9219
8675
6887
766
1206
9579
6772
5031
4910
4017
2337
1217
4356
6565
7895
4236
9457
4019
4984
7650
5869
7121
1270
4438
7811
8265
4174
2438
3374
2104
7962
3630
1464
564
7312
6844
2551
5074
7552
6586
3941
7801
50
6227
5051
7703
4665
6276
6336
9262
7962
2343
2928
4116
1607
8339
2707
8561
5375
4635
577
7113
8661
3007
856
8905
6038
4270
2644
3913
493
4528
2941
4100
3162
7746
3166
614
8551
1502
4194
9620
3244
6203
8141
7859
4864
9897
871
2824
8221
2826
3218
7779
9856
7061
3398
2990
3151
9652
8886
4128
2971
8264
700
526
5791
1873
4521
3291
2380
536
3431
9810
9236
4202
2139
149
5973
9186
306
1659
9980
151
8204
3936
2425
7940
6626
6969
8780
2561
772
9550
383
8996
8903
7228
9213
6750
764
2871
5512
4251
1140
7591
5224
4353
7563
2605
5171
4576
6600
2191
4758
3429
8249
4615
9837
3588
2969
1172
1300
9217
5473
7925
6819
868
8931
8265
4381
4139
8182
3137
1661
2241
874
2077
5579
581
7466
625
6037
7755
96
6770
8477
2206
160
483
5600
8283
2767
2057
5307
1046
4651
845
5494
3479
6816
9709
6191
2339
147
1484
7218
5633
8765
8879
8297
6524
4200
3775
7247
9449
6347
9167
7604
3146
366
4821
6690
9134
2881
1047
4964
3072
8087
5752
8728
3496
4550
2584
4880
5958
5693
1742
1954
2521
4837
6790
7941
657
268
6478
614
9472
4899
3790
5955
8894
6707
7702
797
1938
6252
3170
142
5251
5412
7474
2424
2978
2321
1072
8075
2296
268
5806
2929
5353
8212
260
9592
7428
5641
8674
6522
2743
9645
6569
3099
7726
6787
7107
9118
4361
6582
9727
8899
4354
2593
1569
777
8609
9387
7223
4605
9724
2
9676
9940
2648
6238
2429
8700
4870
6164
2908
4232
9774
3134
9859
9107
9157
8026
1192
8069
2561
263
685
5434
3411
93
9113
6946
7427
3
1751
4716
7649
4578
362
153
1547
2200
2545
8445
9593
8083
880
449
7108
2084
259
3779
7324
1582
9433
4201
4922
7256
363
9542
7948
1864
7860
4170
2575
3949
4258
2400
4586
8539
4821
2765
6514
6359
386
2083
3591
3373
7270
9254
8254
5971
2203
3099
7213
3037
332
6661
346
1216
3371
486
8400
8236
2
1143
9480
832
541
2194
5898
1956
3800
2949
9905
766
9403
5932
2039
3827
6028
8855
7723
9027
9030
1229
5273
1231
8897
8590
5889
7913
4117
5966
8610
6684
7141
1681
2103
8466
2483
6253
5670
4545
4158
9640
2851
9249
634
1732
2304
9479
4879
4054
2985
1240
117
5662
7123
691
4115
5056
9450
4720
3853
9643
5388
9676
8695
7883
4425
5426
1527
7956
8890
457
9923
9149
4009
750
3263
5153
3788
2279
3611
6391
5653
6757
3804
7891
6525
2363
6159
4775
1736
780
7449
1258
6945
147
782
854
3732
8311
3693
1945
6546
7832
4866
4058
4961
1106
1408
3358
9506
1079
2329
2595
1926
3401
237
1752
682
6911
1237
5696
8403
6040
1788
5951
4516
7208
4338
6488
6070
3926
1518
2119
5674
450
1380
3295
4663
7689
3705
2902
8649
2134
9216
674
1265
6832
9837
1069
4779
1383
1672
4815
6443
7552
7411
8603
8612
5400
6733
2928
8007
1475
5631
4082
200
9543
6073
4289
9438
4340
1810
8251
3850
3075
905
7410
6802
1936
9820
211
9662
7470
9456
8697
7005
1467
5609
1994
8979
3260
1018
4919
9155
9475
7710
4091
9839
1436
5313
4988
1298
5295
2879
3599
9771
821
1266
1295
4909
7649
1165
4196
4714
779
6298
3589
2242
1792
6943
4243
1580
2164
2047
9527
3606
451
5114
1269
2811
9743
2884
6984
9773
3391
7840
3743
7885
1858
1729
8502
2853
2226
3376
180
8571
7723
6711
3639
7019
2705
8481
4389
4116
1652
640
1659
7754
9988
5823
7546
7425
7087
369
7407
9803
80
2882
7953
2615
9159
624
4785
9254
2911
2041
1719
354
907
1512
521
3426
6382
1466
2268
5614
1939
3816
6857
6085
8894
3942
851
405
931
5602
8984
7075
1165
3232
5732
1948
2710
4639
4128
7644
5771
2739
3699
10
8896
486
2184
954
6489
2050
314
5331
7043
8868
6858
1259
6525
8087
2493
2681
9795
3676
9067
5897
9835
2487
9665
5321
1734
4872
3360
9558
7487
1165
1849
779
6174
6311
1761
3835
8601
163
7960
6378
9763
8491
7642
5979
344
3419
9561
6356
7082
8167
5869
3638
6930
1401
2972
5444
3774
4745
8849
7322
5158
9992
537
5168
2627
2797
8682
8977
9741
8816
2095
5659
1392
2026
2293
4966
510
3106
1888
3148
3593
9161
2359
3622
8649
657
8895
2767
5287
2707
6267
6845
339
4479
7685
4160
3143
8432
2327
5945
7344
6430
8760
1555
3481
4632
6011
1320
730
2781
6661
3322
9726
9936
1515
5861
2185
3045
1585
3833
5204
1329
2842
8025
1947
5361
2404
529
6305
2399
5762
2522
7234
5475
9129
9412
2396
8866
3942
9913
6514
4702
7349
8060
8238
448
2163
4089
6198
9444
388
5341
1571
4325
1733
1201
4978
4088
3308
1352
6610
3970
9557
7696
2247
7536
1499
3456
3420
5231
7281
7578
4038
4052
1904
9285
9131
5952
5046
3081
9836
3088
7957
499
8790
8789
4184
944
6625
9840
7425
6523
4052
770
8916
6632
4632
4454
8005
3711
1636
3218
4756
9250
8821
4742
1469
1650
6173
6672
9694
9192
831
8385
3671
6405
8513
3438
157
8769
8801
4609
754
7291
5386
3229
2230
1045
1769
7063
1379
430
8246
9776
8252
8783
1810
7650
4210
3659
8292
941
3868
8373
4675
8201
9487
9178
723
9087
3254
4677
6301
5463
825
905
5184
8604
4395
8765
4674
5531
2920
6488
7891
6468
6506
6912
7226
7197
3142
7604
7653
6488
8724
8202
3002
8229
6896
8426
2542
853
3768
8941
5333
6568
3528
8873
9383
6439
2828
5131
6789
5583
1921
4341
5688
282
9706
7364
3839
6905
6992
7541
425
3242
967
1205
5082
8044
3365
6394
980
4254
3021
5547
6262
6497
1104
336
5335
7409
3994
8384
5911
5609
4235
8409
6418
9494
6547
301
5826
9569
346
8204
1409
5451
4676
7293
4106
585
1736
504
1418
3995
9835
8233
6333
661
9514
2808
9870
389
6969
5372
8573
1553
7897
