7439
6001
8675
9399
7361
6450
9800
320
7483
2229
3917
3077
8078
8504
5646
265
5626
8490
5336
32
179
9602
9249
2916
9390
9938
2473
8007
2533
3784
3153
1043
3633
8779
8090
2828
4604
8899
266
3992
1165
4001
6824
343
6875
5963
496
2768
1477
8979
5569
5967
4755
9996
7659
2648
9964
1303
1099
6208
3214
2177
29
614
5389
8181
5047
9394
9245
4201
1030
9685
5269
2635
1357
6377
64
9913
5969
3747
275
7971
8122
6295
3996
9426
6643
8755
9285
1180
6822
8180
5160
6218
992
3720
4708
6671
5939
5154
3008
7996
6197
4753
7610
7929
5949
6322
506
4626
2006
3098
1821
7979
3420
2431
3424
4705
9005
8830
3056
4981
8108
615
467
6463
5091
6988
5395
7692
212
253
2842
8381
5881
1327
413
8955
8597
2774
7936
5922
1414
8078
1701
4876
3161
4029
7830
7839
9424
2149
956
6451
1397
9261
5926
4230
2855
4528
6185
1708
2465
9091
6058
325
1071
1150
3165
9934
2526
8939
9762
6470
9383
6709
4322
8521
2276
51
3323
4642
3283
2498
4280
2488
1029
2365
3417
9843
4813
8854
8172
4193
5534
7662
3563
3756
3160
3906
679
7492
5810
9146
9163
72
6654
6539
6631
8749
1127
3522
268
8162
4600
8263
8209
8698
4498
1065
7875
4066
6628
9029
2657
5155
8111
1291
1525
7781
3173
4496
9441
2299
3673
4772
4546
7400
8192
5752
5769
8603
4191
3577
8089
2613
9818
3571
8285
9218
1561
2750
8240
1411
9411
7555
4708
7934
9026
5442
4690
1366
4557
1316
4422
1170
1456
7392
2793
3906
7982
8456
6023
3365
8671
1688
280
9555
8211
4468
8970
6367
6027
4320
4282
6325
9852
464
824
5857
959
2013
6173
9422
6227
5178
9520
9610
7967
1073
5233
1821
8522
4840
1093
8549
4732
2091
8697
9274
9813
7713
3785
1214
7338
229
8901
1882
8450
2657
3347
7099
7265
8243
8911
6819
8114
993
9823
3490
9360
6310
9060
7497
8385
7550
3953
1293
9036
2169
689
3129
439
5455
5255
8951
6919
8899
6028
5796
3693
7587
7075
1627
7519
7585
5957
3558
9268
3136
3984
3776
4198
5934
7061
6582
8912
5676
6514
9668
6535
6994
7674
7035
1340
1717
320
9466
538
3260
9026
2068
3588
3174
6475
9868
9191
8038
9092
7772
4048
8855
8671
7101
331
7782
3762
3489
4392
346
8883
4190
417
3031
2312
9760
784
8778
2532
4665
9910
8911
6593
9163
5017
5229
38
5052
6661
9380
5893
2640
9727
4437
9334
9360
6206
2877
7276
2377
5413
2770
9649
57
9835
7086
3466
9715
355
1278
8258
9362
9561
9946
2636
5109
2286
1166
3142
5009
242
8425
6359
5479
3797
445
1
5973
1453
3950
8889
4962
1009
8558
1960
2135
4701
7650
5557
679
6906
6289
7675
4104
5433
4623
9108
4392
4746
6072
6325
569
9736
6154
877
3766
4483
7410
7987
8083
815
1291
6326
7846
6504
6167
2884
2645
4127
5719
465
335
4008
5592
1355
26
3208
8223
6215
8767
5530
5185
9927
3136
3456
9284
9346
4065
3337
6594
3843
6573
9409
1938
769
3853
61
8192
1014
2142
5975
3887
5646
3637
6258
3825
4977
6561
7925
5702
5056
8389
3518
5133
5252
8613
206
7571
7116
2122
2174
8488
5403
3593
7159
2065
502
9580
9061
6220
7146
9717
701
2280
7850
7281
54
5318
7176
6152
3074
2339
5367
5946
1057
2862
4463
2998
6092
6467
5325
4370
6253
7450
9135
3762
549
210
3605
7594
2623
7629
2068
3338
9296
1787
68
4518
266
9242
283
6409
3027
897
675
1027
7239
276
7891
250
6230
6383
3277
5799
3590
7155
8454
7437
4738
2464
1073
5509
7900
1271
4475
9826
3249
3342
4282
2373
6379
6745
2984
616
2161
9084
6274
1554
4596
1441
716
7252
5619
6008
9495
290
8691
3137
4630
9674
6649
9972
6501
5674
3934
6499
5280
6998
5203
7366
6421
6228
4644
1722
5932
151
5273
9966
2886
6617
7476
3366
4180
4995
5649
2247
7125
184
1859
8930
6453
1001
6816
7850
5586
5318
6813
6908
8725
1496
6763
807
3618
840
4598
308
6695
8086
1262
8369
4896
4932
2264
1987
2227
2453
3748
4411
5112
525
9259
1308
2517
9394
3438
8125
1695
9180
8027
9434
4580
3171
5292
3161
4710
4858
7463
6898
8615
6505
1905
7947
5765
5129
3551
9079
8089
4938
2940
5757
7606
4994
4555
2082
6256
734
5537
3605
1340
2867
4107
4193
7411
8838
2585
7888
7760
7737
2354
247
2321
3733
7309
7342
5925
4021
6371
8231
4299
8637
2592
8002
9126
3949
4523
6292
2312
468
2940
6059
4390
5740
5870
3548
3891
5975
3706
1941
9288
8582
7263
5004
8022
4735
9521
683
7884
5470
2180
6644
5394
1944
4226
4018
698
420
7975
8418
7509
8791
1909
7391
4927
6180
9940
8303
5495
2222
1654
504
1621
8802
7851
5535
272
6747
8563
2026
7206
1429
1470
1669
9301
1759
9956
9440
1821
9805
5103
8329
4103
289
5499
1161
2999
3877
3601
3608
8924
9012
2241
1754
9386
6451
4226
2003
8902
4296
4269
4913
8803
8068
9147
5183
7304
9388
6425
9847
3719
6267
1799
4117
7009
4689
5458
3003
6846
5377
3326
6337
8094
1134
5077
2929
9037
1254
6921
5613
9748
2595
7817
6069
8511
852
3793
6768
7572
9400
5271
7019
5838
4285
7820
1206
48
4658
9179
9767
875
5384
574
3473
7344
2273
3273
7876
4005
5487
7682
6535
5769
3763
3140
6152
8722
6286
6713
2533
9554
9707
955
3746
2159
8848
7298
4332
517
1849
9857
4868
2631
7602
1766
9059
8095
5934
5485
3463
2039
8996
8528
182
3402
3495
8428
6730
5621
663
6983
1114
8848
7685
1810
8155
1984
3280
4396
7137
639
2906
7777
3522
8266
4119
5870
4630
1489
7958
7274
5773
8976
6264
5154
1808
3792
4905
842
265
2451
6296
3886
657
68
7485
432
2192
6636
6492
213
8796
6391
7435
8785
8461
3631
4422
9431
9484
101
8452
2652
8446
2528
1597
7213
8151
7611
4064
1713
5942
3207
6213
9054
1977
1854
2848
7051
8340
7659
5160
997
2317
3417
448
4658
3388
6649
9993
7554
7306
1026
5049
3021
7847
4600
7064
5059
2258
581
8388
2864
2915
5140
9091
6613
9628
4355
3404
715
5246
1961
5294
8949
8388
2486
8467
3837
2036
6984
5336
4392
317
7562
2727
3232
2736
8037
4384
4704
2708
4140
2866
1187
4120
6858
4140
1527
6454
7597
335
6775
9024
7945
5753
7346
3769
3507
4330
1845
5608
6336
4546
5282
715
2945
332
8341
4657
3798
4281
2616
5801
1286
1404
3772
3883
7871
5719
8259
9100
9573
9721
7629
9302
2555
3712
5956
5115
1312
6106
866
953
7245
942
9443
1247
7211
251
8014
6412
5564
9816
1734
7979
537
142
1135
9553
5621
7580
3038
2911
2845
5104
5452
9384
2632
1599
8047
1685
3044
7496
3899
5695
9223
2647
3944
3573
8681
3452
1053
4595
699
106
7487
6731
7131
1262
8263
2049
7343
5136
8207
1995
3200
1834
205
3608
2080
5276
4290
2671
5751
9851
2529
1739
3133
6308
2209
384
7716
4083
2
9668
5710
2848
9472
1434
6643
9283
6551
8863
3545
9916
263
984
1771
4728
4438
7031
1681
2844
8285
2548
977
3099
1944
3749
3780
4227
505
676
4460
8086
1291
1928
9724
9181
1726
2356
267
336
7824
1232
7700
5241
98
2348
8168
46
25
3005
5471
6301
1856
6360
7919
3875
5036
9226
4228
5892
5946
3345
5328
22
9182
2169
9638
22
7511
1819
7902
256
6356
5654
406
7223
6353
2628
8702
1936
7921
3846
6166
8893
1286
5078
3924
2866
6376
9562
3424
5330
4514
1183
9296
1490
5067
886
344
2322
9896
3756
4448
7623
6641
818
9185
4753
2475
5879
1156
1011
3483
7873
8516
8193
9835
4905
6674
35
5786
5033
3836
3137
6211
897
6362
4218
5235
7790
1602
9366
81
9615
5423
8994
7249
2962
9312
2776
9489
1268
2468
2245
7475
5911
9180
6917
3801
1051
2178
2440
1992
2039
5154
1608
4378
7684
87
86
3153
2648
5100
9211
768
3155
9941
9977
7930
249
1865
2206
7216
3013
4595
9539
5867
1250
7994
1159
8708
5393
6106
8240
2564
4771
8185
232
5354
1614
8759
4243
8097
7165
7825
1614
2190
3827
6251
7612
48
8466
679
7423
3705
6173
3739
6848
4519
2357
2854
4217
9492
496
9690
1197
4288
716
1532
5806
832
6524
3126
4698
2270
1342
7184
8594
2050
8536
27
3621
876
7717
6654
1624
6252
2349
3553
9181
6549
7577
5413
1339
6478
3211
3469
3356
4711
9720
3614
455
3893
2486
6633
7661
9094
6966
3755
5249
3511
3267
2871
3596
3300
8868
3120
1501
6143
1295
8067
5890
4021
6181
8072
7527
3421
1112
3048
568
7198
8172
8290
7739
8514
9313
2009
6447
2576
9505
7863
4507
8157
3167
6438
8479
1301
5313
2901
8223
2858
8703
6708
862
1233
2006
5383
8007
2903
2479
5378
5911
330
1941
810
9021
3623
7389
8894
5218
340
5220
8038
6589
2199
7203
5148
767
3428
8202
529
5750
6387
3157
8895
9796
8935
7221
8140
5011
8535
6171
3363
8189
6039
3635
1628
6248
5046
1966
5324
5722
1386
3352
3292
6565
3786
6938
2921
824
9964
5527
9096
4312
7168
9904
8832
4119
5900
3839
1433
3114
8390
5759
606
3715
8722
1116
4383
1618
7367
7275
9628
9047
1521
6929
5247
9229
1987
5578
1097
738
9086
9716
9873
2463
7188
5262
4940
5852
274
4181
8270
377
6302
4846
8545
1629
545
7345
8534
9627
81
7472
3755
1928
4739
9520
3550
4148
954
3720
3517
8783
9160
2228
8783
4822
7500
503
1814
2604
8513
6257
2797
9774
1302
1432
525
9807
8218
8685
9741
3137
7508
832
2928
5780
1963
2540
7889
2492
4699
8577
7693
8478
4493
457
3044
3012
3304
1710
5369
1711
658
7502
4913
4861
4912
1078
7003
6651
6027
8591
608
9321
7940
6647
9192
3774
7423
5271
2385
138
4461
6149
8164
6870
6613
5206
9775
126
6776
8819
4095
2501
4947
5745
9809
1197
9295
1482
685
359
2341
7837
3515
9348
2785
8179
5372
654
3143
5847
1126
3268
7134
9948
5878
1268
427
3385
9918
6780
3290
612
9643
9176
95
3795
3019
8087
8249
993
8155
2532
624
6559
5593
2516
8602
5183
3487
3219
208
4226
9308
5474
6774
497
8721
6464
9253
2397
1684
628
7663
6011
3844
5142
8835
5209
1564
5443
444
4438
9865
9202
1019
8216
4504
8232
3187
3097
3465
8299
2299
7735
6367
6372
3646
5404
6848
973
4786
1513
8378
8579
9636
5818
5967
96
5096
5856
3955
8998
8516
5021
4389
1564
8152
1523
8349
2103
1972
6534
4361
1511
7060
1672
6015
1009
3624
5541
7403
3840
9236
3069
6715
1395
7825
7373
8583
7646
257
7790
4123
590
9740
3278
4680
8500
6114
9972
751
5978
5484
9632
7238
8385
6631
3105
3656
7870
8727
3780
341
8319
8055
6170
2363
4964
3140
5208
4538
6229
5164
3882
7759
2797
5482
3404
397
5989
3009
3832
2359
7371
9940
2430
2990
3807
9789
7979
1148
3006
6549
3115
8620
5332
2081
5366
6867
2606
4129
2256
1706
7559
7120
2868
2807
1857
4606
510
1100
1183
9201
464
1827
1296
1519
1760
5171
477
9926
2504
2620
5923
7711
5437
4534
7760
7353
9976
2996
5151
2200
9575
8964
2257
2069
8426
4095
8818
675
6312
3301
7586
8646
6974
3658
3436
9625
5111
3787
1420
4932
4182
6084
450
6591
9403
9748
1260
2190
767
2246
37
3382
4515
3038
6886
7318
7677
9650
7750
740
2009
3869
9795
9252
64
4433
4825
5925
340
6094
3791
8679
2272
7602
4424
5731
3894
4234
1624
8549
7078
7277
4077
7087
1041
58
459
3089
52
1407
4115
2582
7416
6697
7384
6798
2654
2567
3476
1925
8185
3168
4078
4234
2488
1504
5741
1466
8296
542
2922
7937
2740
9865
7056
9859
9071
6638
783
8690
6547
1974
8684
2378
8932
7330
8383
5237
1103
5159
4454
172
5724
9649
1295
1435
3308
876
5071
2900
826
6488
9405
4651
7971
1456
6703
4887
7055
2508
5397
7310
4533
2961
3167
3839
4693
8452
2118
9468
9898
4846
1432
6888
9262
6563
2705
7836
3558
9677
5120
6073
2995
5423
8513
2075
9018
480
2405
8500
3527
4254
6112
7933
6878
2382
1431
9720
5013
3448
6065
1736
2125
8319
6001
922
7797
7502
645
6357
2045
4724
7161
7092
5304
5782
3259
7133
7484
599
6182
6539
3162
1382
8014
1597
2807
4308
1653
5204
1428
2155
9522
9357
4601
4511
378
8300
7769
9285
4379
3361
4151
7189
4634
3280
4736
8099
250
386
271
9137
5173
2991
3750
4604
2853
3178
8261
6798
9182
527
9051
8354
1382
5282
4651
6186
2109
2314
1407
4075
6772
150
1422
8163
7774
3061
8991
6496
3042
5535
4586
1020
5872
5735
4919
7364
2342
2095
520
8512
9636
5400
2192
7233
5692
9113
5442
2508
5746
2304
6288
2258
4037
6734
2622
3802
132
8366
7085
9060
4534
5348
5048
3271
174
9894
826
5361
1538
6445
1010
5491
8848
5424
3687
4752
6943
8747
9314
4991
9619
7898
3432
3541
2841
9716
29
6216
6059
5145
1965
6476
6611
1934
4681
615
6242
2490
6160
5319
7108
4910
2921
9700
8096
7750
5905
4305
7127
4887
5614
654
4339
2888
1798
5304
7863
8667
8936
234
3334
4860
8577
5180
8949
6237
9788
7549
6761
5924
8650
6402
7992
1898
4653
8845
6064
4830
9396
1276
9057
954
9177
3065
9456
8866
5559
7406
2000
8787
6751
3115
7615
5414
140
3390
292
1368
6560
7526
8069
5115
3184
152
6044
5841
5981
3212
4953
4796
5706
6565
7605
4179
9571
6667
398
7606
8955
7963
886
9936
6448
258
3220
5897
2419
4165
2633
6227
7638
1446
7465
1909
1666
7861
733
7914
7752
7519
601
9479
2657
1405
450
8820
8332
3178
3747
3940
5156
4558
1527
1525
4088
9829
1048
4289
325
7539
433
8719
511
3209
5322
4266
638
8084
3311
697
3469
4459
5443
5575
1793
9590
3723
6201
2496
7942
3323
3014
5911
8302
4254
1467
1820
2002
5616
2569
2640
9662
4764
8225
1852
4927
9645
8506
3120
3405
6068
7479
9363
8220
893
1297
1269
3439
5483
1656
8810
1739
5439
8610
8447
7562
1483
7274
3904
5030
7914
3011
5180
5645
9331
7247
6394
1433
3578
7984
5921
3930
7890
9345
4520
890
935
8956
8287
4575
426
515
7237
2102
6981
9584
3716
9416
1176
321
2001
909
4327
601
1477
2040
7489
6963
5460
1100
8340
2734
6335
185
3089
8160
7321
6703
2794
2424
7805
6073
2340
743
4261
6273
5522
1306
6153
9950
3086
5762
5979
9384
3730
7742
3524
377
4120
8112
6193
4731
9752
8925
5298
8571
6426
4551
1761
3184
9770
3277
3818
291
2412
651
5811
54
1986
1719
9405
2727
8241
7401
2447
58
8594
9443
70
7328
4325
2988
4447
5222
9868
6310
1144
460
300
3707
3688
8772
3606
4430
9550
6422
5761
6573
7729
4565
5843
304
5961
6160
8727
9379
3371
7948
9525
7835
480
5252
7545
5875
1788
7630
5651
7539
2104
519
1813
8665
7485
1508
8426
4672
997
4162
9565
6920
3813
4239
6622
5904
4951
844
9672
8344
2670
2788
657
1215
1498
9232
683
8511
1709
4964
9626
6066
8397
3715
7173
4138
3153
762
5222
8882
7161
1106
1433
5388
1952
6693
3472
6418
8578
6140
3951
2857
6051
5058
9378
8047
5097
6467
1030
1406
5498
9220
569
9498
2180
9534
1250
9478
289
9036
867
7576
5784
5750
1278
812
5714
3989
2916
8161
6605
2681
2861
1828
1469
4203
3983
7425
4878
8862
2916
587
2907
5720
2491
3856
1619
4499
6817
8787
5999
6008
6201
521
4690
2493
8
8347
3081
334
9600
4661
572
4903
3770
1441
424
6314
3900
7866
6046
1724
2308
1587
2066
6541
4141
4468
8920
9819
2514
4106
8157
3107
6501
4923
9911
2180
4181
8727
1805
1424
9918
4197
4345
5250
4359
5040
7411
8650
821
6985
7118
4203
4880
4060
2923
8073
2186
4486
1711
216
7735
8665
4952
3294
3227
2597
6205
4975
5353
2008
2513
7700
6231
6378
1886
7692
2518
4716
7531
4584
1877
4259
370
4185
2616
8849
7677
6193
7967
4416
207
487
407
8866
8984
5961
4262
6496
5637
2020
5934
9602
508
7848
2323
2427
4054
9928
3691
4565
5818
3917
3390
8245
8387
3899
2928
9132
7817
5814
5564
4117
5734
7746
354
8851
3703
705
9645
5903
7718
3613
5711
210
6101
32
7503
8599
3240
4030
969
533
6536
7429
6575
6106
9333
8912
3932
6285
2871
4995
3035
9595
4472
1541
3344
8016
3969
8193
9001
2763
2985
9906
1977
3915
9098
2044
1807
8490
1543
7838
3408
216
8774
1412
7805
7036
2390
3026
2451
6928
7774
3428
4206
2520
8315
2410
1214
1354
2977
5116
5087
3540
3847
4156
4312
3753
6595
4499
3847
9390
1378
6762
7799
4267
8968
1218
1310
1027
1778
9964
9303
6976
4441
1430
6476
9077
4857
8975
3587
1907
5408
1570
9971
6802
7581
1326
7679
6734
5366
5014
5559
985
5847
5214
1325
6775
2224
1099
4053
3244
8075
4568
5822
1268
6667
9849
1663
2753
85
348
9681
4049
9630
1755
6354
8071
7097
6123
5016
6487
5212
5391
3210
263
8154
1080
7866
4610
7540
9348
1852
8607
8855
2749
317
7442
7909
6733
5138
7349
4370
9629
6710
3367
9127
1566
8785
4596
2229
6265
1012
5393
7448
7947
3503
4567
2182
9451
5141
3590
64
6521
7297
8516
9116
8916
8482
9710
5457
1260
2719
1616
6286
7013
4498
177
2006
9932
4299
4439
9138
7154
1001
6558
9341
2645
5658
9137
5874
3067
8283
5614
3651
9563
6392
8283
3947
3539
2468
1998
3240
1447
5715
1229
6287
8240
4688
713
3511
3064
6190
3678
8684
3171
3143
662
8800
6869
8670
8938
101
6891
1411
2408
8203
8020
1025
1399
5759
6677
8953
2801
5760
429
1606
5749
2453
7075
5536
9751
4232
1770
6682
7328
3851
1499
4575
4380
1248
1616
3372
8669
967
361
4836
7138
7706
9902
1319
3781
2009
2048
2504
4236
5878
6425
331
9629
8596
7669
325
9959
6270
8353
1967
8207
8697
5804
5786
6779
6705
6211
6842
2658
9420
5482
4
9386
8180
4394
2875
4412
2254
9673
7885
1979
9234
8657
7294
6239
7238
5878
62
9154
782
1141
2198
236
4004
2097
5306
7162
745
1961
7584
8630
426
2509
9731
1020
9084
3473
4148
1291
1194
1860
4842
9070
7883
5240
3472
5124
748
4568
9718
1775
329
1859
821
2341
6413
9132
2716
1746
8628
1852
4601
5999
3025
6653
1025
3038
2946
8673
6035
220
2204
1667
9939
1397
2323
6334
9977
2944
2615
8500
849
4111
3800
8024
8891
6214
4924
1126
9474
2746
4655
9237
7299
5589
2383
4643
789
5272
9512
5489
8746
2029
807
2553
1125
9555
660
3603
1332
9176
3860
1219
4639
4939
9854
8154
1809
3507
1380
1217
2017
167
6312
1866
8812
4223
2099
7771
3036
2685
2325
2092
6867
1418
7337
1029
1386
1962
2749
2857
449
9129
3066
3137
743
9725
5484
8000
7867
9178
5601
1482
4845
4685
1385
9815
9286
5948
3714
2432
4633
5855
8807
2113
4171
7186
4826
3382
8740
38
9894
160
1555
9727
8971
6827
5926
2410
415
4426
765
3468
5937
57
3457
6520
3480
5165
7162
9047
7497
4727
7737
7083
5585
6754
7935
2146
3754
4734
7739
5651
9656
7032
6994
7418
3281
2796
4617
6135
5022
543
4391
3119
2851
5660
437
3588
6893
1837
8615
2531
8313
5124
9431
4318
5320
1796
3212
2052
4933
1561
5358
3480
9327
6324
8999
7815
2382
164
1358
4084
4115
2865
4286
7619
3117
5936
1960
4723
5580
4112
9988
6175
6373
93
1866
9216
9542
4229
8532
115
2842
5272
9101
3278
3234
4533
4528
3614
1514
3049
1365
6222
2091
9764
6853
7836
6225
9751
5230
7163
1540
8405
1492
3683
2574
2594
7684
4365
6052
4752
9621
5574
6914
4294
8542
9298
8819
7674
5310
6919
3821
2243
6965
8792
7718
3279
4603
5496
522
9364
3420
9935
2543
4287
2642
5747
7763
2026
1768
8697
5102
9650
4215
1687
6756
8616
3144
4404
3639
1978
8418
7803
3210
9256
562
6194
6699
1110
507
35
3019
8168
2290
2628
5272
4741
1230
9902
4977
9019
2829
8123
8697
2183
6017
1298
7286
9024
3841
2865
2157
6248
9131
1768
3563
2338
8069
8846
6826
7363
2967
4672
6430
8941
3178
5298
778
8450
7306
8381
6225
803
9586
8478
2613
1596
7160
9101
5331
7097
1159
9642
2224
1841
1563
5003
9169
8611
162
1238
8025
8806
8425
3614
7706
927
1715
8448
7396
7677
5135
6735
8545
8514
6912
4786
1097
2372
9369
815
8698
7640
8622
3644
108
2257
9376
9178
7651
2385
7094
415
6578
4916
3358
4567
6574
9325
2480
3643
1610
6995
1159
3562
7155
5157
5345
6700
3477
6546
3370
1186
9238
156
5847
5342
4580
7391
9215
7096
4200
5910
1206
7067
9915
7551
7023
5096
3135
9680
216
1322
4251
6860
1629
9732
8568
5703
4703
2975
7128
1270
4100
2292
1706
8381
4110
7167
5745
4541
5559
4364
4251
1760
5017
1078
3095
663
8915
6588
2536
6673
1466
3502
8150
5422
2629
6509
2405
725
1686
8491
7445
2186
436
197
369
3171
4632
2438
6496
4531
3440
7612
4089
6812
8086
4056
720
6861
581
8507
5952
4692
9351
2003
1282
6301
3811
4245
6007
1055
8567
774
5106
8135
3145
8108
772
5231
3990
6299
8292
5937
2219
2693
4293
8263
3533
292
8766
4747
9796
2413
6742
7600
8929
9989
8622
8967
6066
2482
3921
5160
5898
8511
8305
7159
9136
1512
3181
7389
4591
8639
1268
9540
1656
6090
1416
5784
5595
835
9315
8985
7941
6058
6842
6625
2922
8446
649
2688
9255
6186
7760
8579
1225
5333
2410
4601
31
5456
6755
3386
7869
6239
6576
1603
1859
4020
7134
9963
2653
4612
2684
7217
2735
5092
6357
3649
6253
6556
3878
6854
4932
1504
7283
6981
3569
3931
7556
4927
624
6997
4597
6771
2563
9126
7929
2257
2901
4229
7628
3611
7612
6278
3330
6251
2005
5622
9985
9173
6273
4149
6222
4427
7849
6616
5567
4929
6536
8781
1945
7180
6011
9047
4991
3540
9367
8164
2640
3058
3787
3767
5002
7644
707
3975
7009
5365
6275
8133
7668
253
87
8576
7315
8862
6736
9784
6909
6369
6571
1463
2877
833
9478
1945
5259
2017
6967
2109
9237
6109
2184
446
3352
8306
4444
7390
8877
5731
8592
2409
493
4892
8813
917
2486
1282
7354
7051
8006
9984
5660
2610
4977
9916
9686
5264
8512
9765
2466
2525
9107
1266
3186
9333
1698
8884
1055
9085
5903
9027
8561
4033
5779
2366
6439
5225
6520
1426
6653
5722
9491
9990
2686
743
8672
7277
1960
1279
3034
9555
4846
9629
5962
2957
1723
9086
4445
2895
3485
3431
603
3070
9984
8630
3563
160
3284
7139
6228
4211
2255
9352
4056
7747
1971
7566
9388
3273
6442
5394
1967
5219
6804
6216
6882
2201
6830
5097
9426
9515
9870
3749
9801
8667
9235
5339
7193
4958
8387
7747
9445
3227
4254
9651
4308
1424
3568
7165
5133
6297
2646
2004
2619
5339
9563
5709
1400
2561
1642
4861
6694
1841
9287
3837
9327
285
7581
3662
3836
1534
1820
4703
5024
6200
3054
9545
2360
9477
1301
7860
4916
4241
4832
8113
8445
5437
9698
8367
5615
3466
1145
9796
2872
1845
9539
1714
2921
8806
3128
1457
6259
835
6294
7594
217
6495
4398
6590
2396
6714
9419
7240
2053
6897
1775
1538
206
1290
4734
3997
1391
3123
9446
3572
9037
