574
356
8431
160
5606
7292
5087
1818
9152
1219
9376
2225
1544
8908
7411
7481
9205
7290
8914
2717
4721
8615
7870
2094
8993
8130
5188
6691
368
858
7103
7588
8356
1523
558
5340
9362
5241
9430
3190
3022
3021
2956
4480
6928
563
2854
7380
1101
2682
7584
9753
917
7280
5508
7177
4600
9548
4442
8902
9033
2772
8073
615
2954
7052
9481
492
8010
1246
4122
764
4709
5209
1239
9766
8916
7585
6760
8093
4682
1365
9458
2479
483
3742
220
62
8179
3038
3469
5114
8528
1216
8944
775
8359
9158
8536
320
2799
7145
7362
7335
1592
8369
5052
8223
8597
2292
9542
2254
4422
6467
6508
5240
2091
8550
1705
8130
2340
297
690
1157
7364
9782
4250
4066
7705
9558
1160
9471
4132
1883
2402
5804
8227
1519
4271
6249
1251
2286
3222
2998
487
1899
1683
847
769
1674
1602
686
697
5167
5187
6658
5654
6039
2710
2848
257
9046
7885
4928
510
3387
5526
6782
4627
6205
5844
5
817
5930
9525
6479
2227
8694
1724
683
7644
8498
5360
3086
4054
7167
6722
1388
438
6062
188
6618
8042
5246
8860
9697
6450
4060
1678
6017
3824
2106
8012
9390
1961
3057
9290
4882
2825
8291
1305
4271
6039
2804
5352
1003
9406
4550
3616
5437
6320
5770
8720
4527
8479
2640
7982
7034
1859
1017
8477
9086
8948
8310
8174
1282
1880
1782
9754
5434
5481
3184
8501
5585
7289
7610
5094
6289
7976
9515
4922
1133
9195
6377
28
6580
2042
9795
9924
2885
4815
3526
7939
9229
3178
8275
5946
4571
2379
3324
7886
6403
8578
3444
798
9250
1160
1287
5979
2866
6908
5090
7007
6371
1380
6328
6194
983
4390
2657
7946
8837
1694
4186
9446
1019
7960
6897
290
8519
984
3292
2439
9487
9743
2539
2956
5418
7298
3600
4246
6657
9171
9198
4441
6575
3105
3827
3898
3381
3756
1092
6009
2000
9501
8635
3877
8513
2900
5038
8547
6551
4137
5850
7938
4789
7507
5116
3167
9952
7084
8213
4836
4423
5734
6088
2323
7821
3106
5015
3192
4632
889
4484
2856
1081
5784
1510
2497
8137
358
7906
5763
2371
3949
6488
6037
3536
1612
9131
1881
8826
2366
8612
2600
4038
8647
5084
5069
306
8997
2442
9976
859
3209
1552
3914
2655
9119
5334
1343
4886
4143
3136
3592
2690
9628
1407
6179
7033
9869
3426
6471
2726
6775
9229
9525
2282
6010
2844
4085
8673
8436
5794
4338
7951
8414
7836
9643
6115
8791
3925
8162
5619
5597
5035
8252
586
4580
7336
2518
7778
5895
4054
7424
3652
7884
6375
2211
1479
9639
2957
7304
2285
3281
7776
9427
5772
4689
4802
9277
2323
4611
6489
3679
2352
1071
9594
7286
9964
7989
941
554
1284
3359
1754
2426
1168
3148
1073
6049
1580
8779
7762
2612
9354
2940
5904
3356
5741
1266
8918
1712
5798
4974
5559
8213
8748
8238
9073
9121
1215
6977
4450
689
1278
2271
5436
744
4226
3602
1423
3340
7270
1430
9774
7546
4242
9627
9109
6837
1451
9123
3642
40
6439
4865
4005
8934
1580
6149
2252
5993
463
3929
6397
4558
2453
70
3492
5155
1882
9257
1714
3493
7794
9765
7554
4410
7749
1753
7822
6762
3166
729
196
420
635
2451
2874
1595
5343
3460
895
4478
5412
8042
1869
8370
8897
4625
3137
5685
2651
9686
4733
7537
225
4661
7611
9053
8945
9087
3627
7336
4231
2495
3162
1850
2802
2611
2129
8575
5284
4221
5617
6685
7652
871
6033
5535
540
1194
3909
4074
4470
837
3556
9922
4210
6123
4614
4665
8125
6311
3334
4200
9491
5070
9290
646
9254
7020
1047
7878
9170
843
8201
5257
9159
4056
3123
3105
999
403
45
3373
1134
6999
1625
6120
7530
8699
9062
5473
6867
8935
2981
9998
708
537
6114
9246
9470
201
817
1390
2457
4405
8890
7202
4023
2855
8781
2103
9675
267
1597
7618
5530
4909
6631
7785
8094
9407
8324
6409
8225
7516
9447
5737
9985
3255
280
5277
8209
8355
8177
7233
2224
7655
6661
59
7741
6761
8587
1008
5215
3254
9165
8197
1408
9031
6947
979
6282
5764
2960
3747
9293
238
2833
8887
882
8158
7847
5534
5755
3786
3675
7973
5262
7876
4370
4394
9356
4581
5479
9747
3974
6578
8874
7285
3078
6720
6007
7285
331
7489
8068
3246
1184
8772
5489
3371
8906
8955
6836
3492
6543
7582
5727
9613
1081
8296
8310
7603
97
4113
8035
6316
180
5448
5772
3430
4972
9464
3680
9708
8372
7434
7130
275
382
8373
2766
6339
3309
9454
5729
3567
3400
9366
1854
2493
5796
6641
5901
3211
337
5739
9269
4848
7036
948
425
4143
8714
7479
721
6630
6544
8266
5109
352
7122
919
7711
7125
6192
7943
930
5654
1451
1390
4479
7915
2860
9624
4633
6618
7416
9594
7897
3645
6558
2039
9930
9017
4251
8340
711
2367
2892
2200
545
535
9344
3748
2641
3994
8319
288
9790
4456
2910
255
6062
7105
3572
7073
61
1445
9480
962
7554
2379
1993
1783
2469
2641
7183
2650
1238
962
2258
8596
935
2257
8701
8179
9059
3280
1273
4969
4952
6032
4628
8807
1540
746
8493
8378
4616
612
3882
664
5066
1688
5635
2067
3390
8919
324
7176
4902
4773
1069
1592
3570
3398
8695
124
178
8740
5179
244
803
4813
5671
7058
9308
3492
7272
8198
7051
1564
1672
2569
5827
3130
1961
9287
9852
4168
8635
1932
2963
7019
4240
3174
7927
6659
9205
3991
6202
4220
2833
5661
2734
9901
3215
9359
3429
3065
8457
2408
7399
4712
5237
6390
5532
1069
1615
3756
4960
5350
3941
1687
5723
752
8300
9902
1065
6563
3500
6126
4928
2913
3522
8290
8800
6529
84
5536
777
6771
4857
7573
7622
3962
9332
643
549
2854
6269
5995
184
1945
9161
2721
386
3883
1278
7142
68
193
8356
3096
8298
7444
1186
3372
830
7414
1484
7660
8138
1305
1276
9002
5532
8624
687
4598
1398
2038
203
4665
6418
8943
6814
4660
2920
946
9976
3936
3919
2755
2932
5350
8519
4020
4324
1378
463
3662
3065
7238
3522
1698
439
236
6010
4913
1451
4090
5051
1152
5680
2396
2244
6404
2702
320
3146
4627
7202
7436
9222
5574
2656
1883
8394
1147
2813
4526
8731
445
1431
6536
8509
7850
8825
5659
3017
3456
856
9473
112
4776
8805
9698
4505
4655
9569
1565
855
1410
3065
1094
7712
459
6329
6093
2278
6602
782
9439
5850
6925
1150
8672
7366
3913
8456
8143
5252
2186
8225
