3232
5924
7229
2470
9363
6518
1944
9031
6539
6726
1357
9711
642
9728
495
9765
80
5239
6279
271
7241
1425
768
7814
2010
443
6949
8770
1480
5878
3187
7704
2418
1181
6099
8606
8981
898
6279
5691
6709
6911
1148
2195
5532
1526
2198
9016
5464
9707
9877
3041
147
3078
1165
845
1204
5785
3816
5190
1695
3860
3902
5008
2837
5609
8991
4564
1994
2050
1919
8572
7596
3470
8682
4657
3281
8725
1269
6508
4689
2059
125
20
2033
6788
2255
7556
5298
4558
8803
9426
7761
4813
2243
7593
2482
8117
7759
6779
3086
672
1777
3201
847
7171
5386
3695
9691
5835
6847
9635
3392
5586
118
6088
288
8466
1849
6170
4168
3566
5986
5837
201
5670
639
3620
9873
1876
4640
7064
8516
3004
7383
7364
6849
7929
8934
9074
211
8289
4798
3755
9115
4130
2352
643
1459
3567
6389
3806
8792
1842
822
7946
442
3958
7895
7756
2602
9737
3342
6635
5254
8330
8921
4859
94
1513
2451
2771
311
4591
3232
9058
9444
1411
3969
6913
949
6490
8085
8207
8423
3874
2656
9316
2470
9235
2475
6590
6171
5143
1475
7001
2367
5856
1156
8353
173
5693
4997
5712
7034
9160
7511
2029
5537
5400
9240
5207
9829
6676
7081
8244
5857
7710
2377
9592
4911
5503
29
4159
2034
5623
2806
6295
1083
488
3758
7486
1238
2669
1420
2898
4463
6826
4902
5642
9900
5675
7850
9725
3242
7752
8635
6141
4271
8814
6498
7782
7530
948
9064
9190
3262
8935
1347
7737
8712
5193
1776
5678
1856
7249
4158
9428
536
8562
6047
8893
708
236
133
6012
1292
81
6396
259
191
6101
6633
5391
4918
6280
7224
4795
5239
7152
1237
5839
3990
3168
7599
6642
9884
7983
9563
6527
9716
1873
2448
7122
5030
4694
6515
6489
7302
8692
8011
6054
5510
8984
2210
1453
2719
4409
891
4734
6514
6304
7811
7006
394
6702
1716
112
450
632
5121
4777
8720
2586
9990
6332
2265
5090
6333
6866
8089
1269
680
7535
7845
5275
3038
9160
9982
4405
4120
2629
3717
4415
4840
9684
4815
4228
1624
6761
1819
2392
9233
5405
8870
1802
1055
8487
6637
7579
2214
9056
8309
4828
4719
1773
2022
8758
8557
9847
6159
8897
9048
374
5842
2952
1296
81
5274
437
8712
7429
3424
8359
2220
8834
3810
3963
5991
7125
9149
2260
4409
1649
426
2603
9040
5231
4234
8882
836
9934
3861
2708
2508
7850
4874
2582
5496
9922
7580
4266
3231
5928
2395
7261
3745
9377
4764
4742
2441
698
6849
4761
3735
3806
9032
8461
7909
1013
7412
7359
4738
8691
9521
934
3129
9643
5517
4922
810
3621
413
9911
3890
9466
1688
4402
8186
3187
891
9559
4351
5904
567
1787
817
1196
7530
7937
6521
4435
3486
6380
1124
1963
3990
7090
825
9599
51
8791
8229
9290
1746
9679
1510
2329
5861
2582
8487
5359
4497
561
8582
3929
5140
5206
6709
2607
5976
3925
4633
2719
4723
8386
8863
720
5966
3574
5293
4033
2302
6947
8655
6655
2006
7410
5127
7471
7206
9388
9302
9644
4090
1222
8455
983
2307
8588
7383
3962
3983
141
6829
2173
3653
6906
4093
8887
4701
9010
6115
5470
146
9453
8490
9447
4303
8681
6021
4918
5929
1449
296
932
4207
5528
8169
8939
1942
5809
6449
7977
2635
631
285
5908
9509
4891
4881
1701
9477
6497
7971
5750
7870
1502
9674
7136
4755
8600
3399
165
5557
351
7674
8778
6058
4616
9220
2498
9941
3993
1832
7184
2282
5280
3218
7938
4580
825
7919
2603
4397
3491
7942
6988
8223
2123
9330
7412
1167
282
1716
7669
6506
8364
9328
454
8064
2279
2105
2044
2617
7858
8772
6415
9165
7300
9947
4196
7165
3784
5437
2553
4755
7231
172
1185
2788
8183
9356
3091
9410
899
597
5376
7348
7932
1903
5393
3218
1975
5439
4131
5268
5914
336
739
571
3567
288
2612
7407
8956
3666
3577
5153
4756
8338
2979
9080
2955
8327
9729
326
1779
7003
355
1092
8116
4991
3818
8224
2351
5563
7627
5588
4860
5213
8811
2563
6129
9274
8539
6268
8021
225
7001
1546
9033
7951
608
3486
4538
4433
5208
2030
1910
9580
3630
6661
2221
1449
3813
6305
8262
7211
5340
250
7248
56
3429
6275
5380
8804
2437
8547
7892
7632
8995
4116
6498
4998
2481
13
6954
9220
75
2193
925
3880
4567
4998
9443
5337
1620
8592
4468
6062
1968
6914
4930
3244
6603
7704
7324
2886
2786
2399
2202
4310
9357
7351
8584
4417
6279
7206
2260
8936
4040
8497
1516
7507
9118
4432
6781
8359
5379
2427
1006
3887
5772
1017
3194
6138
1415
8745
7538
3463
8466
8642
9328
7839
9762
2729
281
5157
2382
405
2194
8245
3554
9146
1955
905
85
9183
6263
7698
481
1490
8459
7939
5978
6645
4989
2620
3110
1121
960
7068
6269
7516
8558
8793
7846
9014
5838
3419
4700
6939
6135
7040
1995
2723
6805
2245
140
362
7920
1135
7143
5254
6932
6795
4344
4388
7293
8516
2771
3852
247
998
7329
8194
9679
526
9353
2491
8161
7444
8844
841
1283
3898
7560
7029
8938
7904
5836
9189
9466
3295
9595
3629
9740
1352
7206
2707
533
8003
8801
9838
1885
4374
3524
4232
4098
6779
3074
3494
1113
7215
3545
6357
7457
8621
1182
7504
8914
6753
2023
2600
3307
5352
2836
7450
8526
7084
4283
3008
4518
7693
8362
6720
3260
5235
8491
1722
1075
2727
4906
2772
1315
3051
8421
3557
3486
3171
2811
4011
9448
2917
4929
253
563
7762
8666
619
9103
1177
9247
9105
9308
7113
7788
6067
3007
2972
2314
7349
8912
8619
9403
2603
4131
9251
1220
7097
7470
9474
1622
8172
6128
7172
6254
9167
1338
1665
709
6503
714
7875
9874
4100
950
2430
694
4308
4948
4506
5745
7140
5952
1943
8561
7519
5133
9863
7786
8569
2097
6749
2264
7400
8217
1358
8829
4404
6403
7931
7400
5348
8164
7787
3350
1110
2948
5165
9247
7170
2869
2824
4154
8281
5556
2404
3309
9965
4107
823
209
6214
5635
4373
786
8961
5885
6218
7308
1584
8433
4165
6104
9699
9860
8196
1199
1860
2240
2230
5451
4719
2278
7409
6816
1042
9497
6087
2679
7473
679
2
553
9288
3244
201
4846
9985
8306
3723
7568
1715
1887
2558
8948
2167
3360
6709
9373
2014
7801
4760
6321
4786
8668
4108
1162
1120
6697
2450
3035
7129
6725
20
2848
3129
8368
7653
979
8085
8266
6268
8663
9748
7050
1442
2036
5201
5958
9046
6314
2470
1263
9933
2559
5190
4207
4852
9757
600
392
1458
5061
367
510
2026
5580
1607
1786
8303
170
877
95
8862
6502
2433
4033
5181
5998
6791
3874
6830
2751
4124
6236
8478
849
3771
2794
7560
235
6821
4805
9242
3246
592
6531
2973
3613
8909
3838
5949
5624
9314
6747
863
2588
9498
8402
8924
8226
1437
3548
5394
1990
6704
4147
7280
7363
4446
5229
7792
5251
8421
7526
5699
560
6730
7058
4688
7137
5757
5314
797
2143
2422
8595
7163
7583
8250
7257
2860
373
8596
381
4144
4958
6441
4652
9362
5527
4677
4827
7537
1857
6665
4373
9003
6997
4323
1800
570
2079
6675
5494
7312
7358
842
582
1923
7845
7625
7981
8969
6838
942
1231
4638
1867
2699
1042
9006
5397
9539
6772
6043
3196
4373
7808
6480
9046
6253
8195
2745
3380
6075
8945
1240
2717
1642
2915
9044
2867
3434
5145
4869
9614
7366
7984
7111
6260
1775
3088
7932
5564
2105
5749
8986
8399
9825
4804
3070
9783
2944
2422
3524
2349
3870
9543
3382
3874
3271
7621
6593
3034
4166
2855
8627
5007
8713
975
9368
1112
8745
5536
4279
4291
1460
6408
3713
1045
3198
2443
5909
8510
7381
4961
6258
1375
5459
5036
720
359
9946
1357
4077
9748
9894
9925
9781
7136
9621
4778
8525
1755
9067
368
3482
5704
5630
5073
1946
8699
1130
5476
6685
6566
2063
5960
1549
5223
4422
7843
7936
4581
4600
2200
4968
5629
4531
6022
9266
9237
5458
509
5595
6198
1666
6062
5852
3041
3754
7190
3446
4606
4064
9050
9578
5955
3523
7261
928
2778
7350
1783
2146
6982
4831
2573
5878
9581
1278
8802
9111
6305
6767
5509
4517
6728
9677
8581
1022
8723
8290
7691
1024
9248
6949
6349
9485
3565
1844
9390
2298
6424
4689
412
108
6036
4616
949
4832
9072
3593
431
349
9454
9585
344
2727
6073
9361
8489
7072
4223
6426
5874
1484
6528
5955
8382
3734
1368
238
1439
9628
1890
1476
4114
8240
6989
443
5102
3419
4395
5149
2015
4028
4944
5720
1140
5206
6478
6380
1160
3101
2318
5409
8852
6762
4393
1865
3345
8688
1313
8626
5132
5871
2531
3840
6900
9900
324
7389
3208
4533
8789
522
5199
9992
8954
974
9428
7963
2573
9070
4812
5248
6979
42
8029
1684
6643
7714
7672
120
5902
5561
3837
8995
5938
5086
2515
3709
8141
9417
9657
7879
9410
4908
6241
1605
1005
1941
7158
3256
6346
5279
2869
4354
599
2673
9512
1692
9176
31
7505
528
8918
7887
9145
6216
4153
4251
2458
7047
4844
6687
3874
6263
4733
320
4137
9237
5985
6784
9734
2085
2019
3140
4758
2967
2996
8103
4771
5833
9522
5869
9748
5935
3893
3310
696
5022
746
6124
2877
7196
5485
5664
3336
3428
9137
65
6
4386
3912
5458
9200
6243
7649
9160
3046
2609
8936
9314
8242
7267
7605
9516
2092
7855
6534
3322
5694
4854
3286
8095
7282
2800
706
7869
6140
2086
9092
2177
5847
2467
3170
6926
5077
2881
3242
6651
4210
5960
9206
8652
5554
277
9672
8303
517
7685
2512
8055
9666
7424
1053
6207
3457
6341
1911
9290
3026
5060
274
7807
5855
9530
8313
1509
3279
8384
3834
9918
2801
9643
6424
9712
2680
6494
4304
3776
8773
8081
7977
3752
4892
1504
6162
4931
9936
747
9628
3472
6663
6256
4241
5338
9696
9669
5982
1846
6436
994
4754
7540
5593
4952
8778
9818
7958
5658
4502
4673
4591
3791
6297
8186
1297
4491
8706
6647
9235
1311
8323
3806
2802
2381
5778
5900
3654
3596
1088
2009
8068
9825
5985
7588
4886
9072
4075
526
7019
4550
4136
7083
573
5499
3174
4822
5403
750
5087
1712
6861
8681
3060
7676
1173
2583
2651
87
6694
7299
5792
850
6701
2834
9720
9037
377
4970
6154
8996
9106
4834
7061
5531
4541
3817
4559
6325
9587
5254
3259
5639
7555
6083
1799
1370
4119
8839
1638
3980
532
7309
8318
9996
6496
575
5315
7137
5163
2449
6446
1913
2754
6952
2776
5980
4611
643
8526
3316
4927
8370
6678
4114
3441
2565
1861
160
6435
2849
3890
1689
8748
3410
1565
7637
3657
6760
6759
6360
1169
5289
9952
3108
8443
8585
5505
5682
538
722
9648
7058
8978
5628
5864
3976
5831
3718
1126
4869
1562
3755
1364
4626
1069
4076
352
2443
5583
4961
643
7311
9032
763
9734
8262
2969
6968
9265
5247
9905
5857
7720
123
2660
7883
324
9195
3520
7870
9242
2431
1806
669
893
1338
261
5289
4776
3181
9298
845
5562
3218
8540
5301
2494
8189
7610
7715
6900
856
9027
8912
4751
9725
6153
4428
7167
7849
710
120
6894
7352
7112
6490
6112
3228
8170
2739
9363
