7304
5384
870
5401
3293
2275
8415
7565
7267
7633
9134
5947
3367
9187
568
3469
3314
1841
793
243
379
8560
4499
5108
1152
4023
6708
4192
2121
5935
7486
8224
206
2136
6451
7758
8376
8181
5744
4080
7418
1086
5583
8436
4356
6158
1112
7370
7573
8334
8845
6856
6000
2757
5808
3179
6647
200
6938
5425
284
5272
574
7124
7038
2444
6389
9116
2545
98
2659
8849
6920
6462
7524
6454
1677
6940
8729
4875
207
5355
9515
1488
7287
6097
7240
8781
8708
9568
1963
9451
1796
9750
4376
5685
446
9520
1841
1217
5670
9334
1381
1070
4093
3665
9458
9104
824
3954
3845
2406
8251
4538
5974
7114
7960
9003
6525
4500
7890
736
9274
7258
9217
2796
2294
1762
8060
5546
5121
4781
956
230
2349
1445
93
829
1716
1317
5408
5274
6185
7959
6650
3768
2106
3124
7077
8984
6600
7762
3814
2358
43
3291
2932
8943
4116
5339
5966
572
7422
325
1162
3867
9821
9984
1998
6644
8226
6339
5181
271
7292
2735
2609
3198
3841
4346
4423
3567
2831
2128
6084
6726
6250
6821
8700
3455
6172
7338
9066
6018
1060
8648
778
5452
7136
3097
7304
43
6521
3646
6786
8619
828
1472
1713
6123
3224
9440
276
8946
1129
5172
3340
5727
1023
5701
4503
524
7327
8257
3347
4350
4807
2354
4287
4171
3549
2370
7259
4545
3356
2982
1199
1508
18
110
972
2468
7203
1759
2169
7958
2101
2248
2552
9493
7000
8085
7022
3567
3114
5144
8412
1595
5643
1837
764
4274
1752
4832
1095
2639
5578
1455
236
650
3694
7537
1298
2883
6613
791
8223
8732
5651
1446
1167
1994
8105
9260
6615
1443
7465
9515
4055
1795
3473
1342
2368
4332
7369
841
7349
9011
2621
1731
4723
9577
7349
7236
572
5292
1194
1227
5359
1543
818
5414
1607
1909
3547
5200
1746
2643
9482
2327
9784
2092
2799
6289
5026
5689
4017
8121
6810
5960
7063
9173
2661
5965
1332
5198
1277
8564
3504
3342
8102
8797
378
5222
8528
2627
5816
1275
1193
2392
2097
1501
2495
5425
195
4642
8748
1956
4338
2122
4594
2676
7314
9726
8029
51
3350
2983
2005
7454
2534
5227
5326
2132
6636
4706
4044
5783
9207
2704
8494
832
5857
6842
9109
2760
7335
1806
8794
1898
9649
7397
4852
6465
2833
2900
6552
5925
5149
3191
2483
4908
6048
781
1245
4192
1836
7689
3726
2795
148
9517
1222
1046
1565
8404
4799
9586
5424
5212
7292
9640
9342
2250
1592
5867
8261
6453
3428
3062
9572
5814
6107
598
8479
3527
713
8205
1660
9688
5596
3248
3348
2948
9201
6345
500
7838
2743
9987
6941
2425
2657
2544
8947
3373
7385
277
8583
1552
5744
6875
8557
6341
7263
1740
135
1041
1927
4463
5470
2660
1850
6729
5487
3932
9292
4679
2455
6662
1904
7419
5495
9293
2348
7237
2366
8425
4845
6802
8893
292
2026
24
7611
5445
5422
8681
2036
4299
143
8223
2140
8612
3605
5756
2959
7489
3329
9068
1932
2231
5603
1690
2609
6374
3891
1957
5148
2020
9813
2423
2677
5934
8638
6844
8484
2453
7512
9324
9105
9527
3984
7708
3110
1144
2189
1863
6207
7799
6023
3485
9492
2097
5910
2160
3742
639
3755
2402
5823
2205
2126
4462
9572
8930
8805
7546
3080
1371
3062
1129
4662
3237
256
6484
694
2362
8812
5935
5228
5410
9261
4908
6551
6764
4621
8398
4792
8941
9735
167
5914
6347
3214
2340
1473
2664
9630
2850
8166
9227
4609
1758
8947
4084
6005
1866
776
964
7264
7260
3581
8206
5329
7454
4700
8965
7480
8400
3786
4376
6304
1932
2153
3573
6101
6086
1274
8154
4692
6585
7058
209
5365
6744
5389
4598
6244
7614
4970
2052
7305
6664
1124
2610
4812
2769
9164
3396
9758
3347
3920
6969
4354
2634
4328
4138
4042
9207
9537
6408
1949
2396
9456
4780
6676
7061
1606
3302
4595
2211
4837
7889
662
4065
2172
6128
8451
8425
9384
2825
2350
3193
162
3782
8534
1930
7048
2494
728
7300
6636
9993
6746
8080
8108
1231
3312
4585
902
5873
9432
7565
2653
7619
4399
11
535
1134
4559
9766
2935
5220
4931
6269
7292
3787
1497
9352
3910
9059
8553
2717
9330
6952
4988
8066
8415
1719
4255
1915
9591
4203
9041
7167
223
3029
7144
9527
6935
2658
5549
5153
4965
9506
3666
8858
755
8858
2760
7185
1043
7502
7025
1407
3521
7431
5452
2820
8136
4558
3187
1117
4018
3498
5856
6701
9044
7809
9754
4567
2501
3405
7757
1658
6880
8881
3573
5280
7885
8362
8288
2673
2593
5045
3770
298
7778
7788
1175
1315
5830
6397
8144
1916
9898
9808
4100
8338
7086
4724
4380
4469
9342
2419
7137
4879
2902
5019
1543
8157
9074
1850
482
5111
7988
1521
8271
1250
9017
9608
7684
7802
9838
2040
6862
442
8484
6229
5988
5906
7194
9027
2530
7214
1338
9945
7693
6855
708
1404
4777
4454
1399
247
9237
6830
5746
2421
1567
1278
4206
4534
7961
5931
2820
8267
25
7330
8588
9902
3431
4106
1563
326
6426
9780
4370
1840
6382
9789
296
4874
1455
6981
4742
44
2937
1969
3190
224
2246
5802
5781
9273
765
9010
2755
4040
2713
1046
7211
6741
7079
1301
8317
4735
9120
2563
8637
6966
7743
4101
9831
2582
920
4881
8921
8234
3415
6741
5401
6852
8343
239
9243
3774
7305
4371
3336
6754
7299
6377
8447
938
525
1735
5581
4777
5987
1287
6832
5572
187
5356
247
6205
5835
5574
9688
3835
5190
6128
4471
7802
7574
1133
5538
8969
266
5922
5119
8721
493
4652
7231
985
9081
9805
4506
6037
6775
5805
4397
9704
3053
3055
8992
7489
3155
7282
6179
6903
5640
163
8277
1361
4447
4579
8683
7303
279
7290
5121
7196
1443
3357
566
8939
1783
2561
1738
1975
7563
8536
8766
3569
2442
8265
6499
2815
4096
3901
8157
1207
194
3835
5641
9000
9545
5317
1522
8042
8877
2962
59
9361
415
2269
6122
267
144
3366
926
8676
1574
6852
8499
9741
9220
5277
2169
1640
174
9782
4333
9405
711
1901
4310
2153
1075
1410
5035
4481
5745
9961
5107
7147
8353
2350
6634
6555
6582
1645
8284
4834
5223
7611
2191
2108
963
8453
1499
8017
982
7901
1440
2392
3811
1815
7789
2850
7965
2535
6910
8940
2694
2118
9118
2472
3934
7159
8707
8589
1913
2850
3045
2434
8705
81
4946
5414
8213
1536
747
1492
6410
1066
2739
7661
8860
7109
2451
6346
2869
2831
9725
6079
4132
4513
8380
7905
7918
621
3578
2614
7214
3859
2758
2598
4578
6382
7615
5775
5485
5587
3159
5333
6501
2764
8106
8526
3707
1559
4056
3173
9952
3328
669
8821
2368
889
6198
7808
8293
6315
2540
8023
3305
1825
8838
2025
6306
6013
8599
1207
9716
4053
3524
1181
8971
9092
7363
9347
7342
2064
207
426
3522
2659
9624
3617
5845
6762
1477
4074
9574
5255
4798
7652
5570
4047
5003
1247
2797
9756
1246
8355
1001
883
274
7618
260
2115
634
6195
2773
4671
3483
7662
4529
8104
5924
9048
5809
6025
6081
1600
9868
1156
7218
898
8895
9579
7853
123
5273
5030
8727
1325
9181
3776
8573
4692
1703
3979
4183
1853
8192
6406
515
2930
295
2256
3683
1018
6754
4495
6336
6409
3112
5424
470
6319
5796
8336
6699
3753
8426
7124
3720
2960
5750
5451
6349
476
1136
6008
5539
9696
2814
3790
7301
2599
1462
9851
7078
9248
764
3996
8013
3497
5134
7464
553
9529
9965
8134
4517
5323
2484
4204
7644
8737
3546
4397
3887
9566
8084
9977
1361
3606
8734
2731
3778
2004
8273
4918
111
7869
9681
4878
1070
313
6679
5048
5712
5591
6640
6907
8475
2387
7553
6211
2974
8952
9744
4346
5471
9289
4665
2057
4547
1808
8009
7950
3333
6639
4309
9573
1428
8494
1745
2730
2174
725
291
9746
9966
8348
1866
446
6627
9033
4706
2586
4381
736
8987
1880
2958
5508
4672
349
1874
1381
5635
3930
9254
9172
7975
2454
1051
5497
1519
2486
4096
4213
8611
8259
9506
380
1902
5282
2090
4912
3925
546
231
9382
3175
2446
4821
4421
6849
7396
6061
3227
7231
3367
5601
6699
2213
6329
6118
5476
3317
8174
4000
8568
8499
7667
560
2063
2495
6768
5351
7496
7053
126
442
6927
4613
4272
38
6362
1235
1971
6999
6962
7056
6030
8829
134
5841
5859
8114
1857
5908
8323
4747
4604
118
7093
2133
28
1220
7368
8370
4540
6594
4872
9354
4062
4459
9468
7623
5665
1684
8820
6670
3867
2603
2066
5758
7477
6338
5122
4058
6229
6661
9645
8385
6468
7543
8158
670
6345
7190
4260
9399
1215
1522
3707
9327
5844
4418
2821
5436
8934
7400
6375
2650
1410
9918
6387
89
4425
8244
4068
2557
55
7114
5222
9317
1562
1271
1109
9809
6158
3166
2145
2086
7489
2572
2642
7607
3139
6242
9384
3811
8953
2588
5448
6001
6817
3988
2044
4629
5594
6712
5756
9238
2624
9953
1508
1116
6185
403
358
6848
2350
4838
9934
9289
7843
6623
9657
1860
3084
6393
3408
6199
4614
2541
7048
1794
5957
8441
6373
9429
1704
2049
5185
2962
3078
3798
3799
3616
938
4381
3678
8917
3511
3874
952
8934
2169
9781
6897
9166
706
5267
5821
4177
4687
8964
6911
4956
7024
423
9663
8530
8252
5248
2634
4421
6918
1305
6717
898
8410
717
5905
2068
4295
1433
5976
5265
4181
3564
2245
4164
5054
9380
8106
6355
546
462
8731
7802
3533
6814
4510
93
3513
3129
7392
2001
7136
9946
4017
8377
1328
1728
5428
6749
3847
4049
1351
1342
992
5434
964
746
8141
3740
7837
2599
5438
4279
5574
7091
4158
430
5100
9722
4605
1689
8420
7017
8456
1954
844
5213
2784
8352
281
3891
6742
47
1063
3294
2423
3355
1129
8507
4036
1178
4929
363
2542
3238
5849
7900
586
4282
8100
8279
3303
9050
7417
1217
8064
2737
2919
7492
2577
2483
7152
8060
8845
5973
9676
3959
9758
1468
803
4068
1004
8051
9916
7037
229
160
1067
5
3837
4293
4477
5325
1048
3245
1255
6438
4110
9750
3425
3290
3133
6036
8899
2849
8654
7079
4500
4057
6200
7730
6770
240
225
5666
9664
4070
1169
7070
5904
5142
55
3251
617
3659
3587
7637
362
4013
6271
2331
3583
7057
9193
1363
1704
8320
3286
6255
3448
5386
593
9025
3835
6848
4199
1065
4545
2633
2630
8410
774
1269
1626
7660
9352
7086
1818
8129
7257
381
2849
6887
461
6990
9864
7651
4123
3516
2964
1071
4121
2268
4607
8697
1619
9440
2296
8156
1329
5878
1910
9208
8425
8201
6001
619
7827
83
4930
7091
4694
1635
1543
1443
2003
5782
8759
2179
865
6324
243
8146
3977
7655
52
7889
6377
7133
5552
6058
3448
7620
9542
2374
410
9996
5304
5099
2489
6802
8757
4324
6345
5598
8577
8834
4692
3896
5236
2738
6141
8955
4861
1789
3434
1519
554
7090
4873
7072
1509
3335
1336
4557
9459
9627
1501
6568
6729
7353
5537
3172
1344
6153
9605
1054
40
7805
8268
6289
502
7552
5570
776
7047
4735
3710
4055
392
6035
4273
4682
9838
4555
8040
4454
2033
6468
7004
1306
8222
1196
7743
8186
4572
6948
7819
983
9337
3593
5635
6101
1358
1314
8646
5631
4985
2474
3521
8800
4952
8629
6446
230
2273
3785
7613
324
325
2819
7956
6717
5730
5402
4931
5991
700
6122
8851
3279
4107
7456
2937
7733
6837
9235
2723
1025
483
5251
3623
3333
4972
5206
1047
3502
7039
2100
1363
7093
9850
3568
1021
9763
7395
880
3922
9866
8465
7600
6368
897
1932
4078
9401
5215
5527
7395
3563
5124
826
9545
4606
3449
9972
80
3581
3787
7649
3524
3159
8920
7465
1295
7184
7128
5141
1510
3331
7053
9554
4669
472
7962
3639
7540
9496
214
5789
5332
7952
5574
3212
2262
163
3699
5494
1352
2455
3786
7305
9020
3832
103
2577
3143
6281
9116
3022
2172
6436
6067
7157
2904
6435
2571
6872
4097
5808
7110
5170
3421
9220
6321
2868
3471
4097
8978
3610
634
9072
9220
3072
8399
5286
8906
478
9447
1796
8425
2326
6016
3473
6432
2271
6533
8429
1913
5474
3800
4778
6070
3489
5965
4496
4483
4129
9077
5460
7914
6031
1151
7835
6768
3032
1424
8152
7345
3453
4572
7879
5589
1347
254
6405
2796
1503
6314
8264
4069
4400
7428
5779
1780
7862
7983
6065
8445
57
2788
2114
7228
3660
9284
538
9143
3089
5574
8707
8725
6812
7525
4440
5755
5085
7192
2715
4275
7751
3320
2351
3151
4241
4025
2100
2261
9018
3259
7150
3930
7548
4086
5436
2656
1518
4765
3634
5259
4808
8762
1918
5827
5962
2727
8789
6628
7021
9195
7060
5784
810
3170
5758
6330
9778
6010
5570
5194
2683
8267
78
3266
8320
83
1457
4954
3667
1268
2791
1509
5037
7639
8584
1168
6417
7506
9493
9067
3833
5317
3843
3798
9090
4611
8349
2226
620
9063
2986
8206
1786
6340
6465
1274
2553
5417
247
7578
2805
2443
2483
1784
4569
9093
3657
190
4129
4887
1749
5033
905
31
1138
9551
7445
530
4493
5135
8278
2603
6962
9874
3
6979
8335
272
6234
6991
3194
7832
2826
6485
1857
4871
1191
1054
879
921
494
1485
8363
8696
757
8965
4538
6136
843
8468
3339
6815
9714
5496
3129
6340
1890
8835
9327
2908
4375
8443
4201
4527
5813
8331
7253
3867
4652
5040
2666
2287
6755
8152
8142
8495
4118
765
1949
5280
6311
179
562
6901
5403
6933
7147
7273
834
5142
5352
5656
3179
443
5241
4073
1938
3260
5323
8810
3858
9418
5090
2050
457
6151
3941
5331
8881
2382
6204
4562
5956
6932
6122
9184
379
1553
4820
9458
5132
2091
4988
802
9374
6759
4427
9904
921
447
8524
4359
3431
6732
1843
7412
9369
7470
2590
8240
1295
8481
3271
4664
1879
1904
5298
7732
7177
5781
376
764
3969
4330
4348
4073
4563
6785
312
4145
4589
3101
170
858
2342
5475
6829
5157
8722
4121
2006
1544
2064
470
9232
919
5371
2548
6616
8487
9696
4571
1564
9813
8543
7986
7040
1409
7396
1590
4762
8783
1939
872
7548
7219
3879
4835
3686
4845
8988
1374
1716
4907
117
8976
6231
6523
8327
6619
4138
2728
4629
7525
2676
8870
8979
2735
5270
564
3417
1306
6343
5900
7247
2816
2674
6176
467
11
0
8642
429
8341
8428
4895
3477
9748
4226
6117
7767
9871
467
7285
8343
6594
6717
2385
1950
6161
5230
205
5684
4548
9687
2950
8485
1145
3031
7151
6760
393
6898
8115
7724
9930
8154
2534
2615
3231
3059
4184
1594
9204
4779
3664
2705
4807
1489
2769
8130
9540
251
9837
4110
3761
8857
4285
9980
9690
7633
7341
281
9395
1225
594
1946
1583
7560
4898
4822
5239
6242
2171
6389
2712
7467
9399
3095
9834
1354
2620
5384
6820
5754
5366
6210
3580
7769
447
9827
222
5858
6123
6190
1152
439
9370
3716
7850
9064
1401
8
520
6493
4611
3014
5217
2922
9399
7023
1868
7295
1127
1512
3110
4617
9741
4187
7815
4308
1892
8197
9508
3442
8598
9095
1861
8374
1438
555
9029
4829
9394
3985
3901
9503
2096
7050
2867
5585
7954
7863
6817
9985
8374
4880
2536
1206
4398
655
8043
2345
7633
132
3670
5702
3097
631
5907
7395
4444
1056
9680
8170
5635
1490
1420
7187
1008
9601
3271
6067
6401
9581
4635
105
3724
1270
6497
6002
4586
2936
2234
327
2542
6170
8998
1047
8821
6278
1875
5795
3962
2501
4991
6950
9377
8001
9419
5658
2686
1661
4010
4580
545
4010
9810
3050
7700
1311
1795
8346
1726
9940
5136
721
9667
1555
9462
9352
4827
3604
8249
6981
830
3626
3907
7312
7363
8011
1039
91
4427
7886
5052
9756
1484
6906
4621
256
2039
177
3819
5652
1786
700
6344
6544
6135
6504
7585
8523
4686
1900
5763
6591
2250
2629
6881
2379
359
9581
4421
5472
4131
8376
6782
7194
7919
6003
4693
6460
7537
2258
4581
3856
2432
8013
9979
3296
2267
8687
6385
925
5463
4960
2304
1792
1837
5516
3256
3087
1361
8008
7966
7656
1116
2273
3123
9270
4655
9745
4821
6751
9313
6825
8666
4848
3391
2259
2146
5882
4315
5645
7892
5739
4907
4700
9430
2482
831
3811
9436
7976
1992
2961
2179
1580
2811
9156
3544
7867
2551
9923
7386
9767
5459
227
5970
1480
6073
5469
9445
2293
4582
3004
9220
397
1535
4909
5783
1768
5557
1037
2517
7817
5948
2882
1887
3405
6670
9755
8312
9303
2965
5176
935
5531
1134
9070
9740
4230
3140
1093
3943
1380
1620
3856
8835
442
1452
1258
3420
1348
1946
4141
6498
1428
8090
8110
136
113
4194
2054
2355
3181
8965
4670
6210
43
9882
1244
3880
2001
2652
7350
8317
4565
7205
1555
8073
5616
9614
2319
539
5966
406
4626
357
7675
9645
2469
5888
6614
6813
605
2971
934
6942
7365
6607
1428
8262
6482
8973
8363
1003
6374
8611
178
3013
2661
4981
1174
3326
2428
4450
5731
6115
9246
6193
4124
153
9472
7384
1030
2721
6884
7231
6379
9984
8484
8835
7451
2557
4084
2524
5403
8973
7047
7835
2171
5179
3621
8312
5129
3339
9239
3545
5515
7611
1341
7927
3796
5116
4466
6245
5711
4020
8965
4731
5497
1741
5051
4292
370
1055
7749
5716
3284
5445
9689
1320
2256
4429
1446
6434
4169
777
4053
7147
2526
5399
2978
9458
2849
3318
1110
8878
3759
2074
3915
3771
2024
6805
3555
1767
2823
2825
3035
5402
250
5439
7415
4956
2885
533
3904
4480
1842
7010
5972
3140
2507
5532
5377
3834
8329
4351
2988
3274
2474
4110
4847
964
2188
8283
3175
3028
3351
967
7765
3427
6785
2360
770
4214
8757
6564
4721
8633
3396
6099
9889
457
5033
9096
9121
3952
20
6184
7784
6882
4281
1424
9023
5575
7070
613
1006
2658
1091
5344
4679
9824
4156
9296
5463
9107
7419
5949
6294
8436
7038
3316
2650
770
6445
5338
8891
6314
7547
648
9028
5670
2550
3352
1877
2191
3560
8564
8825
6085
5857
9087
2017
5982
7919
2813
9587
234
4988
4101
7941
9316
2503
6374
1795
1455
3313
3384
3588
1904
7842
4355
7411
7571
7582
9005
8974
7798
6854
4788
7486
164
2748
9664
1671
9482
5482
4752
8643
5710
3171
6668
3563
2642
8975
1616
7210
9417
3068
8006
3455
7632
3735
5916
3253
1831
2054
7769
9890
1175
2451
47
1624
7999
2640
5632
2000
9337
1904
4771
4659
7081
7373
8248
1867
8367
3591
1340
4842
629
8497
8554
8713
1106
3282
6425
9741
4672
7578
9765
3720
7668
8927
4507
6652
4431
3978
1378
1750
7132
249
9376
6677
8407
4149
7900
8673
2232
5376
2992
9655
1419
391
47
8725
1642
7179
4292
9410
5803
9916
9354
6093
5450
3503
7127
8180
4039
2247
7640
3639
1390
2128
2899
9967
7257
8814
1237
279
8834
5519
8265
7837
2364
5263
7678
2227
3568
963
3987
2038
9732
4491
7241
6439
3060
4970
1830
1873
6264
9354
4482
808
739
438
950
3477
8668
7317
9383
1793
8003
7252
8678
3522
1969
9070
8446
6203
8084
9911
7490
8108
7237
6339
1335
6840
9267
7378
3139
8976
7557
8669
8421
237
2210
493
602
4380
7824
486
1407
5592
3789
5456
8456
4410
7713
4696
2699
875
4076
8859
7728
3521
1172
8809
5358
381
8905
6582
3639
3389
4828
6634
1967
5729
2209
5277
9612
1900
4131
7244
1613
7505
1026
4219
5394
4097
340
4766
6350
2803
7522
8966
1186
9334
3721
861
2469
5394
3288
8953
5716
1929
6862
3710
2381
4507
3418
4842
7919
4510
4246
8775
147
6447
913
6168
5212
1198
5894
4604
4639
3837
1759
1959
1116
8025
9584
2581
8228
1317
1032
3927
490
4938
5627
8887
3567
9260
6767
3226
2700
9655
5050
3120
3858
8503
1405
704
2559
8425
488
2770
4348
1682
6211
252
9259
4874
1800
4606
7425
6517
567
6833
6500
2708
1082
422
7107
9119
9832
9162
6582
4211
5031
830
5232
2376
815
3258
1700
3999
7784
9623
3333
7429
1074
2730
1746
5040
7241
116
7062
865
9372
188
11
1852
8263
5933
32
4196
2369
3132
4714
3188
2496
7092
3990
6292
2147
4952
7253
4346
4646
1698
2493
9892
3319
5560
4591
1448
8183
6493
8210
7342
7689
9638
2012
5616
3549
1452
2223
4926
1528
5314
7323
4256
9252
1298
1527
8663
4162
6040
9659
9328
463
4754
4056
4393
9510
1422
2493
8570
3167
8841
2369
3522
6713
8273
6212
7496
5050
9477
7775
2167
1785
5953
4524
6345
7336
1423
3045
7575
9589
4395
2034
7234
2385
5619
3646
2613
9543
9752
3024
5531
3387
3643
8820
2577
1365
5648
4643
4096
2073
3259
376
7506
9036
4454
8228
4685
4680
8590
8335
9273
3821
6493
8862
794
1316
2327
6223
7940
5948
1395
8059
6812
5708
8835
4338
8950
1801
2514
698
2300
8506
9361
7332
2081
6316
7348
8422
3442
4343
676
2640
7669
4468
8785
8263
5148
6178
4135
2968
6175
3020
5895
5522
9970
3949
2374
8352
6400
3533
5042
8323
3704
396
5313
1385
3092
7638
6997
3770
7405
2732
9157
4650
3846
3463
2759
625
1735
5777
2110
9229
6839
2094
9562
6262
2988
838
7369
1614
422
8215
9803
2932
9156
6805
8568
240
5305
7520
4502
6180
4823
8209
7815
3962
8791
2053
9227
8894
2887
2938
7800
2630
1638
9910
8396
5436
4403
4809
4240
3465
8727
1016
1743
6620
5753
2968
1843
6567
7029
158
6465
651
7009
3473
9498
222
9013
7962
7480
7950
8031
3261
9072
143
9247
9453
8380
7052
5382
3282
8825
8993
2232
8128
9665
3608
7358
5369
4158
7254
9800
9869
6596
7726
9537
636
7870
6680
732
1901
6081
4281
3145
4574
2221
9505
5847
2979
9536
8558
3548
4206
4037
7545
932
1928
8640
7890
1538
2269
8107
4945
4431
5642
8460
1858
6658
4093
3068
4067
3120
4391
2419
7005
1257
6694
1483
6177
962
6508
5233
2807
3476
1983
4384
569
8131
5636
7466
724
3033
4688
1088
65
9745
7797
1139
6626
1824
8703
5919
3848
8738
6291
8392
2018
1527
9414
3299
9260
8813
1479
1947
7020
7753
7918
5907
727
8741
2155
8581
3290
1894
2546
4448
3669
4254
8866
3753
8634
8572
8033
3955
2437
2434
6488
2944
9457
8149
9102
9340
6300
8069
9563
2450
3534
8788
5829
2977
7193
4249
8393
7915
1323
7293
2274
9837
3179
8587
207
613
9324
1840
6064
3694
2910
9314
