5410
9401
1557
6585
3298
7033
7230
622
7273
129
7363
4290
7482
805
5495
1860
4997
6529
6202
6594
4492
8128
6525
9494
8237
9555
9546
2536
2253
511
9308
2832
3321
7189
3867
7721
4809
7595
1964
5356
6555
5612
9566
637
9019
1581
8498
6851
5044
9058
6051
4277
5313
369
5980
2764
5192
9024
2347
6753
4732
4392
8734
2843
4509
61
5369
7657
4108
7855
7707
933
6051
4496
5332
2399
7104
4683
468
7564
7099
9857
8309
1632
7236
2402
9935
3918
3154
4422
7965
6896
3189
5994
3331
5716
9739
4374
5729
223
5272
5028
8
1522
9104
9104
9657
4046
5185
1683
2085
2442
8704
1969
9743
2394
2073
9938
3164
2706
695
5835
6965
7857
8026
180
3034
441
8171
3796
5666
972
9898
7544
7559
5868
7900
3639
1945
8622
9914
3026
8706
2149
6454
2565
2803
4744
6593
5464
5442
794
3474
9968
8793
4614
8223
1496
3916
103
513
5105
2539
6073
1578
5612
4114
3505
3581
443
2482
2186
4375
7840
5755
1489
1446
9522
9935
7794
7901
3793
6977
3982
1053
6947
7793
1475
9787
6966
8705
8880
8983
8664
6858
4228
6735
8692
6334
1410
3394
3912
4831
5558
7087
8642
602
1281
7738
6783
6432
5672
2568
9745
5090
6756
3724
2264
9988
7752
7578
13
7364
2084
2558
7485
5839
6016
2767
3339
7380
7617
9850
3348
7142
3221
9222
5557
1232
6267
2743
2775
3845
8637
998
8097
2105
164
6855
1382
3559
6829
6329
870
6615
1374
8483
5692
7529
5919
8586
1252
4271
7515
433
7576
9672
5890
461
3413
6088
5895
6633
7209
9215
9500
9846
883
4837
5460
3722
5936
9723
9592
8533
4467
9307
6258
5559
7213
7365
1848
3928
4108
4857
868
4145
7519
5128
6359
4090
1901
6100
4056
3613
3073
4517
1394
8504
4914
8173
6273
5227
7054
7565
1313
2708
5034
374
164
320
7120
8102
2330
8681
1869
976
8624
8631
7364
6073
9826
1489
3375
9613
9741
3972
7312
4772
2150
6442
1696
1883
363
4280
8875
4803
6142
8228
3846
9263
5712
2520
8124
9083
8812
1687
4278
9645
1799
8293
2980
3063
8742
9940
2882
4654
4529
4487
3876
7812
2498
812
9925
5083
3297
8635
4550
2782
512
3113
8220
8387
4632
6098
5805
5102
4765
7807
2946
9780
7266
8959
5977
2611
8399
7659
6562
9821
7696
9510
1477
9792
1282
8639
8684
8889
7206
6291
1505
8867
418
3101
783
6429
7944
2266
9329
8853
1944
451
6573
2589
8141
9418
7681
7085
7133
5416
4311
2622
2305
3311
1993
9147
2575
3160
8611
6614
8270
4831
5881
2728
7310
7963
8255
305
1737
5228
8068
5999
4615
2530
2889
7116
3496
5900
5138
7986
819
2967
9157
5641
1765
2590
8171
1436
4391
6644
8930
3963
6713
8154
2849
3029
6368
9465
8551
2576
1918
4471
6623
8678
2021
7477
9486
3970
2678
2541
9081
8103
950
2499
1301
5777
5050
9878
6168
383
6327
394
2961
7232
9944
6958
8093
4123
1534
6721
7873
695
4184
9307
6005
9222
6704
7985
9070
2310
146
1045
1832
7301
4793
7133
3032
8013
9698
8009
1894
1731
2818
5535
5605
1022
8000
6180
2975
3598
5251
131
6024
164
5855
4723
6149
5690
9062
8462
7789
6323
3000
9847
7428
3743
2301
9030
7877
9462
2442
6931
2161
4210
612
6962
2996
5022
410
2358
4404
8601
3240
2501
1603
489
1518
2262
5776
599
6402
8594
8798
3408
5301
8155
6775
9971
5194
7861
7329
8590
3449
3656
4804
6635
2571
2772
5168
7517
2241
7226
1331
3765
9794
3874
7389
7127
7446
3230
6378
1282
7321
5193
7075
8688
2266
9436
7457
5229
5537
8741
9485
246
6087
8995
669
7766
8910
7165
5019
8959
2071
8486
2886
1663
3112
6603
883
562
5141
7052
9073
1911
9132
3723
1779
2987
7845
8014
6717
5972
4109
8065
2977
4370
4911
5041
5218
6523
4948
6366
6662
1317
1616
164
4668
4171
8290
2267
4997
2283
5081
2464
4756
607
3392
1065
7381
1525
3260
4860
1747
5770
3930
6457
2586
9336
6511
8918
6263
2470
2072
6700
5404
5857
2729
6632
54
4435
3236
3831
3585
3810
8134
5084
3930
3502
3564
2138
3782
8195
6638
6031
1022
6802
8140
9488
6729
1421
2392
9657
2250
6269
4533
9640
2100
1156
9534
4555
6829
8216
6780
8646
1969
215
2913
7874
569
3179
1960
2249
9427
796
4410
7631
751
6118
7180
6644
6558
7286
6850
2044
8272
125
5392
4081
7839
4019
8706
3800
3750
9450
2645
5416
1238
431
5268
5766
9998
1883
8624
7618
8376
8003
4546
3076
4832
5831
3420
5433
5447
29
9659
2534
134
9588
6722
5598
5849
9655
7106
1642
7064
8116
458
8784
5193
2997
2136
1794
3958
6503
1922
4820
4318
2066
2625
4745
2938
9133
9227
9823
7937
4414
6484
3234
8674
4412
975
4700
8888
7229
8821
4549
8720
5710
2223
1990
8508
753
5558
4483
4208
8402
1424
8069
9769
3133
161
5755
5440
7478
8654
2613
891
5040
1378
1198
9574
6564
2904
9652
2268
7690
5855
7150
3175
4568
1198
598
8246
8918
8396
9326
9264
1953
8132
9910
7032
3754
127
1058
4098
7936
7044
9285
4942
3479
8928
2224
3527
6415
2909
5313
950
8719
3893
5083
1268
8719
2948
1313
7892
2770
6205
4954
5161
2957
2627
3955
9705
3307
6067
4676
431
4125
9755
8280
5887
161
3186
1929
5937
2879
3312
7193
8946
9725
7832
1666
7552
9546
3422
7785
5283
2900
1951
5284
8376
2808
6926
8809
7202
8158
3826
8867
6396
3019
7600
6205
5823
9247
8109
7740
5423
4326
3140
8166
866
2469
7367
4849
4035
9832
3296
1450
4166
6326
1496
8669
4675
7164
4627
6227
3042
8163
2386
965
8842
1591
7482
6967
5976
9034
4419
8676
9323
8697
6034
4213
1370
8953
7225
7928
7015
7604
9249
833
2149
9043
9873
4627
862
9995
1125
425
8040
2109
9741
4012
740
1014
6557
4271
8864
980
4735
8948
9278
4349
8253
5595
7842
5788
7903
3400
7670
6684
1323
5615
9768
7909
4039
4859
5899
2924
5237
1628
1358
9208
9724
9434
1800
3091
7343
290
2199
9861
7498
2453
2424
5715
8654
9076
8487
4814
1865
4801
1638
4587
4786
8199
7748
7056
4691
5621
8291
267
446
7603
1218
7736
388
3416
852
5754
1007
2397
1585
5227
4682
1873
5404
4037
4188
3473
7205
5799
2914
113
6950
2657
5013
6764
1538
7281
2637
2736
1379
5759
8861
2588
5138
8407
1835
6193
9330
7743
4470
5027
6323
3397
4921
449
3324
1248
7973
1016
2244
4688
5702
8216
1613
2365
4695
7388
4792
3537
4118
7573
6291
2421
7131
8326
5374
7252
8984
3156
7375
7850
6420
3059
7287
2119
8453
7812
3979
7817
4999
7174
6832
3548
6888
2761
6903
7296
8735
7545
4751
8916
5715
4772
56
8002
7301
5167
3317
9468
2534
8107
5086
3662
3680
8970
6590
9744
1219
5692
997
1280
5635
8653
1226
7356
7925
3003
5009
364
1850
8804
4844
1116
4734
7340
5608
3664
2218
637
7001
4219
5820
6340
1346
5806
7102
3504
7673
5170
4348
5440
2938
6610
9288
2265
8254
4946
4829
7121
286
6407
1809
3000
1076
6515
6643
9811
7389
5963
4743
4358
7845
9779
523
7335
3925
5091
4557
505
5122
3522
1263
3076
5718
6073
1141
5862
3100
1328
2131
8976
6982
3408
4665
6456
5528
2693
4915
9001
3465
1624
4720
1800
1635
5446
5711
4606
1326
1609
2168
9590
4367
3036
3772
3160
351
1331
1785
8562
8635
5761
8630
6055
9848
8105
2213
3334
1321
684
5441
9703
8584
7105
7606
5375
3593
8294
9298
4399
7512
8452
1360
7726
7618
2219
6059
1012
7081
4869
1405
3986
1424
5112
8466
2839
8677
2972
1002
664
4900
1341
518
1294
2681
5586
2698
7969
6106
6741
9293
8792
5000
9821
659
9529
3530
983
2930
166
5304
6725
8947
4222
8065
1909
4944
336
1432
3600
919
8037
8620
5608
8622
3638
5819
9635
3304
795
4297
4325
4090
5429
5215
3181
4217
1969
16
8486
7800
8783
8442
4157
4213
197
7587
8600
5262
3760
191
59
4044
4616
7185
6007
1753
8607
1440
6075
1515
4352
3056
8835
7892
6510
5566
4202
812
7726
859
1524
5513
3551
9597
7231
9498
6800
7076
3072
1659
4449
8792
9573
2729
9885
2769
1263
5454
2347
9144
716
9075
5071
429
9223
4847
9340
5010
1152
3212
6790
3979
4423
2498
6581
934
7760
4820
7149
7001
2704
2327
6589
7098
8654
6622
3453
8634
9866
7959
7613
7272
556
6871
8293
3182
1942
8558
3791
3940
1901
6770
4650
1388
3127
7553
128
9243
5091
2734
8130
1649
8660
2730
6123
3253
6054
7333
1901
3548
3805
215
5311
4923
338
7136
343
8499
9362
8676
4805
9412
4983
780
9963
8981
9338
883
810
8598
8067
1465
4882
2639
6883
1631
7137
6947
7636
650
1140
7256
6688
9443
4410
232
4838
8851
3616
5224
5553
9686
9509
3801
6327
9375
1902
7023
6715
3132
8972
2527
157
3599
2055
7422
3561
9829
2979
5258
9356
6502
6709
1244
5205
2949
4828
8441
3303
2919
4443
8750
5411
5381
6884
4996
8791
9092
8910
2364
694
9194
4735
204
7801
5770
1243
7626
9147
2328
4693
7341
2956
9195
5354
8674
6158
923
2099
389
354
8006
439
4471
8956
4106
1476
2025
9404
6282
7846
3530
6202
5925
1826
3682
3120
236
9948
8363
6282
9841
9574
4090
1699
1297
8458
7711
2711
7147
9667
865
3711
3608
6970
6166
5469
429
1087
3416
2624
5128
723
8557
8755
663
6548
8350
2761
4369
423
793
6221
2299
4665
3581
6745
1780
1177
6408
4962
7912
735
4491
2340
6583
3734
2937
7018
9811
6693
7777
9529
3025
137
3338
6957
6333
2953
2736
2911
5311
8798
9140
8275
130
2480
1362
2768
8012
2411
2243
4064
1819
7730
2594
8991
4792
8479
6737
6605
5198
7209
5340
8778
3405
3449
5411
7723
1928
1123
5836
3281
7552
3456
6654
1788
9809
7046
839
9249
2175
5206
3900
672
1573
2604
7026
8566
8544
1041
7349
8344
5781
5351
1908
2239
7480
6332
6662
4714
6725
5040
5832
3960
4914
306
2059
1976
695
9422
6287
8295
6359
935
48
1656
501
5717
3000
6669
8465
1159
1265
8378
5856
5909
2603
5424
3381
4079
7220
4148
3444
1515
1242
3943
1914
8914
4624
285
2571
7680
5000
9288
5345
9175
2962
7216
2083
8608
3307
477
6019
9821
9277
304
8459
1564
7051
7922
4960
5467
3107
7251
8273
6917
919
353
9023
6381
2982
2224
2904
4334
1239
930
1701
8126
1890
949
2378
8192
4394
6043
3559
8472
450
9964
2582
7888
2990
3299
9421
9880
5424
2650
4236
3853
160
4562
4179
4929
8268
5304
9553
3474
9531
6465
6473
9094
9950
4263
4633
2779
7579
103
9081
1239
9844
6013
8017
9610
3799
9949
568
8190
4516
3537
4121
8680
3997
8705
1856
2999
2638
3223
6534
6434
6827
1519
5861
6661
3208
5176
3692
9928
2048
1957
5165
2739
4593
6376
6976
3560
9574
832
2735
4652
8442
2686
7272
307
6273
5149
5035
1588
1456
7326
5123
6585
4377
3577
3175
8661
7256
3761
4376
5690
2221
2539
61
1716
84
8617
343
5405
971
12
3051
5379
8558
1415
9924
5041
7901
7658
2529
8419
4043
3641
424
6523
4234
5937
8539
5480
5364
7823
8402
8674
5396
5364
4816
3271
7545
8046
8782
9282
560
9511
4184
5762
146
5813
9863
3684
2488
5097
4583
9651
4826
7274
3893
4222
7811
9694
2139
2031
4722
9585
8563
9664
6502
3921
3999
866
4391
618
3629
3053
9056
7941
4328
8285
7124
8694
1150
3885
6395
5219
3676
7153
5423
7502
586
2231
8758
7727
8066
6293
5336
5420
537
2730
3499
7442
674
8016
563
5674
6217
2023
9288
3081
6810
352
9832
6285
6839
4102
7340
6689
8056
1410
7858
6264
1086
8057
1030
4311
1037
8732
1288
2255
5160
4303
5142
6536
813
3027
8391
2896
6898
5722
312
1306
6573
620
9712
3481
5158
6719
8229
4897
343
3320
4989
9783
6557
6052
1332
4555
5636
9930
9643
8300
888
608
9989
1395
7449
3406
6687
2961
8228
9234
3346
7616
4317
2303
6618
6822
693
4499
1967
6725
1105
1063
4735
5323
6553
9642
2753
801
6361
6373
9026
868
4219
4253
4261
645
1150
8876
7887
7573
6251
4295
6015
3380
3640
5132
5899
3438
428
4015
8356
5948
1747
8122
7274
58
2630
457
9623
3459
9584
7292
6907
5108
9979
4253
5293
9848
5488
5764
4815
7791
470
4943
4201
1222
5076
5674
5971
4367
8011
2459
6584
302
4198
3752
8973
2032
2867
2621
5323
6250
6184
5452
5032
7408
4655
3809
2588
7404
3713
5723
2591
1785
7638
2248
6778
8286
1319
9730
4807
2979
9151
1419
615
9030
8647
2163
3617
2180
2558
4463
4257
2576
6347
6533
3031
7795
5230
4660
5347
7106
7036
4887
4300
2303
7706
1442
2387
3008
4260
94
8222
3345
4098
9529
10
3570
9768
8786
7243
8399
8197
9030
2141
4102
1050
1632
6830
1562
1882
7859
8406
9001
6142
8284
3334
292
3785
4248
931
4395
9247
1843
4451
1144
7883
7210
6120
7232
4414
8954
4433
658
9158
8722
8821
7498
453
5800
5505
2976
1456
3061
2985
3063
4315
3717
8958
82
6674
2127
2709
893
3284
6375
2011
3997
763
8398
866
3711
5112
4265
8926
2705
2297
8478
722
2571
3809
3542
8108
8957
2025
1136
2891
2172
447
4433
5918
6700
9972
2710
3850
2676
5669
5593
8801
5647
163
8607
2751
5162
5697
4898
4471
2705
7372
5384
6105
5757
4451
5287
3849
7207
4800
4272
5473
9041
7359
1351
5103
5439
3000
2686
6658
670
298
6278
1974
5470
3756
88
1048
837
8989
5480
8639
7310
5285
1698
5392
1267
4539
6195
5473
8916
3418
9217
9332
5091
5279
4309
1318
7161
153
8482
5742
4534
423
4638
9484
5785
6075
8204
4683
6720
4403
19
7213
3945
5219
2285
7266
5032
2480
2973
4778
7714
7656
458
809
7457
5837
1107
9150
6360
7239
1808
2172
4002
4721
1286
9743
2388
8056
3547
4555
3791
9809
8252
9332
758
9913
8293
1685
5715
3249
7098
1246
7109
2927
4420
8690
8659
8333
4995
34
6436
883
9118
2361
9707
8608
308
9204
2422
4537
182
2904
743
8630
3094
3899
4325
2162
7203
5426
6918
9267
5926
8717
6697
2933
2578
6105
7278
5776
4897
6040
3155
8479
3655
3678
3238
1223
8877
2909
4417
9448
8213
3164
3703
7088
3064
2865
8714
2305
3275
6197
9895
8766
6022
31
4086
9146
9705
6589
303
31
8519
6034
1275
9895
4709
4650
1157
3312
3133
7058
5634
2051
5297
9267
5150
252
2055
6522
3076
3857
7899
1319
8399
6369
4630
5914
41
728
9578
4661
4049
6329
449
1592
2770
19
9181
8997
6533
8481
950
6166
845
9942
8617
6823
4704
7829
7301
3476
2052
8182
152
7944
9806
9906
8988
9637
7062
7039
1242
1272
2732
9219
4369
759
7016
981
1650
4373
8854
5249
5595
3229
2745
4403
3799
9935
3960
6003
6529
7993
4677
6997
5386
7884
6179
5058
3928
6387
8738
6925
603
6483
4243
3603
334
533
4972
4109
8571
5558
2824
7540
8430
7901
9044
2620
529
5796
9414
8454
1430
8852
9019
7625
2900
135
3257
1394
3938
1602
8019
3235
3124
8588
1698
173
4386
5634
5264
2025
7269
5667
6757
4198
6235
5322
3268
111
9871
4533
31
5067
3721
8636
2505
3974
7757
629
7701
9108
5875
3230
9472
9646
727
7801
6996
890
5829
1598
6079
6146
8264
2424
2538
6619
4634
9288
8781
8479
1255
1780
640
232
4272
4558
9485
157
3125
6353
5987
3927
4843
7493
4241
3163
3102
2000
103
8810
4757
1344
718
5817
140
6344
2883
1686
7607
4317
6772
1331
4127
1541
9153
4849
7502
2264
6917
4869
5554
5419
4232
7000
8686
7712
2566
2094
3387
5017
4374
8963
2411
1929
2098
4415
907
2510
4960
9895
6023
7050
2029
9638
9337
9340
4821
6442
9233
9557
515
2427
3771
5781
1058
4488
253
6066
7982
9128
7378
7467
1084
1729
4967
4717
3245
9517
3283
3515
9900
136
1148
9507
1065
4823
7929
4427
35
5399
8721
1513
1273
5075
339
8123
4319
8415
7161
1539
9774
7895
2129
0
804
7676
6356
8455
7888
2819
1706
9370
1669
9638
5203
9129
5660
492
1057
1823
9294
8079
7495
3659
1761
8698
6660
2125
7193
4251
14
267
9964
3205
3711
3884
2453
6311
4869
8596
6226
535
4393
8795
4238
5009
3033
712
6498
1043
2036
3396
9261
4612
7308
5215
4532
2514
4529
8885
5564
8245
3464
949
3196
1311
7218
5217
2186
5574
4312
8874
1195
344
4830
4373
7501
9694
4186
2675
497
4180
5475
4693
5512
8387
8810
279
7770
2637
5359
7183
2298
1841
430
200
5331
6436
531
4704
6923
4714
64
7049
8580
7392
5961
7884
903
2030
7177
5202
5559
7436
3539
3327
5377
7103
5065
7284
634
7424
249
4948
6127
4336
1074
5933
6366
6249
144
7170
6995
4397
31
9206
5948
4782
5951
7985
994
5089
570
4142
602
5718
9074
7007
2399
2800
2085
8408
7665
756
3673
825
1795
6163
9070
5575
3038
8999
7018
6957
9612
7784
2095
3149
4210
7976
7026
9915
5158
3088
5427
650
5335
6684
8154
6730
1983
2848
7722
1074
5934
1943
8238
3477
2229
6610
6307
1874
7613
1897
9376
9543
8035
1125
9367
6201
8920
1259
5901
15
9604
5395
8232
5426
4204
5683
855
9412
6699
7606
61
806
7863
5311
7652
1733
4612
277
8720
768
7216
6731
6941
249
4268
3043
3678
9666
2253
1267
8404
6504
2452
8091
7142
494
5434
2045
8771
1902
4309
4167
9511
3348
81
2569
9401
1971
270
8365
1699
9003
4673
9640
224
5936
6606
6854
5344
8050
9071
8125
7728
4566
778
8992
2024
1985
3743
3983
3712
6049
1701
4655
2437
6418
6127
2653
3950
9725
4124
7833
5809
475
9917
9471
6545
5200
1621
5575
583
9622
9686
6265
8986
9358
2384
7450
7323
8594
8405
3687
8735
866
7522
1545
3303
9614
1305
1187
363
17
3345
2595
1074
8740
9409
1297
3305
2856
8219
2524
8838
4720
2631
9665
9662
8967
2513
7819
5772
3898
9447
3966
5100
1243
3552
518
1726
1020
2049
1735
5968
9774
8265
6836
724
340
203
3695
6783
9664
3111
6414
1178
7049
7580
3055
930
9740
8879
5983
5714
9548
6343
4929
1997
3564
4310
1506
7687
5056
1188
3807
5899
9741
4928
3350
3815
1677
9107
342
2459
3377
5041
2580
9038
4368
9729
2581
6798
9975
5219
876
6779
7675
9679
4108
9710
3295
5761
6605
7068
199
7765
8858
2757
5557
828
3614
3021
9872
212
1418
6718
6110
3759
4441
7969
9474
4103
803
7473
7328
2768
1068
9830
3581
4130
1445
8605
1434
7268
42
7807
1679
4183
7257
1415
8371
4780
936
2478
7509
8555
3136
5143
3386
1891
3944
1752
6568
4938
9509
3913
4436
9770
4275
4219
3569
6389
4019
4518
259
8755
2452
6415
2409
6021
2980
563
526
9493
3993
2561
4688
5372
6713
4512
3767
9933
2711
2548
2238
7150
1424
7096
1980
4935
5681
7064
4930
5521
1627
3492
4818
8755
6033
5306
3972
5239
4671
3012
2397
4333
1700
1213
6458
6581
7843
675
5329
1807
9589
7816
66
2917
7503
8270
7101
7034
7132
8286
8351
6166
8945
6693
3216
2584
6532
8861
8648
6853
4925
9921
669
7058
6796
5877
2116
2987
7220
5917
3730
3114
6372
8442
2735
4156
179
686
6630
7401
4357
157
7353
2861
2030
689
8648
321
5629
5866
3492
6540
1640
8792
8292
3422
3656
5667
480
4006
5683
119
8106
2134
7418
6609
7039
6524
3789
1379
7400
3117
9787
3947
6182
9544
4465
8728
324
1449
5312
7634
916
800
5796
5320
9680
2059
8397
9481
6245
7602
2666
5513
3480
6325
4310
5220
5468
6659
5810
7594
9383
7010
7518
8338
688
9810
195
7955
6827
4098
65
9546
7649
6009
5514
7121
7134
5391
6610
7737
42
289
4903
6898
7893
6809
7773
498
327
3508
6045
8939
1618
6607
5980
9272
7076
331
5179
1954
353
2192
7248
6654
431
6535
4392
6391
6809
1456
6926
3905
8901
1599
1735
6265
220
5740
3959
399
4568
7063
7984
3525
5959
9353
5726
8823
8700
3332
4287
4806
5344
7342
8664
968
6945
678
944
9409
8989
5839
314
3759
6937
3393
8196
5949
2538
9919
1566
285
6500
8830
4484
1708
6609
5216
8630
5672
3621
4641
1253
1024
6738
7907
2299
9271
3883
1923
876
6356
5442
3070
495
4436
9244
6850
568
366
5303
2436
1561
2743
4357
1694
9074
7077
2225
5198
6393
3016
7384
9790
4408
1165
778
2634
6315
202
4966
8532
8430
2510
2971
4274
3517
5548
7788
4233
3786
5925
437
2438
6699
3259
6252
8317
1119
5743
2060
890
2537
2703
4668
5614
9580
5513
2548
6851
5183
5241
4495
3211
5537
8226
4192
7357
9057
4842
4691
2630
5065
1322
9743
6102
1521
2849
2343
2401
719
9108
6185
8519
9572
2270
3627
2009
5824
2958
950
7181
3144
4739
7833
1050
383
9538
7803
8469
2505
4730
2985
1824
4131
8614
6378
3283
1899
4016
4168
2050
1152
7009
8907
3236
4332
9344
4704
6593
9994
9013
6613
6421
3643
1506
2052
2500
4008
6655
3405
6358
9866
6138
6479
3803
5426
7081
4774
2540
6033
5614
9504
7357
421
3919
4992
7051
8582
638
1767
2060
9222
5270
540
4914
359
6020
7916
4137
8265
2192
6382
2638
2670
4247
7428
37
53
7431
7436
3235
8102
9941
3484
6685
1116
2675
2494
1003
2365
1789
1684
2044
8636
9470
357
2689
1428
3395
1905
3616
1455
9771
1009
8986
59
3814
30
2416
9973
2601
9874
2638
9621
1306
2791
1261
9703
5918
2702
2174
5646
5873
7219
9989
7493
3891
1491
6577
908
630
418
102
2312
4950
204
2915
4281
2281
6348
7010
2722
8866
2355
8803
7975
9133
2228
8424
3601
6507
1268
8140
6032
6166
891
2850
6993
5367
8983
6813
8890
1578
5637
9646
3270
9318
8866
2460
2092
8484
5775
6391
4962
3938
2294
6744
7950
6694
7705
2510
1279
4803
3957
3839
7022
6300
969
9927
9303
4097
5099
5686
6751
538
929
8847
7794
6173
7459
9145
9884
5841
8685
775
7233
6387
6999
2400
8135
6983
7272
5205
7873
5016
6690
9687
1242
7810
1354
9212
9599
4058
6279
2797
6574
5319
615
4455
7692
2323
108
892
5280
2128
1124
2645
2946
1481
386
6180
4579
5200
7338
763
381
2760
1360
5072
6239
4531
6315
5430
9541
5610
1315
2888
5365
8583
5920
5592
3457
2724
7539
8768
357
7600
6051
8323
2055
9314
3811
4790
7550
6973
2259
708
4839
1217
5841
7463
6255
9121
1738
7964
9682
3586
408
8958
3687
2253
9439
2574
209
2361
5039
5393
32
3416
1330
3155
2550
7949
2858
4179
8018
5011
5284
8371
2579
2299
1716
9462
4579
1987
6432
1864
9343
5743
2320
1963
5669
8488
3944
2465
2011
601
8593
5942
1586
1558
77
2783
123
5834
2348
8399
3303
2300
3464
2541
786
6645
2247
398
9643
3678
3197
3384
7509
9617
4807
8239
7586
6989
642
7858
2252
7682
7940
2183
3728
1922
1112
1455
8188
3426
8790
6460
3629
7565
9377
7333
3406
9112
3547
7675
8912
7141
1913
7982
9254
1477
953
4772
5897
5104
9540
364
373
9131
9407
1093
8682
2490
3062
6069
7495
4383
1872
7738
8199
2647
7759
5380
3096
1276
1709
207
657
6464
1589
1448
4022
565
7761
7298
2282
1544
1297
1276
9194
8267
7354
5268
3498
2530
1241
5687
486
5650
8222
2542
8442
3406
5347
4282
499
304
4094
3268
1794
2473
7192
1595
6001
9561
6609
1913
2001
9952
9109
6312
7030
4936
1261
9756
6353
4602
372
9038
3896
7631
1029
8487
8806
678
4783
484
8505
2601
4352
7471
3047
4753
4431
6461
8835
32
4672
277
9081
9767
3067
3625
6010
6644
8940
9462
2003
640
4529
2418
4244
4513
8663
9744
3367
7159
4240
6200
2553
6024
9102
5790
1233
1627
2407
14
892
3203
8189
115
129
5962
5455
1794
8117
8783
8157
2546
5200
5494
8183
8140
2354
2604
1439
1431
9303
5877
7710
5568
3734
8913
4169
4355
674
8827
6121
1183
3145
1031
3545
6693
4756
1459
839
94
5780
7050
3882
3452
5804
5127
5134
1545
9217
8540
3183
2702
2822
1403
5974
8783
447
324
5801
5794
4834
8039
7862
4733
6083
1112
5432
1609
7586
149
3110
3443
1749
7936
7490
1861
5794
4638
3773
9312
3287
5496
9861
1809
5293
5375
728
5892
2422
3251
6680
3206
7297
1349
8836
6016
4846
8951
1098
8759
5705
8589
7805
6662
2395
6539
7600
8674
8743
8132
2561
8263
6503
8061
7893
9761
2971
3063
5016
4373
5349
3402
6546
9774
3171
2337
928
3623
1397
2498
7017
7973
3989
5845
8551
5092
7998
8567
7755
5189
4610
2213
3908
5484
5369
4243
5383
5526
7795
970
1871
929
8163
3964
1258
6665
2793
6032
3939
8122
7671
9882
3908
3358
8026
4674
2038
9315
8648
3320
9297
5554
3751
9113
982
7797
5415
5128
3980
5461
3397
5194
3163
7638
5801
9198
9610
9224
305
9301
5943
6099
2110
8063
2275
1383
552
4688
7346
5755
4034
6239
4979
3636
9548
3167
4538
5949
6631
9840
5738
4665
4727
2310
9876
7015
2071
7538
7868
3881
3955
7286
2956
92
6119
5795
5371
5908
9026
3237
4595
5477
3699
9201
5471
288
6268
1089
5670
7337
8342
9655
4049
5933
549
1888
2955
1131
1345
8911
8667
4036
4257
4522
3716
9509
2023
6680
1202
2736
2903
1260
449
6100
2439
5999
2624
7772
5225
7544
3157
2868
8411
179
5561
3696
9626
1077
2955
7051
3610
5030
1686
990
354
9064
867
6892
3737
1803
9973
152
5282
2854
6748
6588
4493
9519
318
821
9898
7437
7654
2939
9813
104
1707
6522
1292
5999
5023
5003
2475
6755
6897
2272
6979
6360
9329
470
5300
8450
3235
6161
9869
9635
1832
6087
7719
5148
1472
8377
2981
4151
2811
6682
6741
6712
1358
4783
1414
135
2882
6588
5425
6606
9409
3989
4112
5019
878
1672
1665
1004
1636
5758
6267
4484
3476
8093
8608
3866
6982
1139
7581
5241
8067
8544
6685
623
9919
7139
7582
6790
864
1758
7163
4903
4424
2936
1969
4736
8271
5839
358
3359
5131
3502
4741
168
222
706
5084
8384
7535
9560
2202
8995
9725
1132
8329
1686
563
2991
3884
2971
5150
2712
9940
1718
2787
2243
4669
5227
9039
2265
9071
427
444
2150
7417
663
3979
7233
8647
2202
5348
3566
1661
3002
3073
7752
960
6689
2107
6709
1184
1506
3600
9502
5255
5170
9365
266
2560
5545
2184
1452
7846
8016
9231
3669
7943
7470
2944
7361
2314
8056
2211
440
8521
4832
3576
2922
1838
887
3254
6393
1069
3105
6862
9497
8210
2344
3758
2810
4467
9355
5511
6589
7632
3138
2384
9208
8094
4991
1843
4908
9767
2029
1369
8438
9239
4520
5034
8933
235
8242
3348
1651
3898
6550
6116
3644
3963
3438
9662
1817
5854
3911
695
3562
5961
7293
3154
695
6635
141
6088
5399
5479
8998
8674
3544
7681
1587
5889
5523
7138
1084
8188
8760
6977
3485
2292
7111
7931
2631
4358
6705
2507
1167
1818
9718
5743
2696
3336
6345
6515
9297
9465
4639
4060
6252
9171
5844
552
292
1063
9291
3385
2326
4019
2814
7090
1857
7795
2200
378
5014
5458
3216
5894
5587
1359
3240
5665
2964
8014
8035
2544
9526
6989
5105
8101
3013
1270
1591
2735
3377
6632
5419
5707
7745
1641
3220
4920
9245
9599
5036
8957
9733
2789
3481
4808
263
1901
2225
1862
8572
9881
6405
4395
7895
6265
5642
7462
5859
3728
2775
185
9502
9323
3348
9255
9227
4982
3712
1906
6481
5762
6320
4472
6863
1224
5313
7315
2791
9096
6329
5568
8319
4723
3465
4358
1589
5830
5735
998
4739
112
7347
1463
7423
5944
60
8187
7
2483
8244
4306
2963
461
7417
7938
3348
9298
4313
5043
7470
4399
1567
1364
3777
8570
6938
6469
7007
9402
1447
7966
6914
5946
3387
2798
7119
3907
3446
619
809
2188
1442
4905
6817
5690
8800
473
4436
5838
4581
905
3139
4162
3119
4179
8839
5245
2349
8938
4325
2169
1755
6541
6246
1551
9567
3073
6070
9151
9372
2918
1564
834
8905
1004
3159
4538
2157
4798
9860
56
2389
9699
9109
5294
4325
1040
8426
1138
5288
1364
6747
1352
5101
8139
1135
6393
2282
4385
5547
7272
8414
8979
9292
2916
2822
5659
1944
258
7593
573
763
8980
447
2727
2558
3621
7484
9374
4641
6494
8442
7493
8996
4681
3727
466
2880
1379
6738
4546
7943
9051
3587
5232
2939
216
3569
8739
4217
6054
630
5282
929
3355
8822
1221
8892
4311
3975
2224
4615
5398
6033
1350
6912
4892
5893
2886
709
9012
506
5712
5277
4472
1254
1747
8384
9740
1305
8403
3887
2764
7941
9725
9022
8170
7846
1066
4597
9890
8111
3772
1903
4645
3038
838
3833
9657
7808
3171
939
8456
2850
8851
2934
6233
7582
574
8550
2192
3774
6438
2914
7821
3390
7828
8268
7831
2536
3018
7829
5132
4447
3675
7529
9006
689
1823
926
1936
8919
697
2775
3285
9716
1385
3760
7567
6706
4242
5126
1014
6006
3615
4263
7820
5408
2245
5619
2462
7178
520
9570
7533
446
4194
2405
622
8558
8218
6915
9176
8499
8669
5487
3297
9132
2379
413
5039
7625
7980
4051
1551
4326
8717
6905
296
4091
3076
7235
3881
4809
2745
4234
5684
8104
9990
891
8876
6426
2289
655
1240
4695
6898
4
1491
8620
2092
7108
6776
3878
9025
2419
8586
8095
1134
4008
4562
780
8606
8476
3633
817
300
9646
1658
8921
9628
905
2744
824
7428
3061
2893
2065
9741
9068
9270
7144
2258
2401
1771
9567
3844
8173
7322
4593
4308
5676
4750
6824
7946
231
7762
7792
9345
4744
1136
3905
3987
3912
3727
1641
9798
9351
8485
6560
1070
769
7709
4072
988
1001
2190
5260
7054
8549
6628
8247
7485
1620
1656
3537
8617
4730
9555
65
7542
796
1308
8510
8055
7412
9006
9811
1991
8197
1077
5630
4218
1164
2539
2475
4703
7723
6879
6038
8995
5652
5822
331
4792
5372
1668
4978
7814
5666
3241
9702
7096
2882
6195
4760
16
2939
9289
1523
3904
3254
612
2922
4692
8184
3378
2635
4758
5822
5691
8250
4669
5010
8825
671
2747
7058
5067
1945
1845
2958
4801
4240
3383
3391
6049
8622
9826
8192
8261
8295
2547
8405
2443
8021
8501
7677
4700
4704
9087
2752
8916
7308
7133
5485
4118
3406
5598
6119
7456
6223
2599
424
2853
821
868
1821
9630
8235
2286
6621
1755
560
4543
9580
2994
3955
3922
3031
141
3349
7604
6285
9154
817
1515
1049
6678
3075
4243
5955
7420
1245
3754
822
6701
6801
9397
3432
1114
4157
3691
6737
4821
5143
3164
8760
3080
9041
9920
9716
2692
1788
6806
4825
9059
3019
9349
1925
5657
2198
7819
5741
134
3439
9843
527
2709
4674
7013
1711
9222
1327
7026
7103
9772
7481
1673
6739
4418
6648
8193
4408
7607
7141
8665
858
1980
9151
4199
5950
5160
8494
1109
3750
6700
9826
742
4119
9618
3388
2988
2880
7116
9056
8
7810
4242
4951
4367
3405
7998
8183
1760
2466
6699
6818
4727
5093
4899
4999
7561
3372
7880
8945
5287
2916
3414
977
2000
7728
9869
3776
6905
8301
3861
1787
8144
2460
4234
1171
7301
5578
8848
3238
1436
719
5443
3356
2394
5777
2176
5761
1091
8966
432
4847
2135
684
5006
2829
8331
6005
714
2219
9290
3913
7079
5871
4128
438
5470
353
7718
7609
5157
64
1423
5271
2251
8350
1593
4541
2646
6972
1754
7441
7181
3503
2282
6282
1963
1264
4694
6117
9674
4862
1730
2354
5585
294
7226
9887
3957
9173
3179
3181
6680
9266
2507
7125
1438
8325
494
1729
459
5510
9371
8801
1719
9357
8462
6803
5382
9898
9088
1970
703
633
8164
1319
5827
4826
5267
2553
4361
125
4318
6653
8934
3825
2894
8796
6528
7587
5736
9193
8535
376
8199
2796
5718
5539
8310
6796
9803
5386
5987
4017
4305
8265
864
4593
9049
6958
5333
5792
4500
334
8677
7266
227
7054
4215
129
5947
8682
121
939
2235
280
9232
7108
122
5885
6693
2218
5853
5368
5567
3537
4193
1788
8143
9355
2174
6864
7669
9565
8974
5579
2198
9480
201
7096
9304
7229
3953
7616
5474
7255
3417
5235
4987
1141
2642
1153
4175
3730
6418
3923
8883
7836
9011
9011
8700
295
7564
8241
1100
8271
4860
7806
2645
6181
7685
6595
2329
6024
3795
1934
7041
6739
1994
2671
2472
3488
1917
647
5014
6270
1305
429
6631
254
978
2398
8764
9583
8695
247
4420
4903
2755
1906
3563
1924
7168
718
7341
6694
8948
689
5739
6526
6362
238
356
26
4648
9755
3068
7893
727
8721
4173
2280
7327
1172
5970
5060
9573
2665
9036
461
7149
1485
1635
7673
5707
4309
2254
7254
2
2320
6805
4456
94
6904
7686
8367
3730
5774
8635
2908
9987
3505
1044
6583
3018
3395
3584
9712
4207
2399
5785
234
7150
896
9744
5112
1143
3339
6014
3044
7314
3415
3259
2188
2781
4901
4731
6731
9213
4559
3038
4580
4633
1796
6628
1388
7221
7985
1360
9047
991
4129
3982
5256
4459
5594
8982
1857
6198
2189
6844
5428
2023
4523
2500
1848
7210
1226
5520
731
2544
9665
8284
6540
3090
2303
9644
6581
3937
8052
9771
8727
6754
4745
3297
3666
7853
3278
1853
3511
2503
899
3452
9004
7834
7213
3486
4200
8597
9932
3956
4275
7960
3075
5789
4905
8140
7816
9921
1184
8362
7642
5421
1080
146
56
2300
478
6481
6524
3823
6369
435
729
7273
1976
4475
3907
8341
4997
8690
8312
5387
6964
7132
5516
4365
7544
1732
2375
6487
1856
4918
5164
972
5059
6820
8049
1323
5182
3159
4580
732
2035
8257
8226
3936
6082
1037
3960
7330
5939
8678
7674
7933
9471
4344
6799
4496
7074
2350
4114
3429
6894
8256
3041
8952
7955
2418
6730
898
5864
9982
1393
5019
6073
472
2722
928
9807
5298
773
4355
5300
9489
8080
8462
3198
3341
9843
3047
929
6879
1163
8262
7987
1106
3161
7607
8756
3989
4311
1572
4031
9530
3912
1393
569
4929
314
4378
5833
5214
5031
3328
933
1557
6043
4115
1471
7459
5173
2817
4006
7827
729
3411
3661
9959
9034
4357
9937
1482
7930
1198
8145
8108
8746
7444
310
2237
4501
6576
6218
2503
9185
8730
3154
8236
9389
9872
36
4614
8849
4044
7227
533
9605
2028
7448
3966
7532
4368
4445
971
7668
1899
3086
6646
6111
7425
5514
5015
1242
4527
8261
423
3495
295
3710
1153
4016
6984
4963
4631
2613
1029
9164
6095
1207
695
2438
2820
5422
9353
3071
4266
1250
3945
7823
1857
8602
2437
4657
6214
1852
7905
5771
957
2351
4851
1596
8780
850
1950
952
1928
6793
2052
9225
3982
6917
2510
5911
1350
4646
4217
7595
9690
7183
1660
6544
4786
3098
2767
9425
9016
3004
2124
267
3046
6023
7804
7233
2187
2399
5842
6179
6033
7945
8337
661
7833
8444
8117
6377
6825
908
4707
4210
9680
3602
4479
8304
405
9178
3580
4410
2560
5177
1688
284
3490
6752
163
2683
446
5398
7515
1640
9768
7820
3875
2678
4993
7533
6168
8925
2464
7486
2773
9747
1928
5760
3377
822
5348
1840
1284
414
3463
7928
2789
9777
483
1124
1077
7937
7886
3802
8621
9468
8521
1716
3121
2719
7044
9680
2956
386
9034
7635
1205
5958
8026
2755
3702
6839
979
8620
6472
3568
9529
3390
9339
9508
1096
6069
4089
290
7603
301
2805
2156
1831
9215
6154
8846
829
450
3505
7006
848
5050
8545
6794
3406
8078
9592
983
659
7045
6260
6627
1184
4875
3626
2465
9866
1830
4553
3712
4502
2152
4980
3729
6534
6158
1704
9600
74
9934
558
9383
6733
2607
9782
555
3976
2852
9363
1869
9934
6132
1710
6748
5453
972
1210
5164
2127
5550
5585
5893
3801
1694
6117
8719
4710
3174
5940
408
5661
4808
1020
4181
1158
3265
868
7848
8118
3637
3492
748
733
7175
8083
5701
1545
8794
4891
2984
9654
9782
3893
699
126
6245
7499
7326
1174
2481
5657
2349
6665
4030
2866
7761
7941
2576
3203
8485
7371
5689
5489
9738
1397
3415
7884
4450
6545
4862
982
9271
390
9678
6100
8914
7619
2342
1430
2273
7889
1162
1512
2796
1398
8209
4188
1891
5003
9270
2719
7354
1210
2116
9910
2756
1978
5598
6929
1370
4089
8344
6495
2052
8825
89
4916
4115
8406
6914
5918
9620
3252
2901
224
4434
1685
1125
8314
1218
2460
1273
2325
4802
4555
9002
550
8569
9008
8287
6246
4295
5532
4130
9070
2198
2572
1233
9479
4313
4259
8929
1558
4482
2420
1953
5731
2576
5928
9679
2145
1116
6131
4455
9213
9466
5656
5089
2967
6740
6059
1753
9026
8357
663
3026
183
2051
5953
2500
7953
8235
4442
5524
5330
5407
2928
8323
582
3153
5556
4362
9443
6488
2601
9991
7558
9883
6868
2883
3078
2073
6566
9622
3995
26
1634
6679
7790
2466
994
7229
1889
1249
8288
7067
915
7498
8395
2931
3852
5453
7933
1429
3545
2834
2460
6066
247
1741
8678
9624
4934
4485
2561
701
1034
4998
2873
7509
4159
1244
6255
5221
5921
7931
9017
9730
4401
5073
1087
7938
3434
5615
3935
8756
3725
2580
5227
7619
4660
1528
8069
3779
3356
3921
1187
1387
8141
747
9086
5443
7640
1663
7961
1994
5808
3932
6357
3609
4875
2787
7599
4248
4743
6444
5474
7588
601
8758
5602
2535
1217
5387
3328
2982
5321
9040
7752
3995
6295
4823
4636
922
2516
6736
5900
3662
5497
4564
8861
6653
5131
1590
3137
6399
2607
3737
8139
884
8024
1244
1293
8609
4268
7653
1876
4391
6152
8130
8561
2735
3879
7773
7710
9181
5683
1483
5335
5200
713
4692
2733
9532
1287
5956
490
1480
6441
6307
9166
3299
4307
7681
1308
8325
6418
8607
6909
1952
1351
2414
8179
2152
4344
6807
982
534
3225
1673
6953
9565
4171
2305
4076
2707
6905
876
1476
3871
3354
7721
6614
8003
6009
6960
8202
4868
3849
2845
9613
9263
1810
5339
2778
3467
1783
4984
9476
4180
7370
3862
4238
5440
9198
324
4846
7997
4644
2534
9516
4975
6007
2341
9324
1581
8630
187
40
4732
8253
282
576
5452
8172
8760
8902
7844
431
4803
2420
8113
1589
102
5146
8406
490
473
4747
8447
7929
7817
5294
8397
6774
8883
6626
6710
1927
3583
2293
161
7505
7859
4517
5567
6473
1925
152
7814
6752
8865
2278
2557
6704
5251
3513
9436
4131
4223
2096
5302
7360
6809
4784
1804
8454
7010
3219
6271
1306
497
4056
6499
7679
6451
991
4282
8508
5090
3793
156
7677
9711
1119
7321
6444
4516
2308
4929
5333
8505
1507
8437
4413
5306
6304
8603
7615
1659
6199
2392
343
7545
4689
5156
5884
6412
8908
6891
8007
8574
904
8247
8917
9049
4222
4638
5600
7265
7447
6733
2344
9139
2206
4455
9397
6697
4429
7578
2011
6634
3157
4519
9539
9452
853
3665
7203
7962
989
3752
4702
3505
3012
3011
7299
4097
4376
9966
4349
2879
6515
8214
4368
754
7365
1372
2857
353
598
5217
4337
6960
4649
5317
9054
678
1897
2472
6309
59
3030
2612
618
610
288
9912
6535
7511
7346
733
182
575
820
5240
6769
3086
7825
7196
1170
1585
5043
4220
5771
6207
5484
9829
6984
9472
443
3368
4578
9122
5427
7795
6028
5146
9101
4130
6914
5098
2836
9789
2727
3560
591
8565
7355
2951
2669
6413
7866
8515
6166
7414
1796
9613
914
471
2900
384
4946
9730
7186
5365
5939
8029
4648
9936
1794
7401
6937
162
3891
3974
4675
9676
2410
3045
9007
5882
143
6015
5461
8555
2610
3657
9714
3348
9370
3029
7888
244
6774
8194
6150
9656
2546
3042
4041
6252
2059
8581
2013
6937
1419
3666
1716
4718
5352
6893
1556
2340
7181
9120
5623
5943
5862
1211
2669
6828
1663
401
9613
835
1115
2855
1613
2808
160
785
2110
2418
4635
5213
5712
4955
1014
3777
9367
5631
6262
7104
4042
3063
8279
4929
9626
5027
4295
1661
490
7762
3488
4799
8196
3496
2174
8687
3256
4048
1652
6222
6304
8388
499
4874
3596
4615
7314
7642
7987
8596
8770
6164
2005
1391
512
5962
3057
942
3771
2664
9653
9820
2618
8141
6407
2909
172
2491
2383
1091
7951
1577
3471
6203
5552
1835
7871
6901
2237
409
605
1411
1379
7155
7548
4722
6407
7663
2705
1976
1773
6822
1999
823
7694
9523
263
6771
125
3954
7831
3142
2855
6895
5186
8214
5894
790
3695
2379
5177
9251
2118
6162
6119
3666
2034
6346
7766
4235
8614
7839
7369
9907
3860
8510
3553
516
7621
3830
8184
9177
4621
4890
6743
2249
5797
9947
8224
420
4026
6567
1597
5285
8289
4301
555
5758
9585
2511
5721
676
5155
3469
8714
8278
850
5704
1996
2659
2586
5021
1423
8243
7271
1943
5065
24
2374
7111
2989
9081
3780
9682
2460
6937
4310
7163
6372
9819
6846
8702
1856
1297
3474
3312
1815
6447
7197
6005
2400
3545
7165
9772
7147
1720
9034
3024
9353
314
8217
4346
2719
537
9860
5785
8622
9320
8163
9990
5923
3047
1445
5725
6187
2071
5807
1921
916
4495
7500
51
7056
9454
7172
576
8604
7567
4552
1555
4458
4277
2060
4267
4020
2413
5916
729
2105
3557
1458
5950
7026
9381
2804
3529
9804
281
3959
6359
1888
9550
3031
7695
4654
4804
7770
1898
6207
5919
5432
6405
5680
6660
2809
8598
2073
6399
6627
8601
4005
3607
1282
1210
7309
4403
6793
9654
637
3516
6560
144
9202
1414
2628
6181
1593
7627
2165
5087
1763
2485
4131
1244
4263
8420
3200
2012
5657
4163
8081
4234
3761
6680
8629
578
3090
1036
5082
4498
3554
9039
6130
7732
9174
5717
9068
1482
503
3924
7587
452
4243
4465
6292
8621
6657
8434
6034
2465
3513
6199
367
1075
6861
3746
2236
2384
3966
8635
8414
6470
5418
4799
6503
6395
9418
9806
3886
6060
7235
8300
4432
3575
164
8264
8447
3134
7342
3657
7969
8987
2004
3590
341
9330
5826
2163
6224
9022
1221
8170
3174
7222
3277
8599
4823
5279
8783
2241
8098
5375
7726
8467
9310
5082
9504
385
8730
31
8663
3974
6900
2732
8978
6296
9894
628
500
9095
5177
7353
4531
8026
4606
3798
1538
1539
2416
8257
5330
4688
2405
7346
6193
9827
3086
7493
6557
4228
5590
974
4717
1948
1052
8823
632
3320
1866
7880
7220
135
5666
5260
4911
5320
4727
1998
2113
3422
7167
5386
2190
2291
2841
2218
5501
2443
5575
718
1997
6900
7306
6974
9026
2882
7901
9180
6089
6879
8024
4272
2227
9048
8901
3249
1247
9992
9489
5426
2960
2763
4171
6437
6628
3165
9801
3963
114
3722
2767
6997
4850
4016
1203
3024
6285
3688
1158
6664
6074
2123
4495
9147
5535
8477
6156
6501
3215
1792
9545
1185
5260
4305
1627
2996
5958
8312
1885
3077
8720
9772
5376
637
8446
1998
6298
7859
3071
2545
5647
4763
1737
977
9807
8887
9832
340
4945
9008
1510
8042
1202
4213
32
9752
9299
823
1013
6204
4471
1261
7247
6396
4207
7110
8853
8067
7105
7378
7417
1725
5763
8456
7319
5983
2649
8511
59
896
4123
4295
1583
5271
2962
7978
2160
3600
5139
9536
3788
8985
3762
4221
9020
2483
9101
6048
8688
5268
6779
5976
5174
3095
8503
9319
4360
1153
6321
5677
9266
1628
6817
4591
7620
4496
7740
868
4574
7948
5881
1029
9801
3594
6966
3036
6422
7533
8692
409
2781
2382
8577
5863
5250
8431
6859
2013
1712
5532
683
6091
5531
2255
9822
9815
5338
3552
950
7525
3630
1733
4876
5291
4348
4707
9210
4147
5894
2782
5513
9085
5077
6557
2410
1174
137
8603
8351
7036
9471
2075
1196
8910
7832
4789
5678
7354
94
4365
3802
7672
4185
1212
5752
9961
8240
4409
8269
9809
3124
1077
3554
6726
6496
5431
3361
5523
4567
4730
9876
7866
2132
7801
6853
9606
1488
9386
1370
6318
1072
8418
737
2469
8845
2607
6493
9737
9175
3951
6004
4777
6475
3628
8651
3467
7914
7730
5467
7829
289
4323
2206
3363
8959
7653
1151
2180
2750
1644
9122
4689
5222
8945
2702
5926
8615
4516
2796
4162
2450
3513
1576
9656
1688
4264
8240
4285
9033
2925
7769
6278
7769
7672
3027
4613
7931
5678
8642
287
7803
1046
7411
7627
4090
6944
6327
8577
297
2630
3567
5655
5833
5252
3083
8084
8161
247
3041
6741
3719
5042
7963
7511
8123
7806
2802
6126
6299
5139
7140
2553
898
3925
7052
8746
3969
9551
8715
3474
8689
3515
5791
2409
5414
2619
2052
6069
6975
5557
8623
6656
4927
8311
9822
4987
3421
4170
9797
3657
2410
9725
230
6772
4377
4541
3846
6059
5264
3378
3925
5109
9721
870
2057
1509
4446
7329
123
8114
2750
9526
8242
4257
6040
5935
4784
2554
2855
6358
4350
2948
4447
4738
4130
723
2613
4012
6574
9340
843
5899
885
6771
9662
6473
4985
3025
9925
8310
5918
7205
6852
674
4936
9659
3461
2614
752
46
4332
767
511
8080
4414
3114
7881
8135
8063
4815
4914
6753
4350
3601
9530
6292
5346
2398
1122
1446
4433
257
8773
5883
8634
904
1597
1915
5505
2011
5569
9037
639
684
345
6764
7195
1859
2063
4980
6675
4298
8842
2133
4483
7251
58
783
6437
7841
3256
3367
9334
633
7386
2519
6067
6169
6997
8579
2032
3177
2141
3179
4318
8143
7432
4357
8802
4707
8092
8956
1290
4700
5368
2453
7469
4292
665
6528
854
6494
2134
2632
6207
2927
3093
4507
1279
6930
2532
7522
7134
5684
3715
318
5800
7136
3649
2190
6744
4709
883
5993
3861
3426
9007
2859
3004
7280
9669
5371
4725
7731
5628
4280
1662
6510
1921
3446
2599
8257
7281
6604
4303
2120
2614
1391
2382
8928
1029
2770
593
8023
2713
6129
1296
6391
8945
9549
1742
9384
12
3513
3818
4621
2326
9217
6722
199
4522
5238
3859
9769
0
5267
2652
1391
9599
1273
86
3392
5884
744
1160
1895
8479
3238
6174
6566
4993
7152
5808
61
2724
7743
4097
5449
1846
5441
6414
6975
1962
9690
3395
7265
4491
1882
8387
1974
3727
7503
4759
7863
2650
654
7079
4820
8177
3347
1983
99
7758
6453
5828
7240
9492
7468
2253
6513
5924
8055
5399
2622
3986
2865
2039
1350
2576
5223
6487
3018
670
3087
376
1224
5543
6537
9809
1150
1028
358
5769
2739
687
3109
1646
7484
7102
3897
5727
1282
2661
6847
5962
4545
9639
9302
7916
50
4378
9458
3193
1640
8371
1064
771
3673
1233
355
8721
2212
2409
4131
9379
4273
9922
7950
8985
9562
2716
7934
7607
3431
5145
6735
4931
6586
1579
1658
3936
972
6592
1450
416
1765
1546
8774
1558
3386
2346
8666
4527
1407
8279
2186
3762
2807
5588
1050
8780
4685
3280
4
5493
1110
2446
9710
8806
9408
5406
2584
9327
7587
5186
8459
7637
5842
1251
2543
7252
3279
1926
4651
9929
4872
8201
6211
9406
2182
6995
3585
5549
2259
543
8862
4728
3204
9585
5849
6441
1697
4262
7762
9721
8560
982
5168
2466
5014
8546
3773
5049
2397
3886
8877
1637
5372
8603
1548
7511
8242
7492
4486
1906
7958
6937
2243
9643
5336
4525
2024
337
7362
5382
9587
7236
144
4400
8314
7702
8081
2784
8258
5007
6411
5748
8845
9105
2324
2626
2120
494
1785
8429
7021
5225
3482
7819
1407
9524
7574
2113
8778
9646
8807
810
949
9295
1246
1887
1350
4296
2
5212
6017
2182
1804
2899
8780
3805
4087
4527
8418
9942
4683
4962
9833
887
9887
9061
7818
3751
3673
1060
3097
2821
2795
2041
4621
2399
4139
8146
8182
8722
1339
4134
2696
6285
9772
6087
2596
8229
5886
2256
4516
6948
7574
2152
8431
8651
8487
1005
4619
8396
6503
5879
8439
8169
1608
7696
818
1671
4246
4339
8067
1529
341
572
2408
6147
2516
3845
814
6188
9384
4732
9995
1710
7234
7939
89
1311
3029
8307
44
7373
178
9241
6212
8953
5069
3117
6818
6938
9709
3065
6564
4800
3477
2216
7212
8022
1692
4287
7160
116
1684
5935
7059
7514
6796
2761
8209
4133
5068
8408
5243
2255
9940
1492
1060
3870
4049
3689
3086
3557
7512
7875
8617
1855
378
425
6742
6539
7883
6096
3605
7395
1441
969
7634
1827
9431
1618
5832
1979
8701
503
6538
8398
591
2401
8768
9436
236
529
3146
8793
6558
4327
4647
9344
9882
9805
5180
9969
5837
3999
852
9272
422
3638
3867
6962
8604
3488
3855
33
9101
8457
3475
7710
9739
4288
9687
8945
5906
8039
5546
8116
7290
2646
847
4868
2482
5602
748
3422
6440
8794
1717
176
5354
4225
5350
3212
835
2828
4430
6874
3464
7751
3370
9996
3576
7271
6088
6603
2684
1414
4069
6621
5321
866
9846
2255
3553
7943
3850
2337
3858
5284
2286
5779
2458
6975
7458
8814
6825
378
1341
8914
5580
2732
8376
5976
7008
367
5108
7142
5134
5610
2297
7576
1698
7990
6816
8834
2461
5491
8422
2142
5398
7996
2089
7345
1877
4178
1575
6556
6755
9521
7225
2243
7551
1500
3167
8234
3616
8978
3313
8367
7587
4937
4405
295
2656
4838
7036
3677
9255
3196
3279
970
3971
3116
9139
489
702
5047
9560
2029
4371
827
7945
9173
8125
6276
9306
131
3628
583
4257
7192
8860
9272
1833
7253
6220
9275
7724
2692
7074
1162
8730
9042
3848
7377
3397
4237
8260
8042
9441
5174
7002
4761
8475
4287
5255
6410
9993
6748
1127
3747
9913
6192
9063
7469
923
9460
6214
5967
3323
5161
6209
6953
4533
8844
4527
9552
4089
998
5070
8222
7511
6977
8492
8081
9067
1043
8257
7015
5220
6288
6805
4375
1414
4255
2841
2656
4482
3154
2197
8535
4436
651
3727
6569
3369
533
6018
5317
8959
389
6357
1090
7732
8491
4896
2451
405
6449
3479
9994
8415
1401
572
6300
2236
4506
1549
2812
4793
2143
8276
3704
1134
9247
8557
7113
7610
2464
9466
3305
5242
483
1801
1540
9536
2420
7171
9412
5238
5053
7004
8699
3168
9383
192
4576
7803
854
2067
3067
4978
7437
5029
1624
6002
619
5144
1634
8516
6282
2474
8516
3987
4146
3627
12
9608
1980
6327
4287
7323
3392
7142
9280
6174
5855
5632
6747
9145
2028
9314
2533
1958
4479
6338
2905
861
6476
139
3260
4858
5341
4262
6412
3002
981
3521
4419
2967
7041
8530
1743
3385
4575
2347
2583
4805
5988
1050
7557
4598
6413
1820
3421
4596
4311
3196
2769
6101
4702
4806
3172
8584
9079
5640
6473
6120
6750
6081
6391
1647
5535
7090
1437
3564
9716
9047
6515
4934
9236
2778
3141
8518
5118
656
8854
8694
7758
801
5064
6652
2200
334
5280
3103
3434
7348
3661
6628
260
7009
4621
4766
9258
4854
5712
864
6337
5601
990
9458
3159
5396
4658
3459
4262
6576
6596
2044
7899
4261
1932
9944
3146
1315
6605
8258
8736
4468
954
9486
2944
1689
1098
2565
4224
2495
3695
8623
2678
8889
1360
5345
41
9782
852
8539
9069
7557
7230
5505
7888
6820
699
5136
7309
1526
272
5687
129
1327
3563
6154
4937
1004
1157
6058
7225
449
1834
1827
5860
2376
3387
9011
5874
3143
8558
7252
7014
1272
5501
4284
9324
3933
5773
6261
598
1012
7722
2438
7230
2669
803
8351
9288
5300
2920
6782
4548
2658
1371
6952
4179
132
5104
4390
3122
9946
5291
5035
2089
3774
3336
2007
8599
1001
9420
5214
5945
3951
5216
22
7833
3108
9983
2575
8753
6407
3473
5201
4423
6382
2110
4393
3975
6326
9639
7714
9654
8285
7967
8071
2818
6274
9528
2442
7643
223
5414
6334
9061
1218
767
5593
5198
4679
1953
1555
4446
1899
1177
1975
485
6668
9247
1978
1532
2664
526
1461
993
9630
5407
7103
4835
1532
1577
5474
8594
6025
2149
1656
6190
6402
6723
5290
8295
7946
8925
5556
4454
7686
8765
2075
7627
7270
3739
6307
3825
3052
9072
54
4253
4761
1374
8420
8341
1177
8140
4787
8940
2817
1594
3739
1331
817
864
3751
3079
2236
1473
6263
722
5643
4842
405
1944
153
7397
7513
1119
7983
9483
650
9847
5200
9652
4277
5161
3266
1849
8334
4515
7667
3125
9433
8940
6394
5510
1376
8108
5467
4879
5992
3459
1541
1386
7727
3942
1683
6965
6080
2354
2371
9768
3135
8920
7559
3075
5613
2199
5461
3096
9791
7411
3116
8127
374
7952
6495
9133
4059
6974
5180
6952
3494
5827
7812
2668
5285
1278
8904
956
4417
8371
5972
988
521
6515
9572
8288
717
6665
2193
3291
3004
2828
5213
4921
7190
5049
5833
4186
963
704
1104
8261
8024
1996
3911
6781
6146
4274
750
2753
1576
9353
9722
2049
5106
2069
5294
4465
9650
3880
3865
803
7910
9779
4249
2351
4224
5825
7988
7606
5589
9073
5446
8440
7141
4954
6812
4375
5887
8201
5482
6437
2404
2431
9896
8345
6557
3533
9306
4340
61
9772
7390
3400
1182
1474
8084
9360
5547
369
4874
1743
1029
9407
7161
702
7030
3513
2456
1520
1945
2823
835
8970
4575
5017
5341
4314
1179
7143
1542
3797
8908
5089
3642
5574
1986
4718
9052
2192
4467
7576
4322
7131
1076
55
6142
1099
7818
9213
6860
4339
3027
7970
2665
8934
8233
5656
9097
9827
434
4502
9361
1231
9863
3185
2126
3911
602
7539
6758
7554
7408
8200
5
6385
6911
2579
5862
3040
6339
790
8175
9507
1658
9551
5690
3118
2967
9706
7830
9833
6065
6964
9091
1078
8496
377
1779
2738
3061
4438
555
5544
3943
9251
7513
1168
8150
3877
2005
3822
2349
4290
6926
8271
7785
4176
2216
4959
7332
1761
2084
6426
7815
686
5347
5050
3891
4427
6523
4560
5278
4954
4074
871
5617
4547
1260
4498
7057
5105
4708
8669
9214
4608
347
2074
2969
9335
951
4686
8013
3803
4405
1285
7860
7213
753
5900
8895
1866
6795
981
4880
7133
7335
982
344
3786
4163
3257
4114
4140
702
9632
120
5776
2509
4330
1168
4902
6056
880
8963
1546
792
8056
8139
7241
350
8417
9444
6056
1411
2445
7339
8703
2806
6098
7231
7027
4490
4311
6686
1189
1773
2456
