3455
4166
2686
6923
1490
8924
1151
8679
2836
2139
6102
6143
5455
9271
2848
6216
8048
6226
1563
637
2217
43
7121
2420
8456
2890
5365
6793
4915
652
326
9425
1493
1453
684
9433
8789
2905
9852
2615
9781
697
3542
6634
1828
8193
7447
964
2467
9771
1444
9926
6079
3687
3329
7901
2558
2354
2080
6500
5771
2146
8406
1427
6677
3080
2682
7772
6322
6080
6584
9010
4750
1239
1200
5123
9389
7256
3295
8081
6970
6356
4576
9465
5546
8456
3267
6962
4124
5781
2693
5042
3549
7348
6626
1624
1648
1953
8319
5244
233
8869
3494
8606
6483
6671
6718
8592
62
3618
7410
8868
3630
4752
1403
5172
1572
1431
7517
1744
116
4793
8969
8332
1843
3061
5021
3043
4151
8225
9291
304
2101
9234
3418
4680
7659
8611
236
3905
9171
568
8133
5122
535
7404
9406
3432
7009
5547
2960
7314
2525
7081
7853
1161
8361
845
7380
8918
3474
1669
5702
2235
9087
9258
9803
9569
2834
8856
226
3706
9705
4967
3159
7954
6771
5796
2665
3068
2082
9456
3262
8356
988
1066
3171
735
6002
6983
6637
3827
7333
9063
9273
3358
6317
3453
9674
8407
4908
9650
1574
2060
3100
3662
3306
6168
9427
8488
8492
6752
1772
1988
9399
1793
164
1008
972
2703
5673
8922
1268
1106
5495
9175
3005
9648
804
27
3525
3108
9015
6391
9169
6606
394
1113
4972
7480
3880
8863
4761
4180
7053
2482
9384
2129
9131
8365
4304
3914
4637
7200
7482
9183
7501
7543
9429
4111
6369
2537
7626
1215
7661
5909
8603
8000
4932
7746
2273
9734
9876
3224
7700
2331
3374
8119
6040
5073
2365
8257
3486
8066
4686
1954
1420
8325
7451
8722
6509
1020
7763
7959
4838
5973
892
5594
7395
6971
7605
9794
5525
4133
5677
6098
6142
2252
1823
4976
3637
9572
9129
436
1860
5698
5929
7667
8528
2336
1271
8603
8566
5587
5414
3447
7128
8168
3248
351
4680
2348
7564
4073
797
4929
5416
6418
1907
9798
345
6364
1249
7763
7014
7195
5908
1909
2412
6787
6659
4467
7168
1826
1840
3291
1360
9257
4912
3323
889
9022
3213
4179
5133
48
7163
3583
6430
9670
8222
6954
4580
632
8032
7164
2762
3953
3907
7891
7920
8548
9992
1190
8294
5492
1707
6286
175
1232
3934
7599
7328
2933
6531
8112
8948
9229
3623
2901
2951
3100
868
7812
1350
5320
4813
559
4787
7655
3382
4717
2154
9879
4697
9939
3479
2081
2108
5254
2432
2322
3300
3090
8333
7271
5759
11
7451
6908
2887
9761
94
3714
1479
166
2326
5124
203
3299
291
7216
4493
8016
7218
3907
2513
1400
2024
9690
6836
7596
4849
8955
9836
6429
7293
1849
6873
1677
7066
3859
504
4169
9802
114
8429
8113
5425
3237
5157
5942
9685
2594
2474
5906
1838
2556
5792
7691
7379
3371
2879
8854
8347
7151
6694
8596
8515
1108
2440
2199
5330
5938
4528
6500
5723
2093
2698
5812
9508
4397
6167
5052
68
8308
5897
655
8050
1730
3285
9232
2667
5413
5215
7923
6477
1687
9687
1271
7288
6597
5008
8601
444
6384
1259
6756
9721
3487
154
1468
181
4446
2021
3285
4030
6867
5848
8272
4769
5095
4392
8364
7272
2261
5752
9840
3328
7772
1423
4388
4645
7848
3889
6447
1440
8566
7409
4725
6478
9430
9092
5230
9058
6678
3860
4288
6
9205
2024
9957
7239
3773
4798
6172
7631
4763
25
9212
8329
9212
5993
1655
7189
7303
2938
525
8612
9196
3465
4119
2336
6592
719
5433
9204
6205
9919
1878
7677
8987
6938
7849
9983
3803
9952
4513
4559
9895
7803
1581
9127
272
4632
9306
9214
5715
2199
2310
6551
9623
6842
2037
7242
9661
4118
9790
6032
483
9553
7359
4836
5960
4791
1692
7224
4080
2657
2064
8483
5768
7326
1952
5381
5121
3729
7953
7588
8826
4745
1072
7135
1564
8042
4127
5089
9344
2345
4891
2259
507
9181
4485
2190
5050
6096
3315
9884
3489
9482
4767
2439
2302
8551
8287
3063
8203
8271
6709
7814
7032
5225
2167
696
5756
3506
6528
9545
7181
4129
5762
5061
7092
2742
4456
5144
1558
8587
9897
6994
5456
5589
5819
1826
411
8184
666
189
8843
4884
2590
5266
1120
4122
9870
4500
7112
8654
553
882
6050
6063
4375
6412
5112
8302
5098
8328
4982
4031
1310
810
3575
9533
3168
4612
8854
6708
8463
6198
2476
7765
952
5455
6112
8113
6103
311
3062
4659
2329
7019
3644
8091
8485
3925
8759
2811
7620
6436
455
2645
1916
5146
1388
9654
6198
7180
8788
498
592
9576
9482
3165
2717
2053
6402
6917
4396
6048
9126
3359
6703
7837
7727
6029
521
7097
4711
3908
6047
7454
3028
6839
2848
4913
655
558
5254
4546
1857
4415
2765
2590
7497
2059
6965
3712
9884
6616
2292
1856
14
7999
9577
7432
6341
3982
3117
7858
4134
8012
2744
1946
1669
1214
7190
5989
7482
7984
5830
9912
711
4637
9195
7538
4769
1293
1309
1870
6031
3147
9498
8174
461
2115
9030
6141
2055
5300
6096
3272
184
2478
1733
3302
3454
3358
7556
6563
9857
8077
3024
802
1755
7716
5164
6938
6293
6636
964
1909
2274
3089
7863
4177
6707
7264
5892
9006
7695
7876
1924
5394
9963
6049
6205
6351
1066
8821
7193
8062
1984
926
531
4980
8078
3788
1623
7881
8372
122
7530
8322
3952
426
7144
7375
5606
1080
1106
3605
2542
3567
6663
8987
573
1070
6453
6723
371
9237
3368
7283
2512
5526
2607
6348
9943
2563
141
3675
805
3645
1714
2586
1352
9790
7365
4077
3503
6518
3943
3494
1906
3763
441
5946
9454
4864
2215
2141
6016
8766
1773
1087
54
6005
6131
1174
4871
7884
6094
5672
9477
2648
565
7760
5921
7001
4551
7085
855
4777
4130
7231
1321
3679
1108
6547
5650
3639
532
4803
6550
6458
1961
3383
6830
1794
7111
900
7335
5822
2077
3922
1939
4701
9459
3931
1109
7089
4481
8558
3701
4900
1318
7310
8973
2505
1624
6916
2381
2474
9199
4208
5112
8732
3868
9715
4290
6110
5643
2557
1053
4631
7739
4291
1040
1563
3969
8832
9300
2576
5600
8416
4772
9147
8443
5551
2641
2253
5581
7532
3993
2153
7584
2068
5858
2719
2366
9339
2657
6077
4203
8789
7928
4097
3764
1344
3215
3628
9898
562
3285
3904
3020
7307
3038
4885
1871
6551
3311
6306
5747
2165
7210
8265
2491
3829
1868
6575
6384
4073
8697
7497
9744
4150
917
4941
4009
2404
7434
1268
1258
5415
1274
9576
2704
342
6256
9872
6511
5533
5594
1590
6909
2794
1631
6468
9193
2976
6905
8990
2962
8931
4803
5061
51
1714
8448
544
2212
5000
3643
7761
2118
3341
4794
6960
8752
1644
2629
779
3033
7563
4687
5248
4622
9750
2094
6797
7737
6641
2599
4335
5633
446
4602
638
5321
3483
3652
1809
2323
8959
9525
7350
7770
5842
7048
429
5144
9535
1416
7410
2230
7172
2341
1668
2531
1015
7320
3739
3160
9180
7961
3710
3328
4598
170
3437
694
518
8482
6637
7590
6692
1335
1634
6186
6411
7761
6987
4943
8631
1912
4597
6746
667
3357
4467
6656
7329
4906
9909
2885
3799
1093
8219
4927
3636
5380
4797
733
8224
6445
695
3650
1108
1016
8
5819
7096
9724
6996
8807
9986
1406
1062
9082
1280
9838
3337
186
4430
4170
7331
1699
9545
2374
6756
3630
6886
1486
591
4364
619
7486
1436
3758
1432
7503
7448
97
6092
1567
4893
7982
6073
3261
3093
6757
1846
4879
5599
9784
6340
8281
1885
6348
5548
368
7347
2344
4434
8250
9990
5545
4174
1477
78
6729
1590
6974
9454
5551
4638
4700
5080
692
1185
1171
951
7824
8328
5280
3123
4413
3663
8370
9269
5989
6538
4487
8232
4535
8547
5573
348
7443
5902
8961
1368
326
4637
8935
2347
942
5428
9459
2770
344
1117
7050
1339
8876
2497
8619
4732
110
633
6205
9991
4618
3403
2104
6857
3556
5451
6888
5047
1472
6616
2605
2914
9675
232
575
9854
960
9079
4034
9942
2300
1270
3549
8871
4430
1387
4975
9905
8128
780
3745
2422
3666
1275
8196
7786
8776
1163
6402
8950
1281
2740
2319
9612
9632
212
1131
8958
7911
5053
3083
9719
2196
8427
3812
749
7805
1483
7658
1295
815
5953
4446
2618
1378
8949
8244
1632
5251
6131
3974
1032
1143
6340
5819
890
393
9172
7879
7686
4179
2639
5046
7384
8663
4762
109
5261
8556
9712
565
7354
4980
4146
9010
7762
9095
5466
7209
5066
5497
4660
5561
3082
7216
4564
2455
9445
6118
7165
7795
4302
5205
5253
6990
156
5582
2238
6392
7059
3860
3320
8066
91
5553
5533
6448
1293
6578
109
9477
6120
8986
6118
4046
4314
9643
6989
813
6814
4518
1250
7090
9942
489
179
2887
9750
8945
9811
7416
2336
3437
3844
9986
1588
133
7709
3246
5284
7332
6605
2553
6963
9252
7726
4001
4826
2763
3720
4686
5416
9595
4237
9882
100
7314
2708
5368
7732
1204
7652
8692
677
9769
2225
3838
300
165
3000
8793
7310
5328
9294
8468
2458
2901
6653
3378
9588
2715
3210
2055
2478
7657
6353
2914
8074
7381
4615
6314
5539
7567
8183
1335
9278
1071
7540
7825
1938
1929
8650
1276
4679
4730
3915
8281
2313
7301
1152
9667
279
6835
1258
2543
7089
9767
8723
9261
9844
2639
2212
9119
2512
1918
4348
1460
4165
2306
7094
6635
4834
827
9843
5871
2284
4247
4467
4353
835
6115
3355
4167
4902
4954
3465
5135
2036
9915
3967
7033
1865
5360
7004
7163
1478
2930
1315
6520
3000
7739
5737
5975
3398
7454
4355
5359
9331
9215
7531
8700
8433
3098
4194
8074
3952
6425
2084
9201
4462
3180
5197
317
1079
786
7944
2886
7353
1070
5694
9424
3815
4015
7287
391
678
424
1382
3203
4689
6918
644
5455
3357
558
3536
1603
8855
7949
975
2513
4349
3257
7135
2349
3437
5511
7800
4113
8468
1414
6789
395
3207
106
7485
2053
1083
9489
1296
6395
9968
182
5114
2485
4738
4117
1270
1538
7400
7476
3354
232
3684
5841
6369
2651
6532
2879
4772
8075
4078
9162
8229
5241
9234
7292
5170
5957
3505
4837
7087
2088
1086
3742
7051
9879
9144
1089
2038
1791
8211
6840
4223
2626
145
2927
6085
8714
8808
3521
8521
9654
7404
6238
2452
6721
2580
2831
4769
7713
612
7049
4489
9513
6606
2170
2416
3286
6372
3373
2128
4813
7120
9876
8515
1627
2916
5527
1203
1014
4063
4724
2345
563
5965
5794
6023
4734
3746
6668
1484
7070
621
8128
1355
5898
5934
4306
6598
1700
3472
2358
9234
2804
8729
6510
8619
7041
667
2558
9338
4427
474
6569
9485
7482
3538
1837
8374
8497
6872
9626
7056
1845
3676
4791
1349
2835
7654
8781
5507
3326
834
4925
7910
9048
2704
7481
5880
6425
5379
6629
7596
916
7688
2173
3009
365
3626
9304
1154
6058
6720
4760
5595
2666
4007
5937
3631
7457
9037
3663
1691
6657
6997
2259
7411
548
1841
4789
2446
4060
5270
3957
3170
607
9671
9175
6884
4620
351
3110
5086
7966
3282
4135
9388
8558
3010
2674
3245
4495
7621
6462
8292
4524
988
8443
827
8852
8103
2186
3505
441
6688
6982
2817
2146
7783
464
6643
7959
8881
7015
3063
9239
293
8586
4866
1113
7177
4389
4184
8547
530
7226
8719
9925
5084
4726
3642
2803
5094
4362
6173
3036
5302
7267
8907
7513
6687
3154
489
4745
384
368
3477
6088
5071
7412
6546
2477
8864
8489
1073
7181
1647
4186
121
6106
9072
5679
6377
487
2562
2278
5159
5886
9501
5468
1649
4515
5679
3403
8791
2127
3411
2121
9915
5527
5294
3467
5468
9073
921
7039
6738
1731
1574
4415
6367
2796
6126
3001
9228
4388
6829
5296
4491
8487
7877
4593
2305
6358
3504
2477
3960
6153
8235
3159
5492
7841
1657
3870
1345
3194
605
7504
3114
7952
8256
1989
1790
3406
4016
3695
6273
1121
9870
646
6574
1427
7003
7029
8377
5545
6547
4533
3056
6728
4595
1773
2468
6337
536
147
7480
9414
9546
8069
4027
3687
3426
1940
6080
2542
8438
6726
2243
8671
229
274
3513
6053
5465
7047
4970
9672
9121
4611
9268
8880
2774
7536
6123
3788
6392
2948
3068
4354
1573
8482
186
6112
8693
2457
4622
4598
7005
3688
416
6896
6787
4356
26
8256
7965
360
3063
5809
4652
2008
6694
864
186
5919
5167
2416
9040
3298
5160
97
5112
6649
3367
5666
4829
365
6556
4298
8382
7496
3152
2149
1267
6705
6080
5712
626
7658
389
6547
2468
9096
7677
8423
808
5633
8354
7473
1352
4593
5883
6562
1777
4811
3061
8455
8915
1421
6005
273
3030
6632
648
2395
9684
3419
4631
5710
3870
2802
9162
6115
7772
7492
188
7871
2708
4060
274
9633
4317
8874
8395
3386
1237
3270
4483
5616
1214
6940
3367
8524
1472
7226
7055
1994
8091
7720
7581
695
7754
6074
2853
7611
909
3133
7536
7818
3842
8650
613
6210
463
5960
7106
9257
2564
2335
5401
3308
2332
1695
5281
4874
6548
135
6302
234
8135
8412
7734
3732
7629
6560
8344
4745
8203
1471
2041
7662
6727
9143
5725
11
1013
5303
7678
5535
4785
1635
6284
7051
5450
8821
6791
6222
3661
8551
5990
9710
4438
2772
7483
645
3450
4503
2578
9852
8953
1411
619
9994
5823
7093
4292
5431
6079
9042
601
7129
7347
6514
2575
3562
7475
7785
3482
6236
4326
3939
3047
5895
4266
7071
873
8688
7881
7740
3849
2342
9468
7431
8564
5133
5268
8030
554
7841
1223
675
8514
8452
5354
4295
6057
6285
8738
3576
9355
3461
7878
808
9008
5461
1480
9937
1143
6395
7412
9052
5850
7150
4234
4025
6050
7881
9220
93
7873
3207
4265
3796
4810
7239
9123
3795
2449
2837
4875
5760
2036
1003
9882
592
1371
6800
3115
2621
4107
3626
5950
3875
1884
3770
8120
9403
889
264
9922
9142
4182
6048
4296
7602
857
2414
9422
2170
2366
4035
2954
1892
4187
9965
1714
7452
7570
4520
4527
5390
4989
8643
948
1255
5387
4189
59
5411
3079
9237
5623
7866
196
9396
601
1313
8436
3227
6618
4442
8508
2759
1572
7773
6324
7384
4973
9182
2107
655
7840
9370
5215
9650
4009
9944
7288
4636
2217
6872
9320
7732
7831
4736
6476
2573
9504
4353
5402
2178
6893
3064
3652
5997
422
7771
9687
1479
6388
6772
800
9469
5353
273
9499
6711
8127
6682
6833
1025
8030
2113
5830
6063
8484
7889
5395
5616
7848
5021
3134
6835
5797
1820
1609
3099
4008
8259
6292
7257
6752
2686
6734
2139
4550
4248
8402
1283
1727
8551
1855
8743
2049
17
7288
475
7833
2456
4667
9601
4543
9806
6174
8361
6895
8549
2935
7689
7030
932
8436
3577
8352
5528
7130
4276
6773
6169
5095
254
2537
1418
440
4194
9573
8059
4274
4171
8721
7387
1569
1957
9274
5242
7850
2458
3903
8290
8108
9958
4841
7489
4461
7976
2080
1790
3681
1557
4465
6999
3667
6980
9175
8048
5728
9397
5842
1361
4054
2795
9185
5424
3980
8520
4971
3156
3164
8490
4017
5055
8145
2102
2829
5932
5838
8575
7417
3218
1155
9128
9785
9983
8738
5637
6486
6800
3855
9746
7103
6865
3035
3048
6071
2408
5581
3359
4972
8775
6031
2691
8722
637
6974
9476
5015
4994
2920
5943
2450
5440
8856
3841
6275
2010
4256
8908
1865
5025
7781
9863
8108
3677
3795
792
2429
2110
7060
1311
2464
8586
8361
7903
567
9738
9052
3914
1393
5526
975
7151
9230
3194
2656
5540
6914
5473
4644
2859
9759
4352
4331
8073
4477
4511
5233
5525
7870
4136
4434
7562
8082
9338
3874
2933
4244
9426
8889
8058
8802
3595
4108
5405
3796
2627
882
4837
3570
5720
5199
5424
8609
9900
4680
3826
387
4212
4906
7027
6679
5257
157
3332
4423
3196
9862
5142
4402
9470
7059
4871
2917
5748
9644
7031
4588
3352
373
891
7193
2405
97
5845
3958
2955
2459
828
9050
8061
8186
4166
6357
3181
2588
8040
635
9558
3264
9834
1970
8868
9087
7471
5683
7988
5575
559
972
5280
1387
2493
4064
7256
7280
9664
5467
2218
5288
8385
3338
6643
8082
1721
9930
9340
6835
3214
7635
2729
320
271
6693
3177
7248
9300
6121
5742
7927
5540
4279
6117
8006
5423
441
2809
7698
1242
662
8505
3618
5288
9511
6646
812
4246
9428
273
6436
1334
9620
2588
6689
8806
5760
4121
4384
2023
6597
8719
594
7135
6875
367
6445
2780
8076
9007
5383
7054
7488
2579
5584
5414
8330
8923
6037
7720
8016
3764
8171
7170
8629
4098
8545
6179
6311
3717
8171
7709
9034
2783
7192
3873
3349
435
3918
834
135
1665
5371
4487
7841
1710
9557
9384
9483
9007
7567
2820
77
5630
4997
7526
1775
9868
5651
596
246
1593
9631
4021
5067
2530
7453
2747
3553
5958
4880
3270
9776
7876
6930
3665
469
378
4815
9354
154
8091
9542
886
9493
6788
6296
4197
1116
8801
9800
1079
8818
5890
3467
1706
8340
231
552
2222
3658
7797
5804
4690
4617
1560
6443
3615
9411
8067
777
6044
2467
2178
5867
1326
544
5431
9953
6008
1126
9005
3828
211
8524
4940
5674
7903
4476
1324
7940
1522
6450
9533
2942
8543
806
7152
6825
5950
1068
4873
5353
6680
1141
5123
4562
6726
291
8162
5251
4143
4505
4383
6729
3006
1357
3135
7254
2556
7891
8208
8712
5606
385
2429
3873
1515
5056
3739
2885
3448
5982
2683
1275
833
9551
2994
183
7732
4791
5646
3783
7375
1345
3316
5061
8896
6258
3069
9624
777
9594
2340
9796
3468
6225
7254
7132
6710
4023
5337
9300
785
796
4154
7939
473
7512
8762
9475
9177
7083
4584
9854
8686
8971
8826
4082
6877
1094
6707
9043
6823
1557
948
7760
6406
5080
4187
80
2705
3857
3939
3682
1990
2321
9801
868
8637
9623
9833
4474
9877
5326
9587
9346
3506
1457
7304
6836
9142
9848
2113
9286
4798
1600
1155
9118
6213
1524
9147
4622
7075
3625
2417
9163
7125
6378
5750
5130
5385
4888
8187
6876
1371
8152
3250
3033
331
2249
2315
2882
2255
9705
5849
2083
6247
7541
807
898
850
5759
7398
2455
4236
5372
4716
111
4909
724
497
8661
9557
5041
3572
2863
5974
4868
471
7164
8525
2810
9204
3139
1538
905
3290
2853
3488
3843
126
8704
4247
6397
3939
9602
9233
5379
5573
9936
4394
9570
7633
6253
415
5432
6619
4904
1219
9649
7012
1843
5369
5360
8206
8322
8322
8627
7754
6619
2138
2755
2161
4183
3211
3640
125
8331
726
8201
4769
7517
7220
3172
6763
3059
81
3355
3887
8572
1306
5687
6627
3489
269
8378
6702
6836
7040
5129
2685
8780
6066
1352
5655
4379
5900
342
2640
9717
9641
9389
738
1949
5451
2116
4321
1701
2891
9706
7361
64
1583
7817
3163
4154
2507
3586
8310
2295
1863
4306
5127
7178
5287
9058
3675
4271
1425
7951
9847
988
8086
7357
9125
3496
9580
6782
89
3334
6854
9209
5141
689
5475
5036
2401
4597
1831
1232
6957
8889
1940
4226
9988
2632
1632
7914
870
5056
7581
8713
5031
6842
1757
8687
2460
2723
1785
9720
3675
9370
5760
4082
9593
6252
6157
2110
3601
5538
8254
9855
2683
8552
7144
9158
8775
3395
3788
2972
8273
8678
8524
7773
3142
2003
8636
6381
815
6941
6473
8951
3419
7598
1375
762
2278
6616
6426
3589
8584
413
9823
1683
1056
5366
310
6095
8928
7588
4255
1537
1985
9299
6086
5249
2017
7040
6370
7100
2725
8824
8232
2815
6872
3088
7457
5643
4251
431
6837
3345
1687
9516
6426
4883
394
9096
2927
7978
3833
6437
9540
8920
5818
1219
5990
4157
9113
2632
7787
3909
4665
1674
1630
4825
3005
4972
8649
8295
3044
1968
9247
4009
2588
707
3246
1871
6314
2370
3668
3730
7236
8514
3483
8713
1281
14
8806
8428
2186
3967
7449
1359
5632
378
8052
6845
4316
3862
4773
4242
1960
48
2917
1842
5737
6342
2399
2523
5673
9672
8632
7088
1562
7630
9529
8991
421
6820
2750
1715
4574
9912
5113
8148
5910
3260
413
5548
2331
8749
1403
7441
7168
6061
5695
1032
5760
8259
5465
6855
1754
6073
7142
5782
9137
3204
1964
8665
8133
9493
1667
7583
2081
5680
7600
4119
734
9063
4922
4436
6769
1910
9540
9721
6169
9924
5009
7466
1152
5217
7214
9539
1304
5470
7521
4401
5567
4235
5791
514
1167
939
609
7245
8291
456
8684
143
7788
7628
3821
8696
9459
8219
3504
9184
481
779
2905
7307
9317
2306
2686
5564
9773
617
9149
7823
8560
2185
3671
5353
6981
1728
1235
4694
4830
9257
7580
1621
5161
9031
6704
7030
1433
3400
5307
2909
3631
4936
2801
3552
2731
2082
4387
4053
739
4968
1760
1585
8341
9972
920
6811
5539
2210
3410
8194
441
6156
849
7286
4909
9619
4090
9519
8110
1949
2995
2905
4553
3714
2526
8888
4192
4014
7020
7038
8778
6349
1494
2777
414
4631
1225
9454
2282
3578
1422
8810
3343
4277
6573
61
190
8983
2343
2445
9829
2521
10
3069
1706
9045
8520
1635
4650
7812
1727
7233
7456
7416
2388
6376
9353
4430
4586
8185
8160
5148
2024
8675
8086
9616
1613
9954
5002
8217
2180
414
3001
765
9750
5494
3552
4255
2986
1151
6599
8905
2094
6846
136
9405
9281
5643
8716
1754
6733
4261
7467
8477
394
6984
2996
2611
3596
5742
97
1544
6923
3027
6099
8783
4807
7373
3626
7983
8770
1232
4960
2157
197
7753
8692
6305
8600
3274
252
6140
682
7809
4779
1129
7283
1677
6848
8377
9610
9918
3823
804
1878
2974
4915
3317
7474
7406
2825
8425
5721
1470
4577
3351
8383
1407
4204
4551
402
8607
9129
2106
3888
9338
9860
4135
2217
2405
5105
3034
2057
8562
885
5447
5951
1747
4710
2774
8343
1091
7283
6804
763
3516
6546
5605
7088
4555
1353
9647
1815
6701
1466
3123
5395
5892
8830
4078
696
2754
1351
4584
6048
6418
2968
8560
1697
946
4979
6117
7175
8361
6861
7069
7603
7427
2753
9888
6140
6157
8794
7038
9505
2966
832
9114
3355
1710
842
452
9945
2739
1739
7054
4245
2478
4056
2629
9655
3407
9049
71
9575
1818
2859
1560
6392
830
3828
9551
3208
230
9339
2786
999
7053
4885
1909
6639
6711
7210
4042
6492
3191
2798
9056
6354
8133
9238
9039
6271
5499
7166
8993
1881
5977
9985
2290
8635
9417
9544
7056
6734
8185
3718
7181
3370
9554
1099
4101
9770
7897
3281
35
2901
1315
9857
9124
8699
2267
3840
7163
4630
6837
1222
1524
9461
9126
9226
1217
3170
2777
5410
8512
7502
8435
4112
3009
130
4351
1112
6623
8688
6396
7110
7009
2857
4321
1912
5274
4775
503
9889
1512
8270
9916
3356
7306
7223
9962
9070
929
8212
4501
6112
1911
7998
5045
8105
3578
769
9563
9183
7708
4095
7253
8650
6001
2258
6839
5495
8598
4063
4932
4056
9950
4625
6389
5900
2259
6205
59
5272
1527
1883
4687
7083
9001
8488
8043
3744
4675
6529
5627
3282
9922
7794
5834
5020
7126
7067
8908
3397
893
4722
9575
4038
4990
5511
7402
3671
7894
6783
9960
2359
7578
1680
2430
7556
6880
7332
5548
1310
147
6724
5358
1327
380
6840
475
5178
3023
8215
8037
5380
6637
8731
3694
4008
7210
4732
8710
7243
4224
6818
6685
6395
372
2007
1832
6840
2035
931
6862
5546
1853
1161
9820
7716
9416
2333
97
9529
8293
1666
4236
8612
1793
6886
8088
772
848
8992
8816
1993
4331
8500
6202
40
6844
3475
2377
5248
3804
181
8
6469
2109
3411
6251
389
9996
4295
4023
8483
8256
925
8231
9073
9964
9903
683
7407
3796
9685
2643
7115
9519
867
5643
5899
8303
4909
3894
9518
1671
6222
6742
6035
44
3136
7786
1203
4787
9442
720
6369
5899
2338
8197
639
3357
4868
2944
4354
4025
2432
7855
4096
4190
9749
7484
5044
8399
9480
6238
7117
5003
9167
1018
194
9548
6364
9565
4054
5557
2532
6946
4532
4034
4783
950
8597
9271
3075
4909
4048
6014
6564
5530
4670
1118
74
8487
5002
5681
1614
8203
9165
9703
491
953
4690
4773
2440
5707
3265
1723
6384
9873
777
567
2916
5565
5019
2829
5955
8720
9737
8728
5967
2093
5581
5152
6947
933
8655
6062
5863
7941
2622
4381
7271
630
5721
9402
4902
1526
2678
9742
8239
5151
9870
641
5414
6574
2864
2718
6236
7498
5983
2329
4177
4680
4658
6148
1208
4847
1218
6937
7649
1246
3631
9932
6349
5174
1695
6870
8433
9344
8472
7298
5172
9794
8046
8716
5240
4948
7806
16
5594
6874
7954
393
8277
4061
1694
8235
8188
2957
448
4845
4370
7489
5700
978
9349
613
1242
4329
7903
1010
7579
2957
2006
5484
3615
8976
6032
4333
8399
9181
9845
9263
1038
5709
8413
4038
9569
5127
2546
3114
8096
7738
4488
2330
440
7730
6035
5772
3800
4934
9283
2018
6955
8655
2174
9927
3136
8687
3518
5609
7988
9653
9575
1746
3270
4369
6383
154
14
4690
3555
975
3502
3253
3109
7677
1497
2655
2905
7331
9588
4248
1713
7641
7290
5827
7074
8679
4494
3159
733
8036
3083
4963
8904
4058
3043
7590
9010
9625
2550
7168
643
7918
5649
6657
4495
262
4
6434
2783
9227
744
2643
7544
577
3075
5842
6679
1541
660
4650
6582
9095
8394
1220
3552
4514
8715
5623
2988
7077
1415
737
5043
1884
8029
7365
5939
3794
7778
9
2339
3183
8875
1475
2696
9403
2298
4602
8521
7749
1303
547
4172
727
9239
7784
7200
4134
9721
5526
4736
4688
5806
3088
5321
2369
3247
2293
8007
6556
4802
3858
6580
5402
57
3866
6712
8258
8792
1297
1589
5449
8564
9146
4784
1909
8234
6289
9575
9659
4596
8229
8551
1923
3715
9020
5781
6228
8323
6975
2816
6957
1696
3552
6261
2401
7598
3188
8507
5844
2685
1055
6435
4917
9101
5475
6277
5306
6149
1463
6860
2577
2031
3254
8130
5984
1405
6109
682
1849
7680
298
3839
978
1737
6324
5038
5224
6230
4050
6478
8790
9343
1221
9176
4508
8887
2013
1104
7779
6429
9017
1801
8106
5852
3579
6272
3285
8755
1940
6021
878
5406
4295
421
1499
2103
487
238
7674
6706
2971
3398
2995
5535
4232
1944
2383
9632
8089
2483
1448
8747
9460
6845
4112
3986
339
4945
3208
299
2148
5159
9640
8931
3996
632
1295
7636
9803
966
4550
591
7926
3869
836
4985
6673
9476
1567
5424
6392
6867
4511
5261
4162
9000
6500
4958
3473
8671
9165
3268
6630
1754
1869
9337
204
2435
5410
9574
7804
5496
6965
1261
4065
6944
887
8967
7456
8591
1569
6992
627
8183
8251
4822
4696
1450
5910
4380
5902
4561
9441
3799
4698
9158
8209
8131
4094
4086
3841
648
9649
6438
8302
1642
9528
1181
5737
5522
9920
478
4538
6084
2709
3584
5735
6447
3435
4327
5460
6166
6265
7823
1170
1779
3098
2569
6481
1666
7952
8111
2339
5421
4300
5203
3163
9458
9409
2742
2606
887
334
4435
1559
4672
6629
3544
8148
892
8437
9345
3992
1058
7027
4762
7841
9777
3468
7068
99
4980
4233
121
9246
3404
6629
1424
2760
7363
4030
6022
9327
3519
9801
2839
256
5392
4441
7812
1475
1213
2761
1339
784
5549
626
9582
7203
5557
9447
4120
9284
4842
7994
2552
5492
4151
7455
7804
2232
4377
4263
2338
5307
9847
1562
5055
9063
720
4214
8145
838
3993
1246
3794
651
5043
3091
718
1656
4099
6953
4105
9630
9752
5405
7413
6206
2081
7988
5113
3359
5340
2343
6423
4647
3887
7841
5467
4307
4034
8810
8863
2377
7485
6584
9804
992
7111
4713
7410
9580
7394
521
7515
3968
7711
3583
2929
1087
1629
8292
4461
9319
9767
4410
9286
443
595
5789
6751
8733
1187
3318
3727
5605
7211
3631
6394
669
7534
4073
9552
1622
7092
3185
2030
9799
8191
7314
8889
6281
1953
4692
2981
8657
5192
8351
656
6528
8564
4130
3676
240
1006
9018
9894
8648
5468
2346
2308
5149
9412
9515
1921
2962
8420
9961
2089
2884
3700
1670
1830
4976
3769
9573
529
500
2173
7779
4989
1921
6294
8690
7045
5100
7945
4187
7007
4638
9175
3368
2777
4232
1549
48
6953
8004
7352
4999
9143
6955
9807
7980
8686
2227
5897
2504
6987
8947
0
7135
6805
9157
3705
4704
8787
9328
3177
7935
3817
1536
2755
6345
8044
4672
6109
1250
8188
7469
9259
69
9891
9069
7851
5747
2515
7468
5926
2280
1202
7860
8657
8273
9572
7480
3403
6087
2667
5170
8275
7482
2652
1917
808
6909
9262
5565
1320
7676
9048
9635
429
4743
5728
2445
6901
8411
3703
4959
5224
3835
40
1642
933
8589
4773
1766
9464
77
1545
6770
7578
8166
1430
7402
7590
8352
509
3248
4086
4942
7058
566
4541
8554
3519
2442
6880
9568
3465
4707
8785
6855
5457
6316
537
6050
2244
1167
6975
2492
994
6553
8868
4408
9681
2295
5920
1388
5901
3540
6418
8934
197
7408
9323
5040
30
6973
1650
5537
9273
1123
1729
9965
8199
4960
2171
3439
892
7176
403
5697
4418
1570
9540
2691
4182
753
7283
6973
9015
5387
8674
8834
4823
128
8568
5839
7070
2425
2913
6288
1570
4065
315
4072
7676
9630
818
8941
7278
607
4099
8682
5702
5430
8581
7630
504
3073
9846
7498
5993
2745
6229
9789
6741
4764
5931
4389
7999
8382
3352
4639
9868
8915
7645
6696
9250
7703
5712
4254
7834
573
5707
7196
5377
2662
4576
1742
9010
1264
990
4303
7704
1394
5633
9069
5689
3765
5602
9295
3509
5038
7062
3430
8840
7575
4641
5376
5499
8163
6635
2084
775
7459
7023
9356
2300
1875
2496
1782
4026
1672
5096
1522
8714
2539
3326
232
5720
2120
8605
8397
7017
3917
671
5518
2249
5352
2966
6618
8797
1511
1832
5133
4643
733
6546
2124
6615
599
7283
8181
4453
2016
7514
6471
7841
3651
5892
7986
1825
6831
6561
354
875
1828
5965
7674
4760
6552
8633
3112
2196
4874
4307
5014
8698
5032
7934
7602
2021
8892
976
9455
1357
8131
5391
2042
4178
8681
7542
7389
4713
1746
8065
675
1601
5452
7224
1959
6600
5373
9522
8083
3952
2823
8273
6792
6677
5423
7070
3149
6522
8115
2563
9290
9746
4071
2092
7266
174
6207
6159
3149
4542
7997
6282
361
6619
7
6817
8326
3934
2316
9737
6782
4714
886
4321
9855
6125
6466
6827
4763
6790
8615
8467
6260
6853
3439
4149
305
7727
8182
4785
3396
5231
5028
7824
4106
387
2125
7709
4468
9423
6262
334
4289
2279
6900
631
7052
2059
4280
6664
9277
7834
4567
8295
8641
4172
1842
8863
7731
8041
2501
6752
8780
4354
218
834
4183
2181
472
6296
4261
5900
2012
5132
6715
3064
9703
9908
6552
3881
4540
8675
4530
4302
3948
9584
3031
6552
1943
5121
8679
1743
602
6722
4130
9045
6953
9265
3968
6821
2838
1326
3320
920
9047
3912
313
9865
3408
9097
3157
9943
816
9578
2179
4417
5771
2166
5709
3325
6991
9628
2402
8589
70
5577
5204
9776
8832
9106
7090
6258
7705
5854
9710
4911
256
3473
1805
3841
3808
9713
4479
8886
119
635
6959
5047
7828
2967
3786
9474
4075
7171
3976
6235
8556
2338
4810
210
5879
3036
2706
960
6766
7951
8934
4555
3072
5651
3417
5374
1277
3467
9688
1662
7922
6795
4273
8620
6143
6542
9172
2714
163
5481
8808
4653
2266
3177
4835
2233
9230
5087
539
2840
405
2645
3174
6959
876
8608
3887
5729
3499
937
2900
2318
748
5762
8748
868
6761
4053
1049
6016
8231
9785
7519
125
4611
2905
1492
9422
9367
4454
1579
9804
4837
3225
559
1814
8133
4111
1359
430
3232
8161
8252
9233
548
7574
4588
2088
1635
3355
8710
7148
4873
3767
5843
4127
6793
8049
1246
176
2609
2619
7620
5567
4461
5370
7194
6931
5805
3056
9545
7660
9729
8907
2205
8558
8098
2918
1275
176
5700
9750
8038
2752
4761
8612
4499
5307
5744
5362
3706
8152
8467
4679
3490
2390
598
7775
4833
9067
9055
4675
4724
9607
7769
4949
9584
7222
3055
3418
4926
8912
3086
5984
4477
8385
6368
5547
3162
7760
8659
8593
1366
7810
1761
8144
1817
5325
646
8192
9555
7959
9492
3324
6962
8341
4852
2675
3300
8800
1904
1162
5587
8609
6579
4580
6221
6045
7556
559
9997
4448
1189
3561
7679
7130
5135
7380
7774
3937
3740
4343
6753
3439
2351
3119
8977
3140
1956
5194
8967
9477
8942
9298
1038
8339
5848
9626
3580
227
2583
626
3089
6022
5723
8686
2008
6269
347
1388
9513
9907
27
2778
9632
8729
7895
3858
2908
231
1821
6207
3195
2557
2551
6647
4945
8827
6601
8123
9968
4663
7202
8058
9957
7796
8860
5344
201
6726
5680
7296
6349
9037
3296
4507
9419
4175
4433
6555
3323
7778
3554
1721
1160
6546
4124
5415
9569
7603
6419
940
8529
3155
5478
6122
6563
7788
3779
6824
7745
4014
6240
9021
8416
4256
2055
6530
1103
292
9227
1419
3995
1188
9163
2536
4796
8756
4461
9267
3123
7292
1233
5685
5011
2326
4189
1533
8051
5559
4730
6711
6404
626
4775
961
7677
2622
1950
6840
9199
3115
2475
7351
8504
2771
148
5365
2760
1133
3517
5301
8
172
9998
6050
7576
7627
1581
3649
9263
9132
1358
4037
9529
4158
8984
2743
2272
6305
9869
4625
5782
8107
1649
2884
8389
7571
5271
1348
7549
1329
7691
85
3412
3292
2708
6357
9073
5231
7791
8071
7179
8989
7293
5348
9699
2619
7570
1278
387
1482
5136
4333
3873
3331
3605
4129
4169
364
1730
5426
9323
3983
2483
4423
6069
436
8494
8339
8973
8881
3973
7520
6417
2283
6088
4830
9780
6754
9736
4950
6702
2305
6283
1183
7645
3385
689
2224
3751
5344
6504
8802
3015
7117
3359
8722
8601
9616
916
9912
4809
5285
8932
5037
9557
340
8484
2533
1256
4307
3958
4483
5970
8423
6704
7106
8249
842
6093
9897
9468
8196
8755
1482
5831
9987
7376
1813
257
6107
3192
2143
3171
3403
940
2370
9814
8139
2543
9629
1019
1802
6442
843
500
2841
9290
3140
1648
8993
131
4530
5940
9685
6916
6583
8843
1770
6972
496
6334
952
4041
3534
2445
8387
1390
7785
8050
4899
3783
2960
5970
6931
3539
5838
3597
4228
8275
3273
