4506
6324
692
3554
2138
2286
1442
9544
6676
9108
5029
1188
2501
806
7431
2477
222
2694
8433
1641
1291
6874
2650
5989
1405
4861
8424
2462
6018
4480
310
337
267
3805
9096
2107
9192
384
3285
6338
6796
7378
2179
3818
9250
804
9311
2876
8138
1112
9425
8868
9592
1530
7871
9267
7126
6270
6418
2377
6350
5672
5700
80
1633
5114
7886
5108
276
8062
6785
2645
2889
1963
6484
1186
2068
490
6493
6911
9380
4947
4289
1999
1983
9308
7936
9725
3800
6460
8726
6268
6308
1215
533
8575
6303
9634
9020
4165
9339
9485
5973
3158
7395
8072
2902
4844
9431
7305
8346
5274
3419
563
5090
4627
7076
6895
4066
5152
8034
2936
407
8523
7160
8332
5182
8331
2227
9231
8755
6048
8713
1573
8803
1516
7796
9350
3760
5242
8018
6925
2279
314
4119
7024
679
4060
5189
1775
8061
2718
9309
2226
979
2296
6742
9416
3935
3187
1225
6019
7044
7702
746
5520
5516
6325
8732
4882
7827
9743
7274
5824
6852
6790
2271
9809
4474
1502
6100
956
8624
9432
1701
9542
171
8741
3360
9671
3970
7148
6765
2632
6067
6385
3313
7209
7665
9759
9389
6800
788
5494
8171
3606
8302
6597
8284
273
5547
5789
9194
8609
8446
5020
5948
3524
5209
389
25
5224
7344
1078
4451
6447
7847
6184
4855
8066
9733
2285
9290
5680
5673
425
6926
8667
3951
1038
2634
6620
7436
1254
3488
3392
5087
896
2307
7584
4635
9132
4458
2354
5802
6735
2342
3215
5166
7315
35
2012
5369
6719
7419
1187
6737
3956
1692
4989
3472
4412
9249
7890
1091
3597
133
2890
4654
5770
2488
1601
2834
3545
1677
8665
8454
1874
5157
7979
768
269
4821
4799
6633
7361
9489
5849
7011
7859
956
1350
3129
6737
5972
8795
9503
7680
5146
4457
7934
3271
410
2781
1054
5497
25
4794
133
6214
4084
3188
1653
7312
1806
1894
6059
3413
148
3634
8442
6286
8562
7320
9649
7450
8358
4009
5275
9105
5253
5582
590
5259
3306
6895
752
7612
8629
1137
9680
7393
9099
8316
9068
7502
2956
3325
1561
9585
3154
9518
8765
6550
9661
6186
696
6669
9186
2933
2471
2654
7635
2880
5064
4183
2583
6925
1507
8879
732
1455
942
9501
1013
5305
2317
7231
9157
3972
3939
4378
5988
1795
8746
8937
845
5095
1441
639
5880
9927
6004
3816
1067
7762
6342
9623
8509
9566
1888
5198
6875
8891
6415
9854
2144
8859
1669
9099
9135
151
2249
5082
44
8721
8925
1783
9612
727
4353
8045
6629
9524
8623
616
7101
5443
7586
1657
6951
4011
9158
2024
7821
7512
6612
7511
3215
8360
7601
8093
9130
7156
9473
8808
3767
9004
7141
7647
3596
8635
2133
9301
1714
1024
9650
5731
7665
5280
2514
2374
7109
5107
8917
9539
9465
618
8018
7492
5002
4779
8467
4479
3005
7369
7109
6784
1054
98
8273
6986
2991
642
3853
1630
1218
2736
7772
8347
8418
4081
581
668
2000
9856
4770
8205
94
8265
5076
8454
6736
4409
3082
9179
1882
6701
4891
8814
3339
7396
137
2253
2067
8566
2901
3978
9420
8105
2354
951
9297
7163
664
5816
7282
3884
8897
2373
9827
9236
5494
3453
9474
5708
1275
8777
905
5315
4097
5570
151
8226
1940
9635
5978
4006
9671
1817
6523
7668
435
7767
5714
41
5857
3573
9865
8186
7961
7994
8758
5591
9997
5830
7379
3500
2385
3466
4020
2864
6534
152
4695
9019
4107
4848
1019
8516
6028
3890
7882
3805
3367
158
4832
1453
2383
1889
7444
7609
2449
890
4922
1476
9276
2520
4289
4017
3281
7981
3910
4511
1442
3662
499
368
8867
7636
4053
8554
7778
6209
8213
5245
1291
1729
6649
8205
1814
9004
6084
9084
1117
5454
4303
8343
8132
7333
8228
710
4504
8552
6366
221
9731
9903
9200
1931
724
7656
3097
5102
5314
1940
8891
70
6604
4686
9904
6640
7141
2017
2075
3763
8182
1995
9097
7969
2332
2207
9315
7689
2536
4989
1091
7256
2301
3197
5164
3057
6707
1754
8624
7125
5007
1657
5873
6334
7097
9893
5761
3183
1064
3099
316
4970
9436
208
7768
1522
8996
6005
2840
6936
4936
2190
3461
765
4939
894
3036
1592
9622
4529
437
2367
7486
3362
9294
2947
3000
3031
3626
8859
96
6465
8152
8255
2445
3890
313
4627
7502
7442
8776
1686
8014
5658
2525
8625
5715
1567
3177
261
9846
55
5448
8651
9446
3384
522
4009
6348
5015
4997
5781
6128
708
3348
9788
5087
9091
1997
6396
5731
319
8578
4382
2031
4783
1634
9999
7275
6673
4826
5840
7556
8993
9602
3822
4497
5665
3371
9036
6071
9483
4334
6455
9465
3958
8827
5841
9926
3463
9911
3149
2359
8397
108
2885
6805
7787
1883
9869
1803
1872
745
6805
2946
682
1128
316
3374
2244
8681
8646
613
9837
2853
3943
3883
9716
9998
2719
6377
8227
6086
7661
5823
2957
5262
7624
25
5590
5526
6134
4813
181
6398
9220
4821
8729
7922
1394
3479
6635
9817
8834
6722
1265
2326
760
2346
1455
7868
7925
2854
7754
1708
9784
270
509
2028
2025
3986
9116
5989
3451
4835
2580
6775
5386
279
5269
7034
5547
1888
2937
7627
4468
9419
7144
8127
8045
7725
3342
625
7819
210
5680
1072
9944
3849
8002
2967
8291
4496
4581
7964
6214
6132
6267
1977
4380
3347
1282
6340
2378
5646
7010
7512
9779
2515
4465
5340
6279
7716
7203
1489
1753
8613
3903
9494
7612
3417
5432
1793
6855
1908
2973
859
1069
8471
1039
5596
6980
3342
3097
5808
4013
3434
9556
9158
2981
3651
8992
555
2947
4018
8905
965
1082
5240
5392
1080
6623
7525
9092
657
9319
7089
1615
7480
1418
5160
2515
9627
8643
8283
3935
5339
1797
4642
2757
8882
4362
9597
5750
7584
5967
5380
5458
5964
9512
7660
3946
7852
4694
2704
2743
1421
8230
3732
595
7943
9514
317
7245
284
5134
8443
4495
6145
3061
5301
9419
6702
756
4768
9867
9706
1762
2994
1946
2756
3645
4803
512
4772
7924
7513
2507
4057
7870
6125
4654
9320
2135
3353
8729
131
4532
9339
6716
9560
2757
1120
8513
8352
3766
9681
9861
6896
4380
8918
1977
8663
9297
8626
2246
8769
6249
4304
6352
8116
2789
6378
9586
8490
9479
6145
5633
6080
5601
6880
4831
7420
9619
7563
7680
9643
3727
4426
6929
5854
581
2843
8694
3040
2118
582
5461
3390
6140
5936
2006
760
4477
7055
319
2085
7414
2856
6827
9311
7416
9819
7796
9264
5362
600
9151
8007
279
1043
1327
3163
3795
9185
7876
2988
5459
1416
466
7600
1705
7840
5630
5057
5317
901
8061
6010
67
700
8511
6918
2193
947
3903
6068
9726
4200
8340
9190
5442
8442
4003
6883
6138
8930
3184
7457
54
3235
3426
2460
3707
1773
4120
5148
9647
3469
7268
4967
5978
8582
1897
6443
1636
7785
2111
9493
3689
2626
5170
1788
643
1639
4958
6935
3973
6770
2648
5734
9888
2424
8013
8710
6356
678
4517
209
9344
6782
8146
7034
9466
8112
4473
57
1329
2566
1420
2775
3221
4761
7445
4622
520
179
101
5354
9675
1139
1467
9657
6057
821
4598
6586
3699
297
7049
12
7670
5640
7317
6864
1924
5900
6109
6204
1902
9594
3605
6576
7387
9272
744
9735
6613
268
3144
2575
6694
5862
8572
5862
9068
398
5297
9263
4235
862
9878
9354
6485
677
9197
9791
7020
1559
7253
6923
6849
2823
4267
4652
8947
385
6312
9706
3400
1984
2999
7803
8938
7923
1498
9917
8947
32
7151
2706
2972
4498
8016
4496
6239
3423
5105
3562
4623
3095
5358
5360
4809
6155
1524
8489
6789
2140
6243
4551
8525
8032
5096
9782
6181
4984
3717
4441
5334
3172
7161
3901
3025
4418
2799
5667
5501
9634
3331
7293
3869
646
5534
9963
6108
8693
3772
8264
3300
5693
8193
8752
7983
2050
7033
5660
348
2550
1169
3325
3236
439
5747
9505
644
4492
2890
1145
5901
109
2512
363
8827
4619
6728
4438
9978
5247
8618
1275
4969
6401
8467
9501
5265
1195
5526
4320
7607
405
2131
7595
1314
7508
3972
2019
8381
6602
3435
5360
3836
5016
1718
9674
5450
2358
9075
4518
7728
8333
6079
3558
7910
2936
7587
5477
6753
9716
321
6343
5607
5303
5993
1247
4783
890
8373
1188
432
1200
4685
7681
5494
7372
1196
2464
9075
3772
7886
4383
7214
8799
5131
8525
1542
8053
1685
5235
6894
2863
4804
3910
5269
4740
4971
507
9650
9260
7379
6676
5443
4253
3954
9121
7882
7262
1799
3939
8527
193
3309
3637
8693
7000
7075
4854
3229
100
8833
5340
8189
3888
8852
3948
2513
9046
2821
930
5223
2569
1469
8386
5486
2411
3837
7926
5955
3715
6905
4049
5664
3649
8355
1784
7320
1160
1128
4646
4014
1860
2924
3475
7352
4343
725
9983
2823
9277
1678
9176
8549
9471
4502
821
831
4031
8302
8892
203
3464
6317
8496
2964
8762
8401
8205
4141
5473
9075
1327
9964
9777
4077
6786
6885
1239
6298
7479
6780
4908
2435
9874
7197
4462
8763
8918
8593
5030
7984
5045
5672
7190
7206
3328
2038
3203
2850
8680
5389
7669
7409
6867
8705
4131
9234
9636
6993
8876
1642
7356
8220
1711
3965
3631
1062
3493
3927
5404
9544
9404
5012
2507
1466
1582
5315
6011
3289
8815
261
7064
5978
3551
3227
9798
7623
4359
1236
7886
7233
705
2727
398
1327
6289
2812
9251
7173
632
7930
9995
1580
3685
4204
40
5459
6585
9257
4369
1357
7995
3701
3430
8820
6199
4421
4362
2036
8142
645
9131
9005
5245
786
6500
5596
4226
9232
7247
4407
7364
7208
6045
1770
8140
980
5902
9419
17
7767
5054
8619
5040
6054
4384
1967
1651
3001
3673
2744
8182
7539
9260
8662
5624
1057
4568
5473
5841
2708
4104
71
6301
832
1829
4639
2079
2379
3254
5304
6771
1040
7505
7712
7985
2702
3657
2198
244
6710
7060
3044
2552
9892
2835
8075
3154
1152
6933
7344
5899
1735
6045
2927
7537
9552
1469
7878
8572
5967
3090
2377
8574
5028
3864
8367
7858
630
564
7402
7399
6222
8452
8212
7035
3335
5248
914
5764
7630
779
7010
2793
2194
7570
7598
8176
6033
9639
4666
8108
6752
3947
8997
6835
3441
2111
4650
5533
6647
5787
8566
7998
9738
5906
410
4766
6496
461
7089
2592
3959
7213
1059
4860
9106
3655
1
8517
4454
5783
8686
6655
9870
4940
8386
8164
551
9064
8105
9078
2445
5129
2984
6837
5179
546
5116
5908
2601
5035
1261
398
9800
6323
223
8148
2546
4967
549
5812
6192
82
8164
9184
1647
2653
1583
9075
5810
9825
552
7609
2335
2952
4897
8974
4051
1045
5260
6335
6418
5265
1408
9669
4819
6805
8619
6841
9324
4034
80
1461
6836
5437
8655
9432
5556
870
3271
9906
154
2199
7304
8296
2008
5291
627
302
6448
3853
8380
5087
1013
5616
3570
4218
8284
7339
6629
966
4894
896
4568
4643
7051
8338
8356
4755
9765
1625
858
4763
103
731
9807
8326
9742
4089
7699
462
3857
4309
1930
6763
6465
6213
4108
6689
6256
404
1283
7722
456
8127
8469
6838
1184
2354
2385
3164
7121
3665
1852
2824
731
5007
3684
992
5032
8012
2817
6585
9713
9671
9819
825
2008
8756
192
5475
2361
8591
6554
9958
4178
6707
6334
1425
3519
4168
6098
5672
899
3536
2752
1710
906
8508
8033
4384
5156
6209
5376
9517
9801
4439
5541
1657
5469
4812
4401
9392
6837
5093
6578
1830
8169
4765
706
2955
6316
4809
8979
5550
1955
9403
3492
4644
632
6276
8492
1457
493
1265
2963
5183
1882
93
6151
6751
7781
4557
2432
1304
7092
9636
2392
6358
4153
6822
8035
834
4319
2899
8438
1471
1435
4716
6744
6915
213
6863
4796
4383
8155
1966
2308
7323
6257
2758
2093
1689
6620
204
8848
4573
3773
7893
452
3456
9424
3605
243
4830
2453
5352
8035
6603
9899
886
1920
9342
5446
459
3902
9870
8625
1878
507
8394
1936
5193
5303
6943
6413
5366
8355
6685
8249
8463
1968
7189
4777
3796
8425
616
5187
3419
4345
6075
3735
2198
9545
9149
5079
9762
2416
9468
1321
289
1123
4709
7821
2451
859
6376
3782
5544
981
7541
3102
1761
6080
442
574
7511
8944
7691
1303
4971
1001
7497
9142
9826
9820
6303
3031
3043
6655
2031
4053
8798
125
2158
9741
9371
804
6854
8348
354
4484
430
6367
2322
9040
2810
3185
5752
8091
1468
8821
100
9062
9981
5471
8575
6165
5409
2482
578
600
2022
6365
3981
8669
3726
3761
4888
9967
5797
5677
4184
4900
2559
8293
4301
2990
4792
8154
1477
7517
6577
805
9355
9544
9067
9356
839
7067
1156
7396
2801
8448
6808
8557
8909
8280
1070
8799
7183
7806
600
1013
5077
3191
8234
380
1445
2606
5092
1686
8867
8496
8129
8068
2080
4259
4223
6802
2999
7387
9778
6410
6542
1281
343
538
5599
7642
5664
2279
7427
1680
4492
5141
48
8786
5724
9215
3932
8795
6369
1728
3832
9774
3022
5026
1798
3221
6795
60
8174
3315
2094
6062
7531
4337
4222
4196
5891
7272
3582
1548
9587
1856
2419
4635
2666
2443
9283
3649
3435
3847
9458
8148
6562
2145
7874
9541
1845
6384
3538
6716
5200
1007
3121
2933
2610
1425
8858
1186
7900
5517
6368
4489
1858
3764
9438
761
4668
1526
7737
523
7090
8700
3171
4501
1621
5649
4021
809
7360
2257
4631
1304
7949
5484
2504
5455
9501
7778
6550
5837
1245
7668
674
2046
2448
5564
1972
2584
3952
7062
9227
215
1426
5030
2108
1615
6857
4278
8180
991
3465
8167
9123
648
1405
2584
2470
7243
3972
1259
2022
8364
8010
2705
3317
2423
9051
5963
5107
5486
3324
9236
8652
1874
9571
9484
3872
8446
5644
8862
8396
8909
2069
6220
9124
8288
2087
3340
9554
7925
676
5278
2774
6670
5704
8067
3224
5844
8965
8866
2767
8902
2329
2242
1625
8178
2217
8704
1801
5584
2503
6864
6123
7
8250
7048
4148
9152
4842
5598
6261
8714
6002
2438
4879
3438
5271
7248
9253
9779
2185
6597
5611
6906
1816
7887
4122
4656
602
4543
7540
842
1853
2589
2032
349
1417
1755
5347
7535
7207
2650
8893
2625
902
2243
6584
5980
5854
6795
5618
1294
1782
7283
9663
6879
1618
4805
1815
9424
3005
7473
8146
671
8732
7918
856
9455
2104
668
3994
4535
5540
9874
3191
9453
6639
2304
2483
6215
1421
5343
97
573
100
9411
3201
1323
1131
4987
8087
8260
2702
9728
1417
3281
5124
799
7822
5833
6524
1342
5729
3987
8248
5664
2946
9780
4919
5351
8916
6095
2066
3760
4242
7312
1511
1158
3831
2209
8829
7323
5818
6491
771
6849
7356
3703
8735
1108
4855
244
4061
6334
6005
6523
1276
271
2040
5233
4054
8421
5514
1705
8877
4846
7503
1541
7818
8388
5014
8183
7413
5459
9464
2768
5942
908
5924
8053
1092
6073
8508
7322
2715
4578
2636
9481
9204
5625
2496
4152
44
8730
7139
4563
2704
6554
7219
2956
3550
9739
280
413
7869
9388
2637
7382
4028
8058
1589
1211
1040
3713
9913
6601
7725
867
4834
6413
2145
78
3785
3121
9456
6531
4995
8687
2123
7191
8883
2057
8299
3791
3388
2426
9461
2066
80
5059
2547
8358
4836
451
2641
5722
3378
3249
5273
1478
5605
98
9316
8323
1367
8300
6528
6506
36
3355
7837
7592
9009
6105
4243
5531
8365
974
7658
8653
3584
7630
405
1508
9872
4626
388
7718
668
4626
5840
7242
3870
5403
6733
3810
3425
4609
1178
2861
3956
787
2819
7518
5726
9984
1073
1126
6655
8473
8303
4350
8797
5975
3408
6588
2402
2568
9955
9667
6270
4352
39
2878
5945
5218
6809
9945
2687
6615
461
4406
3879
5314
1577
3859
1952
4215
9220
1372
6337
1888
6026
8163
8240
6443
9028
5464
3749
9577
5000
5280
917
1338
8061
7097
6920
5437
5535
1505
3363
648
183
5078
644
6386
2307
3498
6412
5517
2706
8153
1040
8598
512
1015
4640
8557
6269
3699
5517
7216
483
804
2874
4980
4569
7474
1006
2408
9863
5951
588
5717
8946
1009
1169
567
5819
2337
1580
8213
4900
7413
1816
9993
5340
6868
9434
4070
4698
535
816
2961
9995
6459
6223
298
3959
7509
3972
8959
3907
9031
1445
5013
4734
7821
4675
7345
7258
307
8019
4989
4523
4974
6535
4451
322
94
8032
9567
985
9473
845
3394
4083
6665
7858
8372
7977
4278
5794
3227
7803
1487
4559
5072
1083
1178
9060
4741
1364
1843
7112
6791
5292
3399
1507
499
4344
2298
1440
9302
324
510
5040
4594
6430
6443
9259
9476
3958
9054
5957
1083
7986
3534
6274
7214
202
1965
4439
1475
3642
1141
5707
6421
16
8870
3517
4590
1873
3895
7173
8389
1803
3784
1582
6935
5963
9359
6083
1874
4388
2060
9379
6025
5470
1699
6794
6383
5880
8369
5561
6096
8110
2242
2192
4165
7237
2925
3263
27
3971
8175
3086
8481
4513
6108
1577
6952
1502
5413
3513
5872
6621
1293
8466
9852
8244
3934
2175
282
9597
4072
5845
4287
7997
5793
2359
5631
98
7442
684
1074
1944
1216
9322
1236
5888
4783
1504
8048
68
3938
1314
2208
515
9588
6023
7546
91
6278
5108
2521
526
9691
762
4992
1817
4305
6380
7841
3182
7093
1814
9617
764
9153
5945
1457
9134
1471
1912
9780
8498
4843
306
4371
5211
9943
6331
718
921
6540
7776
7575
9261
4495
4409
7831
338
8836
355
4659
6519
7871
4925
3938
1285
5332
572
9866
5588
1838
4139
6176
9738
3734
1625
4543
4069
7065
3555
7676
2245
6964
1994
7796
2060
9128
9230
216
6283
5861
8022
5343
7305
8869
3741
6322
108
7253
6094
5557
2962
2199
1243
2923
5949
6655
6694
379
5298
7815
1758
2431
9413
5229
8653
9061
6264
6910
4907
2598
8808
1797
3221
3731
1160
4491
4190
1518
5487
211
9511
332
2949
6713
2690
1092
3684
184
9948
1921
5746
1465
2182
2317
9254
4722
9187
8898
1106
3153
7104
2341
2979
8264
4417
8519
1712
3725
861
5944
7770
8193
6972
3884
932
1642
2366
3858
9181
5635
6396
1407
7179
1387
1293
912
4859
900
453
4872
1501
5063
5020
3348
6706
154
2127
2772
5437
6284
4434
3104
4426
1878
9493
4926
3356
4788
4007
1726
1602
5689
5994
7442
1901
5149
1011
1872
3050
5737
6837
3523
5765
1967
9178
805
5354
5201
2098
1327
5275
1037
4148
795
4175
8917
9227
6035
4102
1484
1776
6209
3616
3153
3005
1402
3254
9403
414
4033
7932
2730
7132
1491
8417
818
3310
3022
3340
3808
2225
4012
1930
1467
3267
4888
8636
5727
1603
8061
5071
739
6006
5107
1420
8865
7466
1562
1036
715
4111
2770
586
5752
4961
1178
7704
878
2662
7244
3505
1058
8211
790
3960
5578
6375
8923
2517
3735
4541
6547
2061
2663
7570
2372
5931
3041
6595
6555
5545
422
3114
9789
650
9623
435
4783
1009
7297
8546
1110
6820
3453
5089
8007
9783
8061
5034
6098
9785
4976
633
4796
9425
9886
448
1616
591
2721
3766
4620
7850
938
1162
2940
1960
9181
2415
4753
4995
4309
5060
3044
8168
2325
2523
731
8361
8203
9265
7573
9384
894
5392
9440
5392
4895
5216
5401
6044
1646
6617
3547
4021
6238
431
5507
3384
8525
3236
948
7665
4768
9685
1063
4659
3277
2989
1184
9936
8450
8786
6842
6208
7145
1675
5368
4962
5148
8763
8406
682
4314
7179
8994
1696
4260
500
5031
5390
5001
9071
9267
7577
2712
7858
457
228
5092
404
9847
6703
8877
8932
974
3372
6806
2591
7573
4631
9110
972
3113
5916
3943
3252
526
4612
9569
5010
7489
4154
1656
8052
7060
9030
9333
7079
8852
1783
2830
3754
9783
4015
2332
2740
9124
7928
5747
1736
3607
7076
9506
4725
988
2070
4155
4907
5008
2201
8780
7778
4704
7351
6004
7237
3044
100
1976
281
4543
6491
9617
1970
2973
5119
439
9438
8179
4848
3180
2135
4848
3171
4033
4675
9124
1182
5470
9972
7243
8034
2040
2243
6958
8705
2552
2726
8495
7187
9264
1565
2477
3700
7281
3566
7652
5693
8940
9979
4260
6808
36
3705
7453
9932
9407
1969
4305
6244
5044
5214
9478
7216
8533
6696
6720
6394
8283
8092
9651
6704
5762
4803
7406
9659
248
2019
1544
6345
889
2117
5263
1780
9654
2047
4124
3447
5529
4887
31
6619
1557
312
3252
483
9174
8110
6695
3004
6369
4578
4105
6466
6343
7750
5923
2487
3037
1103
5741
582
5223
1745
4503
5500
3119
1227
1874
2323
8919
7129
5162
6941
35
4578
9622
2965
2700
3370
2501
1749
6452
1521
4619
9382
6367
9250
6588
3761
388
7861
1300
5039
9707
9130
9489
2931
3315
6531
1000
4933
6181
4358
1617
9859
4730
4905
6245
2263
1930
8545
9245
8302
5258
7153
38
685
3311
4120
1539
3486
731
997
9275
6991
7925
8927
4180
9016
2170
3526
650
9183
1496
4134
2984
3910
4155
3619
3268
2498
4987
5165
2591
5958
1866
4153
3466
5237
8618
1340
1850
7953
4424
8114
864
7925
6963
4846
3530
3538
9341
3850
9093
9239
1711
5597
773
5534
4755
822
475
1190
8695
3523
1915
1077
857
3687
4945
6235
1427
1431
840
3833
8018
7175
8781
5998
6821
2054
8792
2414
5081
452
3000
3358
2705
2867
8070
2995
6394
9881
4021
90
4545
7377
3667
1901
8452
9093
5372
9180
3155
7081
6174
9878
5576
8250
8404
8136
7528
9018
4585
9421
2428
7693
1712
7963
3750
3304
4350
3269
7899
2383
7940
4486
289
4419
7897
837
6931
4896
9859
8055
3647
8264
9388
9197
3306
7057
2397
158
3912
2955
2377
5384
7834
948
5231
3852
8159
1779
9243
7610
762
7521
4329
7491
4841
2591
3920
6162
8377
4211
8803
4736
7436
7125
9811
6596
735
6123
1348
2851
198
6574
2681
9855
5209
2463
392
3237
5722
7327
903
1204
6058
8000
7645
9855
294
3247
4784
7306
6350
8340
686
1465
1230
4376
6787
1927
2164
1131
2951
6915
9751
3120
2462
232
7051
8095
6530
5556
8641
5246
8189
4286
3337
1772
4821
6076
5091
6118
7411
2806
5703
6679
3120
666
7722
25
1198
8590
4237
6517
9648
8814
5425
568
9536
4572
1984
8851
2841
756
6898
8646
6615
8739
8358
2313
5119
6491
2846
1089
4503
9191
1683
2266
5482
6401
8804
8594
9899
1786
9322
3545
6173
2923
1123
6689
6134
106
4778
4529
8082
3144
638
7363
3167
4851
3172
8145
9205
742
2412
1931
3355
3628
7779
1696
7463
5679
9889
8185
5951
2479
1847
841
7007
522
311
8389
2663
7856
9238
2028
810
1346
652
3817
3841
4472
8322
6362
308
2061
8932
5734
4770
1888
9352
8002
7772
4696
7150
4470
4230
8188
4439
7315
5353
1703
7808
4547
7306
4742
4867
5865
6107
9724
3658
7538
574
6471
8147
4314
31
9962
1504
1738
6457
1072
3517
5150
6514
3771
2944
1616
6248
7875
5710
4354
5937
6606
9153
8685
9466
3608
2383
8936
3836
8184
7316
2068
818
9841
9965
1797
2020
515
119
1700
827
3980
7348
7137
2629
1407
3584
1139
8550
566
3965
5445
5335
532
2350
6698
6126
5842
2528
5887
4084
8653
7087
5002
5043
2325
7967
135
7744
3370
3623
9105
5497
9189
1942
5371
4179
1139
9955
7841
1815
1163
4678
8815
3637
8525
7199
4552
4750
4897
1874
1663
7905
1342
2383
7056
7980
5951
3221
1046
6874
5
9616
3950
1499
6082
469
3027
2687
9487
5523
9540
5875
6970
4566
4800
9901
8494
1758
8759
9557
2362
8590
2672
8154
2082
5768
3968
2765
188
7822
6624
5221
1107
4381
642
9194
1147
7947
7426
9428
2321
4173
2013
6576
1474
2256
1426
5727
9663
4592
5478
5008
8188
1905
3089
2826
7982
5390
4879
6297
2003
8106
3205
9254
8451
8370
9668
5022
229
5743
4645
4875
5771
2178
2787
2413
864
2773
9747
6207
6217
9777
16
801
6160
5118
2636
5305
7829
2736
3545
5009
9935
6215
6652
8471
6617
3426
2533
5743
1340
9941
7501
3660
9983
1820
3200
2546
9927
2000
7966
2682
4482
1411
3557
1822
4435
6161
9575
2687
2351
668
7725
8033
1075
1551
6262
3012
5329
3899
9104
1484
418
6092
6926
8285
8809
8721
2650
7293
5758
4412
9422
88
7204
5656
1669
786
4864
3591
8635
8059
8770
1090
2599
5380
5957
9705
752
1111
574
2618
7102
1279
1174
4080
1375
630
7634
4330
3825
524
7774
4451
5055
2687
2506
3759
7665
3224
5462
9270
5549
7755
5384
2936
3796
1431
6624
4290
4109
4727
7411
9865
2168
6242
1488
9100
9249
1542
7401
3026
9906
2300
3984
6245
3840
4760
9547
5077
433
494
3750
2796
781
7105
5725
5924
5652
7136
4579
9046
6590
4680
5273
3636
5691
7044
835
5267
1826
7164
8410
5731
467
1981
202
5315
7654
5525
5715
4660
6328
1600
7077
3445
8058
2412
1551
7459
2916
9644
1249
8253
4382
4539
4733
7602
8626
2658
6209
7496
6573
4497
3562
6846
9281
452
9423
6639
5577
1150
5970
5142
9175
5861
6568
600
5606
3120
738
5644
5217
2098
9627
5924
36
6556
7652
5166
9326
6090
100
2137
4687
9286
359
5880
9506
2881
723
4391
7767
2156
9638
2495
8561
1049
277
4285
815
7043
4170
5817
1411
4315
4100
1219
5709
4623
589
6394
3727
3402
2991
4672
6501
5053
8685
1918
7295
4854
6392
3519
152
4809
586
2033
6564
6016
95
1514
512
9626
5387
2630
8232
3969
2963
8408
4675
5529
5092
6427
7001
5563
4241
2884
7668
717
7343
7696
7955
600
1462
3202
3819
4639
8502
6443
3240
6965
5508
8601
9832
1437
1601
2244
5656
1949
9425
5239
6192
4803
4340
8316
7522
1613
7538
6855
6832
2845
4515
2435
8888
4766
9666
5502
8570
5668
305
6992
2453
952
9337
8381
7269
5304
1175
4038
363
870
7878
5523
8097
2546
2536
8738
2379
5964
6884
2048
357
3748
6970
4423
8692
1761
2872
7797
9219
6091
2193
8188
1623
1217
7849
6829
2736
6733
524
1625
1022
2788
2899
2907
6441
3939
1825
1991
2830
8440
546
4503
1574
7480
7196
1065
8317
9420
2235
841
9380
4797
9771
8906
4255
4708
5618
1723
2175
4661
2282
7953
90
1
9477
7982
557
4075
9963
171
2461
9799
5352
2810
3398
9000
5521
5254
1065
8168
5636
1799
8236
3999
3971
3292
6195
3387
8649
4080
4205
5715
6763
8246
3892
543
953
4219
437
8465
781
5467
308
9498
7123
1395
3406
9507
3433
5994
8527
3657
7511
3839
9040
8386
7212
5262
61
1614
5785
7509
1260
2084
457
2037
1021
6991
3899
5466
1724
3702
8408
4655
5486
5498
812
5279
1673
5951
1230
6668
6122
7797
862
3646
439
8039
2818
5828
1879
1598
8168
8869
4190
6260
8954
8962
2306
6292
9666
5634
6188
3490
3093
4727
9668
9867
9996
3765
9602
552
132
6048
9614
9266
3734
1846
3560
6829
2213
855
1462
1649
4595
430
9371
2025
5217
3804
3292
703
8046
8011
4245
8139
5793
3227
9573
2448
7238
9259
2252
5409
7300
6146
8297
2113
8963
1740
4434
6790
6377
9061
4794
3920
4826
9064
6515
2636
2198
5141
3406
9875
224
6479
9495
6042
9181
3001
3269
8775
6664
4589
8750
4560
5012
8168
2975
7664
2717
3070
9811
4602
2759
544
31
9559
9529
152
2015
8995
9960
1686
9576
6269
6237
5111
2441
5559
6524
6865
1619
8715
3296
9449
7988
6624
835
2626
3935
732
2232
7471
4700
9330
3912
2156
3249
8909
8499
7853
3551
1855
5233
7962
4772
5913
9555
3266
7371
7947
7410
2270
8766
9364
1439
952
3518
7782
7223
9620
8767
6805
2193
6457
7403
7560
2115
5189
6887
1661
3223
8708
7067
3524
4406
3251
9675
4953
7793
9471
4091
7575
9325
2868
140
3838
6502
9833
5142
913
6695
9081
3128
7805
1369
6788
1130
3541
1705
62
4154
4498
7748
5340
9523
5218
1911
6262
8230
1372
6380
7223
5406
4820
3811
7273
8748
2030
9293
9565
2527
3444
901
9941
5689
3135
5662
6018
4303
4449
804
5216
4949
1907
542
7464
6900
3204
307
1035
2870
1300
5589
7537
373
39
4800
2637
3111
8493
9668
8741
9502
2552
3256
346
4447
3323
6986
7857
8185
6522
8946
6159
8114
1679
3191
8396
7245
9843
2282
6785
6865
262
2236
2419
4745
7551
6110
3515
1275
8778
9042
8686
3183
999
583
8363
5711
622
3491
2206
114
849
5561
1232
5283
1969
7976
1302
1559
1177
1164
4829
2994
4351
8454
8662
3110
3991
5214
7489
9058
4342
4767
9987
4381
7081
995
4384
9851
7206
1432
3021
345
477
1351
2983
5433
5264
450
9866
6729
6416
1416
7005
6712
5770
353
6500
4999
7266
6387
5835
557
2153
1602
4263
3712
8592
6615
9240
4210
5809
2043
9662
1050
4259
4731
5547
6692
8742
7160
3666
2498
7632
6742
665
7717
6568
1744
1032
9830
1119
5942
1796
5219
8491
8100
6571
586
8828
5813
4160
5596
1558
4645
8249
6843
2001
9863
7404
5088
2150
2945
9989
6367
9856
298
4556
573
371
7288
5641
7662
4444
246
8182
6035
7228
191
2968
8271
4193
1388
3141
1919
1335
7132
5712
1407
6500
3247
5197
6102
5405
9632
5321
1172
8706
7604
6332
2306
627
7352
3873
5079
6056
3544
1140
3871
5739
8586
1754
3963
6219
2115
1597
1823
1771
1805
1039
4637
1385
2775
5507
908
1124
8173
5818
322
8774
1224
3557
5365
4881
1969
3386
5824
5340
1282
9131
6087
7440
2949
6745
1942
8311
6079
500
7350
4830
1792
8317
5489
3989
8969
9061
8155
458
9488
2085
9568
2779
9466
622
266
3969
9351
6572
7540
6214
7030
3126
8523
1989
7492
2804
9752
1275
1931
8531
7659
9597
1059
2718
1303
6405
1425
7203
7827
3288
3775
2712
2308
9467
106
8641
3849
6825
4509
8359
7084
3751
842
210
5203
2176
6503
255
2935
1187
1724
3731
8723
8576
7554
5696
4553
7
876
7255
3743
9715
2408
7111
3389
1311
3366
7961
192
2753
9973
8386
6708
2193
1360
8586
5244
380
494
2221
8623
1139
6175
9702
8525
2061
2060
1414
1735
1785
7755
872
9384
5866
9566
7337
3865
5915
3960
6876
7492
4120
3978
7249
9496
3329
3220
4724
137
7648
9863
7677
4137
3179
28
5498
7769
2460
7858
9696
3627
7583
8760
7778
3131
6463
5517
6768
7390
1720
8110
6074
2064
1927
7624
674
1787
3607
5614
6108
9072
1963
8415
5511
1711
2267
8494
2737
7211
7386
2715
7049
7966
1946
252
8559
603
5165
3335
5105
7257
8927
1978
7671
8237
1754
948
1781
5973
1810
926
6466
9231
5324
6349
5841
6626
1681
5698
5279
2065
1072
3082
9862
9971
7628
2530
5579
725
5594
1755
9780
268
6257
1508
9052
2149
2600
1780
9823
5785
261
1830
6362
7744
1582
105
1569
53
4362
4549
7393
1516
7975
2011
9810
5818
4734
9457
5488
236
1504
5304
7358
8970
2129
1638
1610
6900
6138
6550
7148
7079
3671
6851
6596
4606
2040
7420
5091
8535
3688
3301
9390
54
7762
3169
4073
346
4503
9735
8574
5943
233
8534
7763
7061
6908
5272
9997
3678
8820
7394
473
5771
440
3393
7314
4519
4998
3092
9348
7771
3490
6623
4909
9691
1607
4058
6798
640
3784
7099
1403
9644
8659
1621
4305
2108
7391
9891
36
4914
2815
8460
9404
1886
7864
1808
6016
2626
9490
8961
7748
5158
2863
148
539
5662
5475
535
9075
4728
6401
8645
8877
1270
3671
2016
6608
832
7092
1637
2140
7506
3053
8968
306
5892
7047
6558
195
8746
8224
8857
9950
8233
6429
8903
4418
51
6921
8699
8030
6825
781
4353
3943
4930
3732
1067
4256
841
9561
5202
8924
357
8581
6640
6068
2125
7396
9366
6388
4241
9945
9145
9264
5643
5931
9027
6673
6872
672
7105
6463
6160
7205
5411
4155
2137
2090
3153
3634
1282
1133
946
8052
2837
2017
7396
3555
7201
1437
7202
6059
4465
3802
6165
1239
229
7448
6627
5054
244
3516
1444
7811
9417
3327
5115
8667
9039
1989
5104
5785
8111
1215
7767
237
8957
5016
3949
6479
9949
6760
5845
7477
5991
6822
1772
5575
7259
2829
5379
3970
1639
1677
4436
4052
8505
5862
7679
1458
4557
7885
4132
292
1708
8376
9705
5685
1083
5838
8260
2833
3729
9020
2876
4611
4414
8816
3647
628
5746
4152
9540
5763
6685
4314
6009
8462
6060
8870
6770
6909
7844
708
9301
7973
7301
2813
1821
1177
2428
765
9355
7215
1880
3364
42
5960
1614
6510
1277
4806
817
5557
8188
6857
5671
6856
2349
6903
248
50
4191
7636
862
1941
781
9298
6740
9980
6148
5732
964
4213
9127
9411
2494
8751
9190
474
5962
1827
5776
8409
6859
2870
8383
2453
9745
5786
6395
6685
6452
7708
4910
9374
8327
3648
6711
1922
365
2652
8671
5505
7798
6558
7663
4196
8238
9719
6938
7868
8963
1171
9789
945
102
8808
1668
9884
3781
9799
1219
9810
6776
5243
7512
8150
5744
2839
8342
3725
1968
2402
5486
5009
9598
6919
5423
4114
9568
717
4870
5692
1460
2625
8221
8360
898
4116
7518
7698
1590
8241
8189
4184
3365
4126
1341
77
6128
4088
8160
9931
7612
9456
9059
922
4232
5738
8099
7007
1366
806
8012
1286
480
2599
6066
2731
8257
7087
1417
361
1867
4264
3383
4833
4946
7618
6608
7082
2729
8503
5757
479
7030
3243
8725
458
6911
3385
672
8145
6856
3890
756
3284
3019
764
9538
712
9214
698
5341
8549
5412
134
9214
4710
2565
302
1040
3030
6056
6435
3078
3426
6002
7619
9654
4796
114
4136
6579
1631
2316
7132
6705
7774
3306
8100
4145
7601
9355
2498
9662
3640
3122
164
5801
4956
7525
7584
5244
4328
6031
7844
4296
9632
7838
1202
2283
7067
1174
4992
862
4511
9159
1688
2892
75
6141
1638
9314
4690
9726
4659
9831
6740
6316
9426
228
6177
1462
5597
1505
1611
3173
9495
585
2806
342
2501
9765
2017
9441
3544
3811
1037
3608
2339
3619
5737
6941
1463
196
7486
9818
5224
7397
5901
1379
9987
2193
1304
4562
8944
1199
1989
9044
6709
4134
4986
7306
6926
179
7577
7354
3345
4899
844
4819
8628
9847
4814
5910
901
8829
5296
1054
4258
960
1109
6549
4618
8629
1004
8675
6950
6355
3162
9663
5615
949
8581
234
1264
4619
1324
5787
3682
3616
9423
8260
4965
2091
625
7659
9073
4062
62
4587
3936
5943
5148
8349
9742
9082
1573
8091
4339
5493
9170
1749
7798
9463
2193
4728
5021
1078
2771
1214
5949
8589
3705
5555
2422
2560
6459
9204
4189
5555
9575
358
8564
2339
4768
7068
4995
6587
5549
5288
2185
485
1073
1295
7619
9392
659
33
6731
2201
7391
4578
829
6536
1614
4935
3471
4626
7094
9948
1982
6093
8874
6026
562
812
6960
6342
2328
6802
4652
4251
1968
5248
7119
8448
9024
932
7538
6795
53
7714
7191
8428
8120
153
4962
6533
3137
215
8053
1265
4887
780
4092
6157
138
8040
2446
1184
960
7864
6208
3570
3878
8743
1207
9077
4930
2824
7303
256
2092
7481
8387
5194
5354
8028
8112
5877
7718
4362
3711
4401
3580
9687
8732
3406
4716
577
7361
3372
5456
753
1925
9326
8108
6628
8092
9419
329
1084
6249
5719
247
1390
3670
2761
5734
1681
5541
925
7454
4220
3301
7244
4988
767
523
3031
7799
7422
2851
8245
5973
7349
5998
1542
9338
6568
6287
6273
2101
1951
45
3665
9794
6025
2872
1277
457
4808
5221
9081
4583
2050
3979
5908
1080
2286
5508
3456
534
682
1860
9018
1232
5623
7883
2869
9880
8360
4879
398
594
8265
6661
8298
6645
1097
3934
9798
5042
3651
1674
3
1581
3579
9350
984
2464
2359
6727
6931
220
5425
1184
9123
6168
3383
1226
1188
8833
2822
9243
1186
8064
8103
577
3068
1299
8819
1119
5097
189
9765
5253
3821
1958
6700
4959
4053
544
56
805
4133
7202
5950
9285
5954
6
1519
9851
771
5757
4558
1987
1044
9280
1989
1953
1041
1800
755
1289
5473
9377
8842
8472
1167
2882
2158
2396
9449
5025
3638
6275
6664
4599
6623
5448
775
3528
3178
8851
430
3288
1938
2257
7376
5046
8333
1642
8362
561
4773
8118
8415
3804
9201
7974
2965
2573
5631
5182
8312
2157
4942
5195
1816
7809
3891
8096
1310
3816
2788
2612
134
6147
6122
5150
4138
7998
2104
8795
9700
7205
1397
9372
4421
3198
1657
180
5869
8247
7710
7358
4139
1894
2789
5783
2174
8540
7023
5720
1919
4588
7230
4928
7275
325
8429
8035
2015
2781
8494
5753
7362
9472
1652
7535
6848
4829
9529
9306
4296
890
1264
9781
8982
1081
8364
4865
2320
9092
6070
3950
1083
8292
9044
5118
496
5779
3257
5387
3198
9535
2922
5565
1316
1116
5708
6433
8271
6869
1139
8990
8023
8090
6670
1586
1489
5570
2508
3492
4297
3253
3227
8978
2290
6480
2261
7803
5118
5776
2718
5783
9984
744
8329
2
5679
3669
7810
8524
7394
6142
4642
7431
8465
6155
8860
3963
8184
978
25
5255
2313
1849
3189
400
7033
7593
3059
6037
714
9974
6609
4053
3235
767
942
4852
2794
3540
4704
6461
9885
7477
7568
784
7592
8935
5010
9767
8947
7612
7733
291
7865
6120
4250
7376
5775
22
5798
1665
3134
3548
9714
1433
7102
3325
805
7257
2644
994
3959
3187
4506
4471
3108
3630
2872
6354
8115
8791
6338
1396
4659
2872
6179
6797
885
4130
3629
634
8110
2446
466
8681
1203
1727
2013
7690
3318
7168
5156
3520
3775
6144
2698
7185
2101
4027
8207
6751
1599
4595
4763
1180
2161
4691
6548
5261
3632
6994
8178
5839
4068
839
2955
6446
1550
8817
776
1279
8378
3900
6871
2600
6233
372
9104
1961
3177
6939
4579
8005
4190
8462
3343
2886
2685
7796
1493
1151
4283
8282
1478
7052
4137
1665
8314
2922
8466
5759
1403
9905
9207
7899
3866
6584
4075
2244
8900
6670
5037
3103
772
2716
8147
3535
2224
9537
7461
6300
2077
1521
3072
6229
1212
5296
1583
7438
1143
8451
1334
8187
7467
4209
8041
9194
4773
838
3985
6397
4259
9651
4666
835
656
1505
6662
3131
9588
9391
2833
3388
8754
4679
8404
4704
7581
2119
6114
137
6470
7979
7047
402
5432
8338
7549
6993
7217
5689
7865
2284
164
1359
8153
1411
8708
2919
5000
9236
8591
9307
5575
3692
1003
228
6065
9106
4520
4628
2024
1413
2386
2
2879
3383
5125
1466
7956
463
1756
5117
3494
2839
1094
404
8767
4158
2875
3725
5834
8640
7436
8623
8129
3480
6481
2791
4513
5229
2307
9292
3451
4623
4998
1435
9953
7473
8292
1309
648
9352
249
3078
3939
6776
3161
3439
1867
7062
8941
4144
1540
1011
9654
9275
8051
734
9577
1
3315
6323
3873
5888
2127
8133
2195
2447
2229
7347
541
4767
8130
3210
3426
7936
1880
268
2981
5731
4717
3611
2043
7630
6533
5853
3451
2705
4498
6356
4699
7805
6660
6322
7291
3740
172
1580
9368
4558
2562
6700
1459
9825
932
6144
1097
7080
2698
2804
5107
6660
4164
5489
4120
1065
3007
5605
1532
6463
321
3192
737
7165
7548
7037
9144
2527
6054
1939
2673
9419
903
7184
284
3451
4935
8088
9807
8436
651
18
4234
1159
2142
8111
3767
6905
4525
3214
7104
1720
4705
1131
2837
3715
1836
5931
6561
7730
735
7768
7692
5150
8627
9606
9958
3066
9811
1905
2666
3374
8656
8628
1087
7198
9917
6864
8146
1971
4176
6217
4500
1704
6854
7023
71
8396
6770
8391
6301
9470
5447
7652
3662
8412
8699
6588
8821
5964
5249
291
6725
8872
658
6251
1604
3147
673
6893
9781
7200
7102
4736
9916
345
4085
4017
5135
5374
3081
5123
5243
8939
327
6702
9483
1295
6499
6564
5998
7965
1821
5671
6395
317
757
6229
1273
7732
8340
8172
9100
4403
4065
7612
2040
9695
1676
2586
476
1033
5090
7198
2371
3214
9470
7787
2773
1017
4232
4757
5285
2810
7000
4655
4818
1045
5416
9452
7616
730
440
4655
4044
9372
2004
1049
6446
2028
4889
1626
901
254
7599
7267
6151
3486
2458
531
1584
8289
3771
7055
852
3197
251
1295
6054
7728
3560
687
2111
353
7770
1833
7262
6298
1530
9373
1312
942
3506
6744
8184
2042
3963
6332
2191
3003
3676
4981
4179
1406
4972
4577
6673
55
6894
3834
700
9911
8919
6104
6717
6242
9372
3018
8493
5333
3297
2151
2262
625
2909
8668
5265
8225
3057
9517
7706
9171
5541
3422
8809
6604
6120
6347
6151
6915
4553
9278
2319
6110
5142
9110
4894
2955
3746
7749
9000
9872
9874
3021
658
4386
6912
6934
7397
4559
9347
6169
3747
1140
583
7399
3236
1321
2717
6311
4887
8102
8857
7382
3623
8475
8356
1986
8244
3197
5176
1641
548
6328
565
3499
581
4373
253
2010
9138
5338
9243
566
4208
4869
3120
7555
2943
9732
3084
2170
2448
8119
3348
3124
9347
7577
8284
872
4479
4738
3778
9508
2585
4629
4047
5865
3083
6033
1297
9076
9151
7557
1743
4847
4219
5068
997
2977
4449
3610
5968
7603
6611
5970
8539
877
8064
4730
4540
9335
6015
4290
3766
2706
9833
527
6849
8961
7907
7788
4305
9248
215
4563
8215
4576
8403
1663
8436
7702
4378
1462
2056
3161
4750
9992
1659
1464
3067
1962
9590
9858
417
7023
6002
3349
4099
7436
5105
9900
457
7371
4203
9216
5928
5208
8681
442
509
8952
2555
3192
8712
4718
1958
931
7253
1661
9755
2598
5901
6601
5823
9818
337
4754
7158
5724
2803
723
7892
6405
7407
4471
803
1491
4516
6548
8647
3071
3947
1723
3959
865
2852
5761
2854
1402
2463
5331
7252
6174
3780
8646
882
8123
2104
1431
3243
5488
3188
5726
7381
7096
421
917
6890
881
3527
1052
2293
5185
8755
7677
299
6085
6477
9796
2275
159
6744
7276
2301
6568
7424
7072
9891
1478
1739
9562
398
7145
5555
9902
3062
4021
2457
6183
2981
7510
3685
178
3156
3004
2425
9161
3950
1785
4058
6403
5626
1222
1157
4116
4456
5987
8067
233
4887
9635
1951
2133
5387
6794
9832
9649
3858
616
2789
1754
2078
9400
9271
5567
6887
5536
1537
6998
779
4589
8441
3673
8482
3405
875
4887
3203
436
488
2607
4347
6811
9539
399
685
6894
4368
8864
2989
7033
566
4893
7986
4005
8965
7037
4358
5827
1210
7946
3979
8674
8885
6283
6728
5813
9045
8338
1920
42
5937
9303
8832
4379
8167
8381
1746
2341
8426
6497
4268
3851
8974
490
1819
7367
2635
4784
6191
2195
3606
7822
3855
9768
6824
810
4578
7430
1520
3278
1196
6857
408
6013
8358
9729
2771
1569
7757
610
5233
505
6996
8240
6033
2792
2720
8427
2810
8485
1892
3662
9946
417
9093
4603
581
8836
5766
361
8943
9727
1822
9974
5778
911
4057
4801
2119
6898
4283
2423
4687
5002
5048
496
3918
5960
2872
8532
5271
2137
1081
5276
1079
4332
5467
3303
9761
2415
1221
8974
5068
7608
796
3534
5586
9607
6427
6148
5538
4664
1675
4191
9753
3972
8450
5531
3643
4201
5956
8261
7605
4278
7917
514
2971
1393
2381
7677
8802
5401
9090
5085
4063
3506
1099
465
3355
9295
9887
7608
997
2652
9244
2540
2587
8080
188
6322
7540
5773
718
2174
2205
6738
7273
4557
4855
7872
7418
3429
5994
9678
1890
1423
9360
8333
889
707
9470
8930
9562
8370
8984
4427
6399
8495
8581
5941
9813
3271
4363
8923
8481
5139
6422
2140
5535
3558
659
4407
7354
7113
7369
7536
5708
6451
5660
6958
9945
900
1755
710
566
7919
2918
8569
5320
864
2577
9715
6005
1350
2036
2502
7700
3008
9398
2744
638
6949
3777
4846
3076
7263
5485
3004
1519
3270
3302
6736
8027
9899
2042
1003
5576
8184
3956
7950
9542
2121
7915
9454
9058
2331
3190
4579
7958
5201
287
265
8953
5344
1116
11
9293
6849
9294
2765
8608
2351
8065
9726
9959
2207
3296
8230
2749
1597
3757
5914
9481
2400
7944
6802
5271
6877
8898
3484
8507
7971
648
6691
6682
4753
5551
1360
6885
4787
1011
2714
5150
6932
2857
46
3915
6200
7667
833
6351
4278
1001
6982
2089
586
9013
7926
9747
683
3838
4630
9524
7431
1764
2143
8687
9503
3761
7364
2359
8215
1995
7813
7232
411
4484
8016
2242
7804
4451
114
9050
9047
7550
1329
5786
8972
3456
6795
3363
1825
1312
4244
39
6485
3504
3247
2380
124
804
8026
1455
4472
8390
2997
3131
1752
2025
3221
366
318
6560
5412
5856
6624
3718
9680
1870
2466
9886
5153
5189
8956
455
2575
3637
6714
7324
1966
4754
9426
8197
4845
3966
8512
5256
1633
3857
7128
1768
5779
1611
7727
2979
5803
5123
3299
2859
7292
8108
7635
4235
8020
7823
7424
4982
5240
1273
5871
6845
2520
9969
2246
7189
5255
8219
859
6125
9235
5544
5085
8887
1919
530
5615
2809
2388
5329
8194
6565
6057
7368
1631
7655
2759
2883
664
4884
5278
1598
6497
1430
7592
2000
8045
7815
6192
2154
7872
584
6044
8227
8965
1365
9590
4236
6224
8580
1127
1060
8874
9431
3566
7295
1181
1134
2814
9335
7473
708
2673
403
3374
4589
9054
9024
6110
5976
874
1459
8700
6837
465
9278
7544
9675
8502
9606
5916
4814
138
2615
8006
7299
2517
7997
4687
3255
9033
1125
2802
8719
7214
4921
1287
5578
6068
6730
2557
1574
5678
7255
813
2737
1685
5492
9595
2698
4091
8124
5316
1993
549
2508
2501
796
1696
7739
8188
6065
3627
1960
9104
1242
3555
9628
2647
6508
3134
6979
9695
7929
7908
6290
988
9839
5750
1743
6833
3666
971
3237
9072
3088
9379
4728
5115
226
2868
6740
4926
6861
1614
5771
2570
9728
7537
857
1555
5791
6973
4187
1390
2975
1763
4430
2984
4329
4103
1677
3366
8629
7608
6151
4058
9886
5918
6954
8196
3279
5027
8492
3504
7698
2039
5775
3803
8829
3845
5868
5217
4602
5699
2236
6295
9522
9419
397
1827
7171
3852
8178
2098
4718
652
3538
4052
2562
1774
3693
8907
9816
6375
7249
4629
1215
6301
2018
7037
7598
1554
525
2741
3667
7200
5828
4939
4345
6011
6105
7950
4445
607
4554
4127
8556
8762
6803
1131
7614
9638
8105
1196
8020
6317
4962
2687
5879
9854
6127
3302
2468
6490
7372
8519
4648
9984
1433
8234
3931
9725
4034
6237
4661
9761
5817
2050
3059
1438
3051
5057
4391
5968
10
6396
754
6162
3856
4884
390
76
3909
3158
9113
6340
189
5699
5269
7779
4426
2724
840
3302
4947
9644
9899
5437
1321
1295
7542
2036
6131
1690
6500
1316
420
7533
7691
4561
8382
1653
8606
2377
3996
3883
6816
1519
2628
9873
1996
8271
1760
155
1972
1672
6823
9431
99
2207
2231
9575
8621
3301
2407
8228
7953
6763
6682
2286
1162
8960
5731
6240
1950
5295
6521
1002
731
7279
865
3040
1779
3748
1120
4171
6208
5315
5205
7086
8249
8036
1132
5824
2840
8641
6113
4593
1617
7692
1121
5368
4166
8021
4324
4460
5551
6958
6310
2930
6089
8564
5606
3245
7722
6695
1266
418
4586
7686
9457
7555
6056
1342
5408
7708
2163
1820
9924
9656
2347
9743
8659
1069
4406
2188
6791
6331
7274
3794
5298
8508
7044
7836
1071
1575
8967
4914
29
9650
4218
557
2771
670
5924
3273
2739
4029
8327
4250
363
4576
3107
6563
3450
7383
5520
4458
3568
9462
5989
9630
4355
878
5401
8441
4676
2702
6443
5791
7249
493
8712
8126
6078
8157
2340
9113
5319
4641
7237
1803
2430
1658
2723
2365
9439
5713
5480
2436
2261
6424
8810
7877
1634
3061
8441
8535
6688
4987
378
9462
8719
2566
8451
4182
6823
8487
1747
1180
1426
4132
3410
3763
9671
591
6482
7152
5725
7568
4960
4612
7933
3904
6173
7741
6609
7445
4407
6504
4569
2948
1480
2267
6114
6630
5874
1530
6079
4270
6487
5918
1681
3815
6265
9665
7960
3774
2436
8310
7315
7530
3133
2430
2041
6127
880
2584
7156
3733
6423
1327
5086
9937
4952
4962
9683
9823
5740
7231
1469
1995
740
6570
137
9722
8539
6161
8629
7376
5133
3293
6711
3118
3516
8717
8111
402
3205
4870
1698
7877
7273
7102
4798
1910
6656
248
6692
7303
936
5858
9165
4799
4243
7683
686
6290
8152
2935
233
4114
3255
4311
7807
5648
1
77
4922
6049
1349
8149
8541
1146
6282
3980
7054
4892
1961
680
7970
9325
7831
1940
3731
8420
9225
5172
1751
1780
7495
3679
4095
8794
5996
124
9801
3158
2374
2488
2221
7264
2519
5701
2253
8104
6178
6152
3130
4520
6054
826
5298
6274
4894
316
8991
5604
7807
9117
8168
8297
8968
8274
4968
9664
8093
7755
8708
556
6690
3109
6213
8684
3215
709
8689
8958
5130
1242
5015
7180
1050
392
6956
4074
1453
6888
4184
1539
565
9086
8316
7774
58
1585
7494
7243
4901
4811
770
9798
6467
5685
6705
4162
5742
7229
2431
6100
3278
4260
1999
4305
7312
9909
3357
4819
5957
6611
1051
3785
2423
4240
9849
7823
37
5114
5914
2548
3167
770
4685
5262
3260
737
1139
7046
9636
6410
6275
3459
3665
7047
8203
1108
1437
7591
5923
1453
8347
4118
6575
4141
3514
6157
4920
1548
5498
7488
3467
5433
5644
9220
7194
1988
7132
5772
8012
8523
3839
2334
631
2413
542
955
6662
7727
7965
7947
5589
4023
5857
4295
7966
8917
2688
7442
5606
7797
3385
8651
5253
1915
317
8968
661
7878
5130
4497
1168
42
7359
7448
1765
1331
3846
6269
8995
5140
577
9045
7864
8927
8912
9395
5164
7150
8171
3051
4429
3865
7953
1151
4947
819
7260
9495
1257
1797
5411
194
3981
1593
8276
1444
4230
3599
2457
5776
666
2254
9773
8418
4398
3365
8657
2232
699
2834
7057
3143
3855
989
2972
4546
6330
1410
1368
6245
3684
2782
350
3674
3871
588
2983
759
9813
9761
6393
9723
5924
6672
9917
2810
5124
9968
4574
9465
4868
8839
877
5056
9359
7027
5939
4039
3696
4255
4555
192
2905
5273
2452
5688
2205
5452
6764
5660
3633
5444
1215
4989
3083
9381
7687
2982
365
5903
7014
3303
1030
4568
6578
4003
8619
7215
3241
2420
9891
1653
4687
5529
533
5185
1517
434
6177
2731
8753
690
8387
8303
2425
7474
6660
9952
5113
4998
7420
4215
3697
9475
5293
2007
8032
109
4537
9863
3163
5039
4937
9817
9178
5872
6973
7790
426
4267
8052
9492
8143
9296
4053
6703
7721
333
3904
340
9092
5055
2574
6819
3157
1330
1054
1722
3056
4408
5893
6946
186
9952
7710
1180
1308
1413
4701
2073
9579
7734
4410
6746
180
4109
4736
2471
2206
5468
6918
7218
7703
484
7828
7671
8717
4792
7598
3976
7663
4590
7627
2616
9637
1004
1461
2711
4635
8303
4891
3562
9301
6863
4896
4385
8162
1238
5762
3666
3367
6532
831
8170
2059
832
1520
2528
8939
378
6865
7974
2991
6629
5151
4247
9296
7596
7197
8471
94
2844
5597
3949
8873
3409
419
7114
5064
5919
4562
3186
8215
1783
3135
620
7182
8113
5561
3769
3094
7502
4916
553
3045
6312
7383
8233
9407
9173
2463
2353
4401
4103
1419
6287
6306
8235
7894
5033
4264
6335
6399
2752
4024
1604
1795
4639
8087
4336
6384
8375
2185
2862
8960
3951
1679
1042
4702
4363
158
8384
1641
7601
1672
8657
4261
3394
1628
8531
3104
3528
5268
7676
8759
4735
5720
4008
2857
3968
2369
3126
4728
9410
7308
2787
8245
9015
7647
8205
1174
935
2636
5716
8933
1494
8772
1628
3765
8882
7078
2485
6765
296
565
1070
1858
5565
2048
75
2647
328
1252
698
4772
5119
5373
1789
2142
383
5435
3428
8999
7920
2050
6485
9374
5463
4206
3923
7708
8172
9861
8709
6360
5757
1764
9470
7110
1498
5395
216
6208
7641
4457
7346
2553
8857
1808
7748
6211
5843
2749
6570
5044
6993
8122
5259
5053
5979
5002
8327
6590
7664
9079
9136
9264
1003
6565
5205
6086
5129
9135
8816
6318
3472
3296
3235
5182
2803
8031
5463
5971
9029
9152
503
8662
4652
8562
876
8403
2148
2835
2835
9124
2631
7998
7549
8122
9975
3932
9465
3643
2338
1702
9818
6348
127
9059
4516
6382
7998
3786
2452
7869
7178
9536
2128
5417
6146
7908
3275
2951
5289
3767
5067
5592
9251
2625
1075
2878
9114
7973
465
8627
5204
3870
7295
8284
1773
9495
7484
8840
6415
8388
7515
3950
3693
1453
2938
9761
9649
9487
2394
3907
378
1917
9555
5072
6466
344
5486
8576
2149
9945
4873
3517
9367
3554
2712
8258
5171
2215
7804
9590
1096
1887
938
5050
7671
6670
116
3728
2112
7641
5625
6787
1917
62
3584
6618
2535
3138
5347
8605
1276
9058
4884
3508
2892
1135
8699
8509
7091
2263
4013
2902
8545
1055
9808
4839
53
6812
3692
8905
1769
744
3278
4448
8047
5254
3028
1777
7098
7109
9999
7747
2258
180
2827
4338
3084
1999
586
7088
4057
9948
3643
6675
7947
5125
5137
4390
1157
7945
7433
2177
1568
8057
2319
4932
4006
6617
5029
8303
8020
4198
9629
5560
6978
2545
2442
3414
3226
5210
1751
2484
9440
3240
5642
3196
5132
6998
1195
3162
925
6627
5863
7948
1165
4606
2025
5362
4714
4354
8911
9330
3149
9904
6401
4564
9149
9804
3309
3817
9735
6300
8739
1971
1399
2433
2469
5230
6316
3328
7224
9975
5758
7308
1168
9423
692
5421
2837
4670
1705
6164
5601
2270
2795
7214
565
2864
3654
5060
434
4169
779
4882
9667
5759
3675
1267
2565
4162
1028
2560
2995
6112
5705
4507
7204
7517
914
1395
6709
9568
2367
7480
5810
1894
627
2935
9181
464
3426
4096
6309
7602
9577
1649
5503
6003
2992
8873
3158
3123
2248
4345
1605
2006
7056
7413
7453
7898
3966
6935
5155
6425
8535
4295
8922
2222
7230
1315
9839
1903
9921
5710
5056
8483
5691
2750
5103
5455
2937
4218
3895
4425
517
998
3814
1500
318
6099
5324
7556
1797
7872
6344
3847
5434
7438
610
4921
2084
5955
8347
1299
236
1076
934
8932
6130
8090
2229
7718
9059
5233
4494
7790
9804
26
5848
5942
7349
4620
5669
5135
5954
198
1385
1239
4644
9280
6856
3320
9048
2496
8795
8937
4838
5966
5660
7361
8089
356
7250
3253
8823
6910
1178
3117
2297
172
7655
6755
1527
3212
8183
2076
811
1742
250
7571
832
3170
480
9890
5774
6560
2098
356
1964
6627
9620
8387
5760
7787
6422
2143
3163
9700
6835
5584
2763
6350
7117
6037
4994
5439
7789
5525
7678
7298
7278
9608
9380
8959
5431
5514
2036
1794
9646
6934
8053
2606
2512
3019
8700
4550
3417
3370
7686
2219
9521
262
94
2199
9415
6888
4445
6752
30
882
2160
9755
149
5548
5053
5660
5492
1522
8704
57
7246
606
1092
2477
7170
1534
3536
9145
1171
428
7531
3902
4085
5216
9969
5316
7459
6216
1641
4029
8133
8138
6041
3879
8452
7600
4327
8741
45
2824
5871
7068
8350
7818
3887
1339
1305
9370
5179
1913
3037
7905
5751
1557
4799
2834
3702
8496
2541
2912
8639
2037
6294
5878
5482
6833
9507
2542
1641
1164
3050
4199
3830
1657
1403
8227
3511
9725
3121
14
1789
613
1604
2374
7193
1527
6084
4974
8283
3641
2746
4665
2131
5163
6448
7205
4053
7058
8487
2484
1950
8015
9059
2713
7177
6945
9798
1437
3557
8157
2425
1826
7371
2376
8471
1771
8894
8266
6792
4077
6433
4256
771
7509
5187
1844
8401
9182
1881
2077
9745
1470
1230
2267
7920
8375
1806
9678
3471
9912
8195
6866
4496
9790
362
205
5522
1532
5414
2826
5329
3400
489
9438
4538
9731
2281
9915
6194
7331
3751
8822
535
3603
1805
8207
2311
9560
2255
2738
2475
6871
3556
454
5736
4687
3280
5556
3469
164
6668
5982
6916
7488
8991
4587
8813
445
4734
6151
4288
7380
2598
621
3675
2768
609
3226
7086
2944
6718
2868
5679
334
3207
920
1957
226
2570
3272
6022
6523
8998
1313
4081
8751
4606
9493
7536
287
4847
2672
4242
8157
9499
8968
5598
4943
3035
7581
2171
2322
7111
5954
617
5399
3350
3745
3312
579
5912
9013
3745
5710
5860
287
9029
6416
5239
865
9362
9234
9231
6773
9893
5159
8516
9100
7587
838
9463
4638
1144
5980
5807
482
3501
323
1859
9032
9262
4178
3403
8152
9415
5807
2779
2346
5557
515
8308
5386
2097
9688
455
120
8200
3500
7574
528
2557
157
4809
6256
4190
8382
1448
203
3937
2858
991
6317
6917
3127
9962
6134
9457
9040
9457
1711
9869
8718
9667
6526
2015
1736
8325
3185
4090
6728
4623
3415
2421
9949
2815
1659
6278
4077
8892
736
5095
4117
8431
5584
8867
267
2366
7016
2586
