2736
5143
2062
7667
8463
6260
3863
1199
3997
1501
3705
6948
5836
6314
3693
6788
5775
2524
1172
6264
4461
8979
241
628
5674
5967
5252
536
4408
487
8367
7494
1084
6360
518
9001
4980
5693
702
6569
8120
429
4650
4244
7933
2227
8373
3313
1413
5120
5367
6908
3324
4295
1851
6020
8405
8718
5743
8578
3296
5604
4706
9563
5675
7969
1116
5331
6736
2531
5469
3702
2429
3163
3800
8624
1937
3794
6963
8415
5765
4401
9125
3647
4350
5212
6505
3629
4818
2181
9951
1446
9267
8687
5779
7869
8841
7908
7773
905
6362
8200
2646
7167
5111
3695
8164
9432
9136
4923
5782
6458
681
478
5613
4370
1175
8988
738
4702
3878
6699
2181
1166
556
4937
5740
7786
8877
7272
4595
1476
1061
2836
2846
8336
3637
2710
550
1910
8400
1479
5029
505
9043
2047
3700
738
5415
9846
5230
1066
8874
8688
7222
6807
3108
1594
735
1200
3350
1745
8595
3727
3276
5676
9826
227
9785
8989
8760
1602
6122
2237
4519
4641
4271
8079
9819
4557
2803
2665
1070
7450
110
3396
975
4080
5121
7929
7686
3249
4341
6557
7485
9378
8031
8720
7298
2227
2369
2751
4544
895
6396
6243
2128
6087
6190
5432
1827
597
9311
2033
6754
2638
9430
7781
1354
3503
2425
7919
1785
1495
9861
2170
6847
9605
5669
1768
5650
5614
8883
9182
8299
6479
4989
9761
9880
5520
3770
9909
2656
6383
9393
7621
6227
4008
4212
8946
6355
5460
8469
1422
437
55
5369
7238
2340
579
9983
8235
3795
6077
2528
97
3872
5066
5277
2675
6382
299
389
9421
2453
7188
1084
5013
1868
508
1571
9609
6150
4083
6972
8886
5613
5290
1230
3251
5147
186
7174
487
8542
2007
3567
9893
628
5253
8237
1422
7493
9499
4899
5339
2224
7390
562
5958
3523
6091
4391
4905
7861
4982
2561
7844
647
4984
9735
6978
227
744
8093
4993
2353
3670
5916
9482
8118
550
7073
6111
2338
7058
6737
8219
5642
3155
620
8669
877
5761
7672
2736
2605
9783
1008
1325
143
2536
2042
3787
2523
7564
2114
3612
5074
5855
4593
2103
2792
7411
6130
5355
1503
7780
9824
2249
5989
473
3958
3751
9268
8145
4338
8155
9
4841
8665
3131
9992
6934
1149
1654
5112
4477
3296
2277
3387
5876
5793
2521
167
8717
5867
5155
7058
9939
6420
5739
3125
5706
5447
7525
1301
3535
1985
6528
5958
9496
4
7818
9714
4552
4571
2141
9787
7031
7470
5828
6145
7504
5078
6691
5623
6246
8155
5706
7058
2525
7938
7228
8288
4267
4847
8295
1178
3537
6729
6052
8436
186
7081
9407
3209
1362
25
5946
5043
8175
4765
3399
2357
7670
8002
7328
7877
5836
572
4263
1793
2870
698
4432
7169
5065
4072
9386
7090
8029
3598
1434
6853
2278
5258
271
8501
2361
4491
8626
7582
4124
6693
6708
5035
4695
2088
2450
3607
3278
143
215
8738
7117
4617
9021
2579
4351
8153
3056
9097
7734
6327
2859
4565
7693
3959
3736
14
2878
7378
2565
6613
4442
5875
7379
7385
4338
6075
2268
4720
8002
7920
6905
3954
7966
1253
8521
3206
1889
8091
8242
107
2012
9169
3971
6463
1026
2328
5711
8200
3972
9972
5481
547
2085
4415
818
4322
6706
4164
232
2000
5103
2151
4496
6993
6208
3881
899
9585
4968
2903
2384
3298
2265
1764
1709
3937
8433
9607
6559
6256
5825
8990
3809
9699
7459
5869
5203
2818
4406
2639
6125
2754
6981
824
3770
9589
377
5350
3143
5809
9030
7458
9884
9733
5919
2840
9003
6963
3434
7070
7517
9370
9204
3763
5584
3129
4933
5342
815
3101
2164
1661
7140
3474
6372
373
486
8460
4942
9648
9067
3606
1662
667
8716
6320
556
9755
253
6944
1282
1050
4227
9003
9177
1694
5446
3973
8053
4955
1579
5224
9011
2162
9324
6301
2141
5578
7498
7895
1970
7896
2348
7684
8769
4100
3818
4104
8135
1007
8774
3876
9401
9548
7451
5718
6222
775
5223
1460
7276
1199
3810
871
8053
9307
5639
4388
660
3406
7651
1879
5934
7293
3114
5254
4345
45
7329
341
8590
4655
6380
4792
7285
6738
3757
7823
1757
6786
3731
7580
4752
5524
7331
7128
280
9043
558
3044
6130
7302
3174
4388
1153
2300
5495
5729
7562
9787
8982
8810
2972
3970
9279
5719
3637
23
2175
50
2053
4760
1267
3409
5960
6712
9185
5164
1036
9935
387
8295
5200
7233
9331
6758
8364
4741
491
4015
7078
1445
6358
5081
3272
3387
7071
9049
8427
8359
3611
7491
8122
9525
6217
2090
8684
7434
398
5497
8115
1672
9861
7385
8050
9937
8399
7491
8725
9194
2633
1776
4161
3345
9427
6886
5384
4682
4411
2926
6199
3080
630
18
9193
6779
2733
6952
5122
5131
4358
1896
8398
1229
5318
2700
2654
9939
1325
817
8778
7275
8677
4548
6376
2982
1403
3084
5350
2301
9681
3427
6063
1900
66
7620
3754
9214
5350
1009
1611
8577
4040
8568
742
5016
8598
645
611
8382
6961
699
9328
4980
6112
3525
9808
723
3583
4084
9656
9102
5294
9592
6147
8106
9365
1098
5728
5040
2687
3568
9447
2520
7597
7387
6418
7508
7718
5829
6877
9168
8445
1049
4711
115
2187
245
621
1973
3176
9845
3958
309
8219
7241
2005
8844
4255
6262
2864
2162
9171
1147
3346
3673
2671
8394
6578
133
4037
3804
7802
1357
4222
4963
1281
25
9554
9644
3217
5633
9355
9339
1954
3050
4317
4398
1447
8662
840
7506
2927
5428
656
2699
4416
8037
4566
2969
4770
2137
818
1850
8160
2879
8606
5042
5130
4199
4273
3302
6687
9114
6929
9075
7367
9994
3321
6125
6697
1948
1271
827
7009
3119
6465
3971
9106
8427
7124
9615
4276
5805
9591
6294
596
5490
8310
92
2044
2640
4963
8153
4578
2839
8045
1361
4231
5913
3457
7346
5870
7135
8186
9453
5252
4551
7667
4426
8037
3653
4920
9451
6423
2203
7587
4772
62
8365
8652
4220
2635
2211
538
1142
7069
1911
5806
3934
9496
7182
9066
6982
6225
2561
5834
8988
9568
3620
15
8091
8039
9671
6995
3817
2340
4596
7989
3283
185
2833
3550
2555
4186
9299
7077
4983
2182
6756
3711
1905
5811
7349
6890
394
6517
4631
1833
4415
1505
9920
4616
8491
7440
103
234
4375
6121
7566
4561
93
949
9528
8817
8405
472
1279
9738
9240
4061
5160
2982
3505
4071
7099
3419
6406
8143
5441
9768
4365
5942
1053
1730
4133
1008
7315
7304
2192
2826
3278
3887
293
7805
2209
4918
8738
9020
7589
7241
8525
2287
4457
181
3993
3013
1169
3712
4216
1425
8022
2089
7645
5721
5734
278
3943
9629
8027
5810
7776
729
7189
7383
4016
7248
3411
6003
3879
9955
8555
2586
6064
2220
7581
6206
6244
7357
3754
9494
5606
9959
5172
6984
4068
384
5476
6479
179
783
1265
6172
2000
2976
4415
2264
5156
2412
4849
8480
5072
4065
8746
7060
1540
5835
9593
367
4154
4265
621
7278
3204
9603
3984
3494
3793
421
4487
9524
2
9533
5823
3918
9134
8419
4755
5326
9658
634
1025
4949
2434
9665
5925
22
4802
1969
6338
7777
2161
9530
8261
4669
5247
6234
213
1728
7163
9024
8573
2250
7200
1294
1469
4979
9291
6220
9898
2486
4129
127
7714
8749
8571
2156
1720
3071
9981
5840
7205
9374
4675
4076
2910
8464
4936
9759
1681
5401
4128
361
9090
894
3237
4482
7421
1318
5266
3748
4780
1312
9258
1060
4705
6753
3251
7994
7104
2820
702
864
4137
4515
8954
407
4810
4517
2322
6690
3650
8900
5069
1964
9924
8493
827
9355
8442
7720
4668
8696
4477
3537
7434
2466
8164
8363
3573
4837
2397
8603
2859
2617
2050
5055
6971
5046
4960
8962
9473
4416
3345
7692
3865
7061
7709
7503
7109
1092
8283
3605
5992
3786
663
4069
6126
5750
6456
6231
11
4959
9272
8172
4978
260
3105
2479
965
632
2907
7832
3903
8496
4251
3558
3675
5380
9533
4955
7537
9648
666
9997
8407
6918
8932
4096
3333
7904
2807
4413
7274
1902
426
5018
3367
3362
3075
6411
1956
4071
4356
1956
1048
4395
6269
3875
5087
5894
6305
1917
9869
2307
5529
8129
5610
895
4198
1572
8035
757
7507
7007
7251
240
3554
6605
2271
9575
975
5769
4575
9794
2879
3396
56
1405
3857
4695
2806
7364
292
1361
4972
6603
3144
3511
7932
5445
2357
3964
2885
9281
4512
6965
6603
591
7151
2273
4871
9589
1443
6876
3769
3636
5206
2970
6290
2889
2571
65
3005
6564
9456
102
9018
9329
4101
7005
253
802
8694
3944
4996
8953
4361
1385
2126
4251
7840
5019
7661
2000
4802
3657
6565
9847
1189
1529
6944
6287
2902
2297
9321
3806
7400
8204
9309
4092
2674
69
7563
5157
2744
2216
4128
1214
9216
9227
9948
9180
8198
8488
3485
9649
9663
7276
8783
2032
1529
5221
3056
8578
5994
11
6609
7926
6729
1324
8266
6839
7083
4184
9549
1391
902
293
8006
5305
8214
3142
164
177
6623
6838
8676
5443
5511
5378
3463
9092
3358
948
9871
5428
3695
7636
9636
1374
8271
4536
3703
830
6435
9180
4474
455
3051
7667
1733
6852
227
7047
1351
8958
1415
6463
1653
1200
7215
4413
7512
2689
7612
6197
5591
480
4199
8538
8501
7403
9284
2101
6059
5776
438
8712
8074
1453
3999
5883
5354
2607
4157
3869
117
2294
7536
8626
2910
3671
6723
1159
4501
1956
9980
8133
1789
8258
5472
9015
8803
2393
4358
9851
3102
8116
578
5321
3687
344
2115
6200
6316
3652
1159
9806
4232
8163
6195
9061
9698
8449
5087
4047
8038
8911
6351
514
2138
4218
6195
2914
6716
470
9534
4966
2829
1145
3159
2912
3247
9443
6478
684
4359
1247
449
9060
6845
6720
153
9094
5950
5049
4420
8903
304
93
4258
3998
571
6253
6621
4431
6950
5467
6187
4543
3813
3631
4312
2036
4085
1217
212
6204
2217
9101
2255
1166
2459
6083
3747
7251
5476
9608
4232
8352
2453
6709
5635
5987
508
9516
8233
9260
6242
8728
5478
9393
4024
4085
3980
9880
7763
9669
6047
6646
2083
8941
1928
2975
4346
7187
3656
8011
8700
3358
5884
8727
483
7661
756
2605
3384
6861
6818
8436
6866
714
6198
9101
6985
1697
7540
3176
4102
5968
57
7174
3837
8568
1246
8851
2436
8546
3782
5801
9072
9
1091
9510
5805
3782
8815
6428
4626
8651
6057
2347
9244
3269
745
2094
9506
506
5866
3800
4932
6239
9302
4155
8613
700
2518
4722
4774
8659
9321
1022
5974
6497
702
8806
567
7935
8572
8631
7033
2388
7857
9436
1524
4005
5799
1448
7475
7409
8455
7914
7488
7793
2445
9992
6135
9958
9955
4410
6503
579
6568
35
4801
7844
2103
7230
4381
2961
3709
9736
3376
1844
3030
285
8034
336
9635
8320
1254
231
8347
7204
4816
5546
5467
7443
1259
6591
9137
6041
9461
1091
7176
9612
9469
9020
3225
6408
3387
4988
8327
909
4871
8835
3938
881
417
1243
5202
1616
2527
8033
4868
790
6392
6287
8494
8653
1054
5185
4724
4977
5929
8611
5450
7281
4984
6079
4243
3863
6614
4773
9326
9104
1100
8646
211
5464
2912
6250
9784
6858
1603
4364
4584
5362
7883
5642
9040
3263
1556
1401
4765
3525
9949
1015
5162
760
930
6299
9830
6826
2400
9778
6842
5523
6367
356
3553
5164
5898
9402
6014
9444
4338
9550
7302
4010
5122
206
7338
8209
8350
3410
6024
9851
848
4130
4188
4003
5071
1519
391
9289
1753
7182
7418
636
1411
4294
5080
5871
291
2516
8334
4286
6091
5497
2662
7567
1762
1595
4718
9845
4775
9741
1817
3186
4791
2041
2000
3377
6673
954
2678
3558
8840
3841
4934
2310
5350
2528
4111
1159
1495
3653
8770
7302
9738
4927
8486
3999
751
6506
1875
2228
6302
2414
8064
4585
3327
9260
7397
711
5312
5413
9499
2500
6389
6869
2418
9200
7577
2178
5023
8665
9285
3666
5695
2766
8947
5620
5615
8655
5968
8980
5919
9491
3703
7682
5050
5448
1587
3284
7414
420
4585
3791
7664
5907
833
5401
4040
6816
2640
8888
7115
2359
3428
4098
2507
5813
9197
3032
1612
1518
3732
8052
8340
7882
9882
5602
3886
5936
4601
2796
672
4601
4222
8467
7735
5568
2117
3550
6401
262
5500
1399
8295
6256
464
8225
9270
8314
900
6474
6279
9030
487
4588
9847
8088
9248
5127
4230
4600
1962
7212
5105
6884
4638
2370
5224
3715
1478
4046
5553
3911
2742
9500
3122
4303
3775
3319
3143
8601
8301
4349
8169
6094
9508
4256
4727
7053
1489
1742
8749
9326
6009
1418
5124
5935
3279
51
7888
4311
316
4018
6916
5940
4702
7124
9002
7959
3243
3115
7293
7535
1053
2774
4034
556
847
1918
7362
1977
9903
6750
8934
8612
3979
2795
7666
3935
9658
3388
8575
9643
6793
4031
2620
6247
2950
7409
2080
3098
8814
3106
7941
9098
7273
2199
766
9801
8826
8213
8914
4037
7386
3224
3882
8879
7998
1160
3875
9678
864
7690
3155
9613
6490
4305
9218
1502
586
9176
6613
2952
2464
1870
2565
2809
1141
3113
4343
6037
895
703
8815
9209
9777
5410
4025
5733
7260
7531
7314
6047
9536
4853
300
3852
6492
8200
3064
4714
8289
4809
3197
4600
527
1302
4288
4682
717
9426
9006
3668
4988
5005
2155
9748
3488
9354
4194
22
6364
6304
1434
3820
308
7106
4920
403
6598
999
421
4207
1548
7555
7006
4361
1075
64
912
8709
6162
4375
3007
5212
9518
3175
2292
700
9332
7406
830
7315
5353
2951
1732
668
5713
1237
7364
6863
2792
1925
1672
3419
6991
3935
8886
1671
1319
9273
2270
5346
278
2273
5425
3647
4969
6166
4150
4629
2121
7260
3459
5304
6339
8769
6996
8719
9365
2081
9396
8648
1135
8285
5460
5394
124
401
9926
1072
7213
2647
6137
1176
6622
113
1282
398
7712
4146
659
2279
2436
9443
9770
1710
226
2087
5424
9611
1378
2959
6367
5985
7811
4526
6151
948
4241
9442
407
1936
3163
9874
8554
1245
790
7147
1819
2925
9684
1100
4688
7823
158
9807
3187
1290
0
7754
8680
5209
4011
9548
27
8973
868
441
8348
1611
1856
1922
9623
1640
2948
7783
4827
6539
8399
9925
4434
3420
3949
4958
9629
5566
9706
4918
3671
7941
316
2118
3822
2448
1999
8580
2445
1480
8291
1313
9900
9164
1056
6924
2996
8545
9250
5854
9605
4865
4777
8334
5404
5734
1639
1448
5005
9815
5323
56
9578
7048
6172
1927
6809
7461
8083
2065
3433
7399
2498
9852
1965
5003
6337
5733
951
8705
1115
2609
9144
2176
8216
2532
254
8907
1403
3585
377
1331
5225
5963
303
8376
4196
4551
9941
5460
8266
7359
5777
3843
8993
4137
3764
4352
9487
4761
9975
435
527
9864
5177
3133
4932
3961
4080
1294
1657
5985
9955
9362
8675
8122
5835
1523
7082
3429
8636
2145
6659
6231
7962
4944
3769
8758
6451
3544
4000
1051
9556
7246
7475
7481
9116
5109
4820
2838
7729
3566
3314
9904
4887
8797
2303
6090
1408
1470
3389
5000
2021
1408
1449
3180
1231
9361
2353
66
6836
3443
5037
3135
165
1326
9909
2396
6611
5650
9844
2097
2712
7891
464
2862
7849
730
475
5794
6291
9184
9827
3227
1103
2119
2934
4609
5880
7836
4163
9287
4499
9062
3338
6931
5471
3735
9764
9543
2538
4401
8108
731
4366
7133
9005
2032
464
7998
3414
9846
6675
1185
9674
2562
840
5378
8280
8897
3261
2982
9297
2370
5822
2960
1475
6227
2645
6682
6260
5508
144
8008
6926
7702
1989
9694
5693
3953
9632
4520
2789
3121
2139
8406
3925
1121
2041
4697
2870
7817
819
9972
4256
3478
267
3631
9138
2752
5927
4784
8273
7182
8391
4758
3604
489
3795
6912
8316
8864
9689
1177
2201
9846
3755
6592
4323
9528
2533
4822
4396
4646
4687
2231
2488
2015
733
5583
140
9438
3819
1109
9760
2909
7428
3050
7116
7712
9351
558
9837
6695
202
769
2920
9021
2878
6832
1764
9271
3082
8260
1618
8664
9503
2527
2472
9892
6046
367
9427
6379
2768
7896
8167
7178
4838
9351
9424
9403
4424
61
575
6839
8340
5769
1173
8659
7295
63
8782
3285
6796
5676
2003
7741
7935
4574
602
4795
1500
5589
7726
1045
6143
2836
959
70
9147
1496
4996
8554
2999
1019
6742
3916
2037
8143
2422
3252
8627
4753
2602
3408
492
7895
3662
6533
3199
6413
3753
7359
1806
6591
737
6233
4284
1082
4467
3771
5315
927
4555
5503
5218
7350
6536
3285
1952
2663
5301
3204
2297
8628
3335
1133
9076
9245
6219
4617
2216
9778
5845
9255
4889
504
7255
7432
3147
8376
2624
8566
9679
4758
2814
4609
2137
7192
2375
8657
7378
1351
1862
2512
7619
6598
9156
4150
1215
7104
7536
3210
4540
7841
9825
6631
6108
2317
2302
6751
629
1270
3589
7390
7891
5284
5304
3907
1870
3183
9606
9626
7872
5275
7659
3080
3321
2722
1928
4301
6285
5966
207
2273
6946
7445
583
1999
9220
4070
263
902
1653
6127
6279
115
6174
5498
9787
746
7324
4565
2228
2894
6607
366
3335
4731
3918
2603
31
9772
9349
8640
51
733
4293
6408
4182
3269
4702
7608
6121
9307
4411
7826
8769
4807
1596
1079
9610
8437
8129
9693
8573
3960
977
5456
5732
42
4485
9513
4865
4176
1224
1503
67
5562
8160
9096
537
8326
4171
267
1724
3771
1167
6059
6914
7764
8994
4787
8358
9802
428
3429
6352
6851
4836
1554
5224
3171
6997
3297
5502
9663
6686
8249
2545
5991
915
4
3465
7337
7771
1538
857
7602
5179
1474
716
5887
6347
6838
5036
2155
8290
7221
3488
7108
5542
6327
3792
3317
3296
4409
3408
3756
3780
4362
3799
198
9161
9413
3535
72
319
5846
8234
6878
6241
4781
3755
8828
4498
4702
9545
9519
6833
4981
4363
4777
7929
4916
3586
2224
9490
3966
7625
3762
8920
9754
3926
651
5132
7631
6641
7908
3834
7689
8301
2225
788
8196
8761
2291
8857
9732
4808
5301
4119
3738
4391
4751
3662
2441
5842
2781
1817
1429
1476
6840
2267
9793
4552
9144
5676
5778
206
9549
4846
4564
3564
4315
2248
6475
3564
6741
1280
4355
1631
437
7719
7508
8601
3139
5652
964
6059
4559
1400
8689
534
9481
7535
2870
5695
1063
4927
5457
1044
1233
7361
2050
6098
3227
8142
6590
8213
9522
8540
195
4719
2846
7914
8740
3614
135
8019
6547
716
1887
3520
1243
5503
3361
6401
4967
3617
6645
5792
5459
8985
523
1068
5893
1655
2359
3013
1348
4819
5740
9370
1269
9171
8125
9497
4784
1356
8755
3044
2228
2761
8611
4655
90
2770
391
7354
8768
367
1663
2747
74
6187
5276
8239
6660
4371
4203
9540
9980
8501
4588
2474
6842
3181
7875
1868
3547
8136
2683
7408
6734
1877
1221
1064
9318
4299
2968
7207
1817
1144
8641
6842
4544
3476
7898
9393
4500
1676
8024
7768
1488
8014
3009
4254
7073
5385
7268
776
206
5281
8236
3032
6215
8663
9073
454
6645
6124
2792
8304
3065
6638
2208
7017
3781
1588
7202
2052
6973
3082
1826
6716
2779
3451
7235
3223
5784
5018
874
8321
2991
888
4767
2249
9176
720
2875
5626
6485
7249
1111
3333
3380
8744
6290
4169
3041
8336
3962
4576
5183
5570
864
9362
6082
1266
2788
2719
3742
1820
7968
1883
3628
3312
9226
8129
7452
2752
3703
7533
8043
1388
7051
150
6761
7002
9579
7189
1070
4243
9252
9027
2005
7925
5007
5640
3473
5415
4653
2568
8741
948
2089
780
3756
7913
4762
5646
5184
6929
7754
7609
1430
3590
447
1370
7555
8756
1106
5986
9779
9695
3128
5212
4323
394
951
8699
5771
6877
8574
8506
9730
468
8556
7137
3390
6518
7681
6435
7181
366
4733
4936
7051
4653
550
534
2615
7368
6395
8665
9623
6023
544
9380
2596
8989
5802
9310
5950
3089
6083
747
9100
6751
7799
9822
8357
2421
2161
6598
7629
2670
9625
9164
2518
9811
9636
7704
9983
6091
6817
2059
7579
2176
7412
1744
7230
819
7526
8850
7159
4453
9102
6383
9445
3322
6710
8958
6370
1402
9445
1320
4857
6689
8907
988
7032
6623
7259
7417
4512
3233
5963
8832
2468
42
1746
3857
6878
9762
4034
9797
325
6710
6981
8125
7347
1000
7957
4813
3392
7794
2402
7919
6323
9938
7360
1660
4265
2970
8219
2798
7831
4256
8750
8418
8830
4980
3608
6948
2819
3538
7130
2889
185
6265
7046
2051
6507
5479
265
3580
8946
4736
5436
2500
328
8968
2583
2354
4388
4372
8627
2402
1889
1145
7663
3755
888
1545
8326
2669
3908
3701
240
7205
2790
7130
1288
7955
7232
8937
4048
586
4322
7735
140
1181
8884
4406
811
7022
2037
8884
3175
8858
675
3943
3242
5705
4250
7367
5668
2019
3357
5751
4328
390
1899
9691
3783
1767
4779
1244
1927
8563
4574
1418
5402
9180
3829
758
2940
601
8073
7895
1153
4908
45
1626
9054
4933
7830
7186
3008
5940
6674
8884
5200
3252
6985
1839
1266
485
2100
5321
9790
2645
42
6638
5215
8682
4857
7072
185
7149
504
1942
1741
6257
6492
6741
8412
4346
137
7051
5045
6191
2443
2724
5473
494
8374
9591
7196
864
3845
7114
3754
855
9132
1640
5328
2709
3214
4171
5779
1205
3868
376
9653
3334
4796
4942
5298
9209
2390
1668
4657
1272
3566
5482
582
478
8165
7395
6488
7054
7725
44
6449
1574
9506
6409
5459
1919
8702
140
4816
6254
7445
6528
5406
5450
8813
7126
1229
2682
4860
3504
6723
7983
9978
3027
9094
3993
9185
1734
3490
8779
3120
8794
8765
2658
7238
504
4697
6894
5921
2103
8537
3637
9411
2054
9575
7585
1082
8726
9036
2914
1435
8214
1473
5642
9817
8868
1813
7713
9112
606
1674
763
1709
1320
8841
6674
9917
3586
9526
3509
6973
9563
5011
4888
3639
4351
1498
8246
6590
5763
692
4350
7450
8595
9420
9653
6622
2229
223
9713
8154
4656
6392
8386
4970
7721
6492
1799
1719
6298
1072
5731
8180
7100
7852
2483
3624
6559
4736
1153
7014
6704
2187
5935
381
1206
6770
9130
3870
2859
4270
905
4978
4497
3170
6105
4958
8473
1677
9317
3408
1780
2810
1404
239
2501
8475
4361
8987
4109
3658
7681
9208
2549
5022
1331
8776
6521
4863
1022
6554
1060
6660
2407
9689
5522
2197
2384
4486
5247
2953
2800
4417
7028
7328
7496
6670
5290
8373
7824
8657
7266
9327
5381
2096
8778
9237
455
3445
825
6628
4066
1402
2428
2371
1194
7059
473
1455
1174
282
5928
8083
4282
2887
4552
664
3576
4761
4963
2465
7102
1573
1293
2207
9756
7512
8737
497
5439
4154
8042
5637
610
2546
8373
2132
2930
1594
4973
4106
2998
5787
6307
2930
2126
3161
6817
356
7099
5591
5884
9126
261
3595
4256
9822
9686
6930
6497
7521
7558
5184
2025
9104
1460
2899
2251
4736
3855
7739
5374
2513
3735
3311
523
800
669
1924
6072
7968
3110
4968
6082
5359
453
6830
5578
8384
1709
4747
5053
5681
5405
2985
598
7571
5560
2569
7159
1036
7153
6037
5574
7627
3566
276
5225
3889
2652
653
5164
5744
3184
5835
1859
5232
4636
3354
9417
1405
9545
4458
953
9173
5365
4739
1593
4606
2743
3790
1876
3885
4094
4880
9390
5112
2450
2852
3061
4334
4832
2275
3844
8902
3471
4781
3446
925
5383
9665
5164
6303
7208
4644
7502
1492
553
7512
6092
3099
6989
3789
5175
6945
8027
9093
9887
2867
3375
4007
3777
6721
2282
2292
1099
8676
4572
7962
7771
9767
7243
74
8483
3705
2719
2341
6235
8552
6314
6792
1791
5870
8025
4108
3702
6127
7445
7854
243
8955
8541
4360
5201
4889
9496
1176
1943
1645
466
9350
9421
1365
7751
9186
9950
3611
7555
1900
7106
8132
7364
9499
9478
5189
465
6859
4691
2661
5725
2974
8791
7329
4375
1853
3161
2118
650
9694
4060
5056
1841
4377
9121
8276
9928
3736
7835
8056
1701
436
3366
2444
1869
7552
3243
1005
6414
1129
6129
2013
5337
9785
9620
2390
6796
1560
6705
8747
7427
844
773
6908
570
4179
3910
6394
7911
8479
9607
8026
3509
6473
4907
509
8333
7273
1003
8437
3372
1489
4936
8157
2811
4181
694
6673
1528
5221
3493
6848
5330
8873
4642
1003
5090
8409
5870
5501
1829
1340
9854
7438
2061
8398
2097
3283
8922
6110
6190
6530
4515
963
8524
8996
8279
4639
6239
3490
9949
2867
6953
5589
1592
3329
4276
9050
4544
4657
5027
5809
4461
2460
8867
1104
8966
2227
207
5053
8628
6279
1674
1462
9171
587
4887
1197
7623
2392
7977
9870
2644
4918
398
7545
1061
7670
2338
7875
8657
5624
4729
6627
7319
8912
6704
6099
3386
5668
537
4728
5129
3974
5770
6811
4948
4242
5847
7
151
1390
2424
7060
6467
5764
8880
7
8719
8458
5998
3085
4363
3601
9871
9487
9032
9973
6009
3820
3726
2182
5400
159
4376
1759
7958
9860
1249
4488
7977
3671
510
6492
7559
347
4653
2264
3941
9099
9628
9033
7739
9943
1029
3414
6727
1869
2891
5265
4320
2648
7615
810
5257
4244
8230
8109
4170
9608
7835
8026
1088
4191
4
7209
4760
5350
9432
2112
1208
1197
5650
3897
0
1262
6582
2651
5488
7241
7808
574
9660
904
8720
2559
6914
431
4386
9676
8907
5996
9979
9545
4802
5360
9474
7853
8739
5691
7380
3538
7387
1191
4357
2201
1562
8435
7901
7794
9362
568
9268
7756
703
3168
9523
807
8491
4913
3918
4280
942
1686
8284
2808
9677
78
6409
7080
8978
6652
6103
4581
8549
3228
6451
9258
8561
1984
2597
2849
5985
5632
4362
1726
696
5493
8182
2652
3116
5417
2746
8267
114
7426
3498
5860
2440
1667
2610
3150
9654
7370
9923
1495
5080
8213
4616
7467
3446
6855
3041
2419
7274
3423
8288
1364
3449
5293
4052
9960
7548
6221
4201
3238
3302
8684
2233
9588
4157
2547
1441
8274
4276
4295
8421
7
9504
2317
3508
7638
2707
4924
4531
2400
5179
6353
915
2707
6629
6259
5710
7775
6964
345
3233
6050
4322
9415
9257
363
3486
5826
595
3142
7378
6488
9410
1835
5034
7516
9683
1129
8955
7182
2052
5131
9331
1634
4222
7557
2775
3298
9041
9190
9954
4576
5988
5637
4359
857
9410
8509
4566
6795
9670
3294
3931
1375
4224
589
3366
6746
2635
8767
5353
7757
3377
6326
8964
7551
9101
5691
3847
9404
8527
2976
7949
6881
9833
5230
1262
1128
3643
8283
5704
8988
1615
7213
9026
734
9985
2560
9846
2798
1429
1319
158
2379
3785
6708
7789
9891
8711
5918
3725
4120
74
1245
3880
907
2889
411
3537
8557
6657
8093
6039
90
7977
6038
2924
8466
8149
4101
9350
3177
1915
7759
8344
2429
1993
6148
1505
3391
2901
669
3104
6128
9967
6385
1791
7693
6417
3544
9627
4898
4023
8435
9575
6304
7033
2249
3636
2255
4070
1995
4597
4341
9606
5223
5656
1257
7977
1207
5097
3862
9517
1092
8128
5293
1090
9374
3612
422
7494
5810
8222
3010
5443
1462
7051
1777
5248
4791
7917
9916
2108
2405
5992
9026
470
5468
3712
5082
2990
8275
5113
81
1744
4324
51
7939
2382
4635
5405
46
2734
986
3970
4928
9569
7422
5734
5674
5810
9593
8876
1549
2825
4994
3505
1805
5714
5112
4915
3277
3017
8804
7813
1272
6662
9664
8207
5177
3039
641
143
1302
5908
5312
6571
3795
469
7249
9303
3713
5330
5741
5638
5281
2189
4345
3506
552
4289
5579
5728
308
7929
8248
4238
5421
6699
6343
1138
3144
808
8919
8844
5176
7114
4961
9610
2360
8253
3174
9778
2516
9128
5107
640
8109
6484
2931
7912
4774
2925
4673
8001
623
1733
804
8234
4012
6046
1425
6327
8493
7837
3944
1984
5698
591
319
8857
9007
2390
7027
8120
8837
2503
5525
7645
5378
4331
3346
1710
9995
513
6057
1404
6024
5746
8529
3237
7419
4073
3874
9223
6981
3717
1886
232
4044
9523
2699
7903
7635
7494
7460
137
1382
7754
6933
2515
8686
2803
9525
7690
4964
850
2077
7859
7101
8120
2159
8117
1513
971
2822
9740
6184
415
4306
2807
9562
6190
41
7522
8978
7545
2968
9826
779
3757
5632
8439
7558
3691
6484
5084
9552
7392
1381
2062
9791
9344
4335
7731
1987
3531
7378
2766
6616
472
3910
6884
5766
7305
8729
8098
1748
7910
1435
6261
8513
671
6255
9633
2101
7172
4366
1307
8194
1814
461
5393
6008
6246
5047
4953
3669
7325
3613
1389
849
2812
6106
3147
8390
3227
6866
7334
3494
1875
7981
1323
7730
3772
2179
8141
8146
3506
4525
30
4007
7855
5258
9919
5715
5655
6530
7359
4246
24
3032
1667
5177
2645
5192
6705
4655
8202
713
4391
6028
2998
654
919
4826
3871
2057
2309
9262
2872
1503
9951
2501
3973
619
6549
7258
1694
8217
5070
9142
346
8536
5731
3811
7108
9780
9908
4418
5461
4724
8574
9613
169
4488
174
7576
3337
6444
9307
725
7014
2520
3176
3889
3272
8897
4190
5529
2593
2787
4439
9406
1719
2832
1761
8419
7894
4319
2678
1646
7821
8823
3397
4596
591
6249
528
7682
1953
1207
3694
8723
6911
7405
1691
2103
5729
3812
6959
763
3082
8959
99
3781
8598
1517
3650
5145
3633
488
1287
7814
8304
3483
2037
2253
8977
499
2239
5448
1795
8213
6996
7213
9230
5907
7477
927
6896
3698
8384
6445
1312
170
7612
7367
8264
8996
7208
4091
5843
265
9782
2951
5825
8108
3504
907
2591
6159
6287
8824
21
3132
9439
4303
1546
4194
6792
8893
6075
1028
7681
5979
5765
6077
1853
9099
1873
27
4135
2672
5291
9196
8587
1015
1018
3614
8708
2086
1313
8275
9157
7412
4384
8502
4196
632
96
4926
8186
5695
5627
2739
409
907
8657
3181
5246
4260
2340
9406
4000
193
3505
8575
7656
2003
1457
4025
7092
4283
7356
4896
1637
9524
5251
8030
9650
7019
8933
1267
3364
4859
4176
7056
6851
6959
8103
6189
5664
9730
5953
704
7875
6998
2997
3307
1793
956
9599
6088
8999
6704
2892
8482
5652
9878
4113
7642
7785
7172
40
4152
6232
2983
7539
5985
4540
7985
9657
5102
1676
8313
10000
834
7062
2505
2259
5166
1268
9870
9753
133
359
8754
5698
8109
4629
2479
1374
9924
8183
6833
5565
7288
5038
3729
7097
7922
9552
441
4611
8792
2060
2482
266
5804
3962
7283
2674
2757
3352
8132
8773
6915
3075
5835
5116
3724
6790
5028
3091
6261
6302
9061
3443
6643
7441
8158
1470
3319
6041
7995
6801
2816
2827
6893
7809
534
3729
8398
4124
701
1513
3577
7632
3265
766
7784
4041
3947
6815
3323
9825
7707
5199
6052
4918
4128
3
2859
7763
8343
4922
3407
9174
2554
833
3476
5667
4534
2468
8615
