2457
9276
1838
5210
1439
515
3131
7322
9306
8449
9289
6507
2632
8465
2917
6064
3611
1190
9034
1613
4647
8550
9094
6578
1472
6938
5306
7026
9590
5525
4308
4500
9559
9464
4102
3178
94
7204
8250
6739
3448
7951
7999
190
8223
5107
3694
9014
2864
1697
2810
3316
6565
9294
4663
6742
4117
2156
7767
1512
2745
8738
1616
6602
440
6557
1538
8388
5334
7968
7544
3802
3442
1588
4129
7549
5972
3493
5919
7418
6200
2414
4543
9180
5487
6034
2882
8798
5384
6669
6125
7592
9392
1053
3930
6799
8681
3429
258
5093
143
5430
5697
2335
8958
5526
6082
5887
1698
494
6202
7232
4364
8563
603
1912
2456
938
4108
8276
4970
4808
7843
9535
6624
603
182
4842
7147
8221
6177
972
5837
2837
6775
2011
5414
5212
9808
4425
2629
2336
9638
8581
780
3594
5432
5388
3883
5256
2672
4245
3870
8914
2448
8306
1743
2295
7504
4271
4378
7785
7606
1693
4344
4318
855
7715
8089
3974
1789
4655
4271
9276
7282
6686
9650
6847
4674
4475
3579
6011
4604
5232
7472
9200
6626
539
928
6109
7569
9280
5761
8292
3241
3804
1412
3740
3836
284
5542
8762
3473
2773
2699
9855
3172
7164
4617
1692
5272
2351
8731
9221
5674
8421
9120
6642
8117
8117
25
9621
2683
3834
721
1109
81
1191
5992
2911
4061
7206
447
9718
1979
5557
7000
5116
8412
9634
4916
346
3881
3908
8962
6841
5415
8222
3096
7570
1139
7931
9621
6421
7939
5872
9471
9408
1524
3196
1795
3041
9219
7388
6660
2229
4363
4554
7029
6432
4496
184
7879
813
7455
22
6316
5411
8223
325
2057
3776
4431
1926
4517
2686
7870
9941
4057
4296
3449
2700
5605
5719
9790
193
6170
2388
7664
9592
2280
5416
9051
9393
7464
7065
1201
8285
4801
5517
7576
8000
7617
4518
3769
4398
7474
725
1990
4122
7497
5409
1428
5874
284
5870
1089
9527
4095
4138
2639
3432
5237
9843
3861
8962
6730
7497
965
2649
4046
2629
4982
61
4679
5938
992
4973
2909
8668
7454
8477
6824
7674
5339
2835
9207
7992
9329
9260
5723
622
3126
893
3493
8911
6861
1941
2032
8206
1522
4271
7675
6478
6373
4939
6425
6436
2227
9431
7866
3783
4117
4261
8384
8951
9805
1852
764
8849
6915
4041
6039
7877
6710
7526
737
1632
7069
736
5098
9560
3487
4345
2733
4487
2807
668
5352
9601
7623
8031
5937
8555
6373
8504
1577
5365
3461
4019
9268
6233
772
1651
9861
3613
8545
1682
5275
1451
9658
6379
21
1307
4799
3636
5025
9228
8994
9813
5632
1284
9341
9021
6040
1133
6152
2734
8958
758
9198
1343
71
3160
5494
5561
6870
641
7641
3591
4134
4961
2950
8250
7931
5107
7180
3188
424
1768
6184
6504
9360
7632
9712
5686
762
9042
3033
4917
6073
7470
1506
7704
4537
2821
3835
6936
7376
6381
7363
6248
7110
6734
7740
1211
6863
9309
4795
2896
3337
747
6206
5186
9774
7382
166
783
723
3602
6732
229
8654
5106
7886
7881
8876
9277
9994
6216
9262
8719
26
990
9814
1817
1791
2465
1518
9133
2359
6755
3193
5427
6847
7162
247
6561
6812
9329
90
4324
831
4942
2805
1362
7411
1584
8043
3067
5409
8718
6984
1275
9138
8198
7079
811
4424
4994
1000
6773
1368
148
1089
9247
8641
7169
7102
1029
4354
5291
4283
9109
4602
1412
5468
55
7469
2569
4314
2976
1672
2172
8531
8353
4504
7385
652
2935
3098
8158
5183
9912
375
8457
2109
1806
4966
2968
5142
9656
6910
7180
6294
1746
6097
5728
4165
5779
9298
3584
2694
1357
7775
5491
4237
3096
4309
844
4892
7878
5177
2686
6816
8677
3732
6202
7033
9365
2444
7794
6713
7201
1571
1322
8626
4317
9501
5211
7165
7203
1126
9348
508
5188
2235
1700
6816
5252
4118
9367
4615
6912
2060
1153
2393
4449
8482
8987
5817
8000
4201
5138
4
1749
9674
5329
9585
9514
4129
9556
9785
4199
1213
1480
3443
6540
112
5151
9928
7839
5741
8788
137
132
541
4819
3396
9806
8438
4992
6841
6826
1250
1289
9934
889
5158
5782
5595
7496
8601
6650
707
1429
1875
1524
6589
7813
3719
119
2206
3814
7581
6870
5479
53
9396
9215
3824
6786
9210
6968
8875
7869
225
1682
3635
4999
5213
383
4494
5616
6778
2279
9985
669
5487
793
7332
7925
44
6364
5043
2935
4544
8254
1575
8964
3051
6358
8987
4253
2377
2869
7903
4337
9422
133
5095
9515
5388
7096
1811
8459
4374
9636
2992
3660
6963
8193
3301
101
4066
8685
2067
5695
8199
9402
3305
1176
2917
1386
4179
3725
914
4327
8870
6044
7576
3164
1544
1845
5771
6094
8677
7583
9707
8432
1635
223
2751
4269
8207
7461
211
9973
3682
2096
401
3423
3683
5870
1254
7311
8982
6697
790
7998
5380
6979
9581
7911
685
6390
1039
1164
6791
3992
6148
6163
8852
8393
7341
2721
872
5042
4254
4402
654
1838
1779
4178
3382
1727
6923
4233
5297
3357
3903
2738
7335
4062
4804
5819
5617
1686
6086
9560
9264
2055
5562
661
5716
1477
5677
5445
8736
6535
6567
5470
6528
7551
1567
6695
3434
9709
7076
3488
2604
4782
6714
2040
8279
9287
9512
2191
8145
3464
5078
3970
2075
5385
2340
3214
9328
805
4521
7094
4515
4440
9540
2418
3138
5091
3192
1624
5237
5428
2538
1150
3563
2694
2139
2694
1744
6955
6670
8416
9632
8702
7942
156
9900
1191
2947
6234
6337
2254
7289
3481
3491
5594
2072
8322
8835
1136
2221
3890
7399
5336
8272
473
229
8282
273
7203
73
8267
2916
7643
8071
4863
5944
1969
1432
9948
9375
8889
417
2962
5098
6946
9695
8945
8158
7971
292
4031
2789
4371
5984
7171
4086
7613
7532
9372
4660
2559
2134
8391
6588
7491
2636
2084
6486
2877
6506
6301
9275
529
4492
9900
4898
1270
891
7206
3791
6118
8664
1645
7583
2989
9745
6530
5107
7849
2412
645
9624
6
8358
6257
3782
1192
244
7543
4772
2100
692
7625
3030
6240
3725
733
8505
1181
2
345
8153
5370
5038
3016
6625
7390
3701
1531
7033
976
3618
5927
7952
4562
5834
4818
3210
2041
8465
6621
3618
5291
9367
6734
9567
651
7986
5974
244
1535
4926
3848
3203
4349
3302
1422
576
5850
4775
6393
1722
64
417
711
6194
1981
3350
1884
2029
7247
2391
3895
3816
7942
4846
435
4463
9041
4907
125
8701
1252
1223
4118
935
5700
2561
483
3478
9898
76
4222
8002
628
7408
3733
1903
8602
7924
1658
8043
1417
6226
152
5554
7959
510
1452
9055
4408
8561
5093
8705
6742
9612
7426
7120
4159
6039
328
6345
3325
3783
4277
4634
1671
5742
4845
658
5314
3971
4643
2466
8360
4995
9228
2932
7704
2108
8451
1853
9202
9104
6581
7164
735
7046
2137
6798
730
7795
8866
9293
4574
2049
5085
7014
5888
3827
1354
6254
3385
9720
1073
5616
3657
4765
9192
4907
7963
7425
2648
7081
4722
5280
551
808
2306
2147
4829
1458
5123
3261
1788
3019
4224
2461
4175
942
1711
5156
1048
4590
6410
2008
4328
3493
877
8209
9764
3084
8875
7879
9771
7431
2721
9621
9301
7824
508
9492
3734
4620
455
1493
7571
5941
3241
9801
5861
6138
8693
2082
5021
2800
2004
3228
3862
2184
1619
8556
4271
6989
7213
4250
7092
6371
5325
4556
645
395
5043
7084
2248
2119
5769
6018
6459
6803
3866
3794
4903
8467
4533
4573
4141
5098
7698
1994
9140
4793
8122
145
682
3653
2259
1047
2968
9674
9430
9667
2498
7647
7592
6813
6603
5460
8963
3239
2999
4863
6991
2441
5983
6454
3316
4472
2781
2136
7000
8970
9842
7667
9833
4401
4536
1150
6594
202
4805
2959
1810
7703
1797
9843
8858
4708
6527
5933
8038
4834
9936
7507
301
2880
5583
1573
404
4842
4593
397
6598
130
1765
5058
7445
5694
1729
9398
7040
2911
5948
2062
6930
2003
1855
7863
798
8757
1174
1992
4216
7672
4890
6246
2435
3277
7523
4480
7918
3259
6808
7821
8700
8748
3097
7779
1031
9528
6668
79
35
3455
7871
2156
3905
2168
4628
1774
6358
6630
5558
2602
5504
242
1998
9290
9350
7866
7035
6649
8931
4346
4291
6204
7470
6987
6731
1977
7594
6824
9071
4253
8017
2262
2216
6893
7404
298
2201
1490
9241
1576
3525
9880
6613
9741
2505
2999
6723
2234
1276
4174
9346
7056
8721
6057
3952
5420
7137
2304
8168
7578
5842
6837
3914
6712
9506
4223
1572
2765
1471
3437
2625
6974
6828
3226
2368
2364
5529
7117
459
7708
9044
5388
1299
2223
7969
4063
3070
982
1432
1983
8299
9984
6518
3452
7263
8199
7324
1148
4324
1512
6110
9732
1236
5681
905
2530
3435
1274
6108
4093
8662
1192
3363
4278
5165
5889
6245
8074
1032
4840
17
1907
2934
3694
8617
1083
8256
7399
791
5650
3664
8572
6426
2655
1797
4691
7997
9153
4679
7871
8789
3860
6801
393
5765
6132
5782
8718
2005
9365
9942
5461
6985
7969
4806
3917
2434
3845
1219
8610
4724
3154
2340
789
3404
1962
9736
5165
5252
6220
7111
6912
5013
8827
3732
5845
9900
639
4756
2191
2501
6669
8030
6359
9646
260
4502
1151
3550
288
7090
9056
1787
68
6249
3760
2848
9750
9493
5300
7449
2405
649
177
944
9650
956
9159
9705
554
5116
6946
86
9109
6905
4367
9439
8158
1910
6419
6848
536
4039
1178
713
7616
9655
7310
3960
7329
4614
3178
9092
5602
7904
4523
5092
2440
9245
8289
1491
6531
3691
8496
9394
8437
9891
6600
5337
3491
2023
7790
165
7431
2000
8779
350
5043
2761
9462
9960
2179
6249
9571
4773
3693
4854
3101
7312
9228
3824
9230
1623
5282
8708
2165
499
9607
7899
1171
4296
2301
3612
7445
2178
5267
8503
8158
4715
41
617
6987
1168
7235
1147
1530
915
1808
9316
148
4244
8093
959
8205
7862
5488
9254
9217
454
508
4953
2360
1065
5544
4132
7659
6991
2753
859
4808
1345
9268
1925
9974
2996
5910
4678
865
587
298
5009
1507
3263
2617
4250
1450
9188
6050
2973
2454
7696
570
5947
268
5650
6353
5151
5183
6100
2368
8087
9280
560
480
5997
3742
5773
2661
9407
1099
5393
7632
3093
3665
3553
7184
2969
1479
6561
790
9777
8298
8233
2789
2680
8180
2362
2999
9842
6151
6082
7561
9593
2183
2735
8405
411
2038
9802
8955
2766
3042
650
9006
5947
2846
4270
661
1250
5332
8791
7041
4478
9799
371
9180
8013
5843
9014
6905
8197
2652
9132
4838
2058
6648
8403
6393
1101
1602
6174
58
1091
462
6977
6835
9634
5662
1978
413
3718
5898
5880
4279
3198
5302
7566
6833
5939
2093
5745
2506
3830
7035
2738
3564
7227
3533
5005
3883
2078
5600
9102
1743
1868
241
2742
223
9403
4388
1440
7816
2591
5840
117
8500
3654
5785
5504
9093
1081
4752
8970
3345
8066
3558
2679
6734
3029
5082
676
2660
6790
2056
4937
7224
7247
8091
5834
3627
3148
6197
2991
4842
1515
8835
4903
3708
1418
554
1756
6956
5714
5042
4141
8271
8800
8932
7108
4616
2444
6044
636
1368
685
3304
1638
919
1119
4224
1785
417
105
5514
7791
1918
2530
2984
4996
4393
5606
2571
7616
4816
887
4631
4905
3508
6921
4158
6215
5532
4110
747
6110
5214
608
9320
8695
4508
3812
9885
6285
499
4811
5655
8340
986
2627
9256
7773
5445
6509
6422
2364
445
6665
2421
1803
2029
17
2108
6891
5761
2723
3893
9284
4167
3744
1705
8218
1667
8062
7184
992
5352
9634
5069
8384
1889
2458
2742
5048
377
1915
8587
5497
1293
7643
423
3006
9845
1300
2444
4172
3543
5645
1663
9037
6893
804
966
9261
9823
3044
4580
3226
3975
8660
5968
1709
6709
9959
7932
691
3369
7658
4945
9073
7410
7973
1695
4873
8784
5858
4563
6129
6198
4375
101
747
8404
5564
8197
3749
876
7287
2127
3359
3588
7418
5745
5059
6535
407
5794
2040
2417
3032
1061
9173
3739
2198
2511
9255
8286
2438
9516
1269
9597
1744
9652
8883
3498
2458
4871
4146
3659
5278
7670
8285
3339
5266
7839
5600
9217
9715
8378
7476
1793
6615
8650
4765
8539
6426
9878
1189
9567
1128
337
7964
5959
59
3659
5293
7398
370
4761
9602
5888
2112
5343
4891
38
8106
1608
4749
2654
678
4266
6850
345
7322
4072
2879
5090
3715
1904
5676
7356
5713
983
4625
6570
9778
2544
7713
8241
3477
5445
377
6707
7683
64
7134
7302
9475
9460
7024
2123
6774
7245
9584
7892
5662
354
405
8333
1929
4304
9641
1064
3524
7299
9927
5605
7858
5725
4812
7595
9335
5962
872
4879
2221
4253
1674
3487
6540
2545
3948
4617
2878
9234
3016
7755
7552
8997
3403
1951
2891
9542
4705
9038
2399
3864
8356
9805
9271
8945
7583
1090
7869
3058
5823
3183
6109
3533
6837
7890
3895
6278
5882
5461
3163
4512
6470
3130
7760
7931
9438
9051
5320
9082
3487
6538
3995
33
8748
7223
4527
5904
8339
3484
5510
6029
4810
8842
8598
5320
6372
5537
7610
9458
8669
6226
7454
5317
5793
9748
2330
6776
6607
1066
2405
8222
3760
1748
9129
6902
3375
4882
7047
7711
4057
5803
5854
1960
2659
7900
669
1915
4545
9234
3027
645
3760
4873
5447
7766
1587
2270
9026
981
4374
9573
4864
1958
4998
1285
419
6556
6197
7365
601
2453
6765
1857
8000
9024
3110
6087
757
9386
94
3361
4212
7822
6261
5972
8423
7052
1869
3044
9095
2073
8416
9209
8597
6691
3208
8175
9560
215
6691
2009
9834
3604
5711
7860
403
1528
1570
461
6196
9444
8724
6961
7282
9948
636
4631
5147
8969
246
9805
457
1561
7306
8849
721
8091
60
8853
1967
7439
7661
4945
4625
3708
6120
1666
2143
387
7484
5234
2871
3494
4661
4346
473
8937
5236
3064
2580
1388
6916
7541
4743
9422
369
421
2734
8846
9625
7737
4829
5822
1314
8364
1019
9902
7528
1630
5014
8760
3629
5430
4391
7522
522
2675
8213
6104
6458
6592
6210
8539
5152
3788
489
3014
9883
2404
5051
5689
573
7298
2338
3327
520
4072
6554
3261
8999
8815
9817
8386
8864
994
1950
6584
5604
3164
7884
1338
2550
6051
7239
1495
3755
3898
5539
5275
9708
327
8667
8426
4356
1897
7386
5175
7985
5322
8566
8897
4222
6422
9733
568
2157
3878
8960
8060
4353
1568
3160
2034
2014
1152
3540
7491
1349
2562
7168
5474
9051
2608
1352
4398
8555
9658
2476
6355
1087
15
109
2981
4175
1904
9033
8086
3271
885
4889
2275
3662
5111
9405
3766
9304
2449
3352
1088
8494
5880
631
5622
6627
7596
6836
6719
4971
1451
1811
6830
8981
9112
6318
8960
1970
2755
8724
953
4609
4546
5620
7279
7760
3709
6185
6123
4021
4311
454
1581
5589
9440
3054
7082
5318
9970
7453
8510
6336
3442
2646
9658
2470
8745
185
9348
6283
7924
3555
7341
7707
4799
4126
2268
5197
8591
6883
3098
7348
604
2375
2177
5298
7887
1473
3435
4413
8598
7431
5862
6323
4788
5754
8157
2367
8637
5966
5845
6851
4517
8068
7546
2657
8663
697
530
5728
9288
7903
5358
9932
8460
3665
2901
1214
3896
2810
3679
4207
8852
4791
5342
4694
1570
1220
1977
3938
6520
3060
6838
195
4631
1168
1609
4845
6645
6856
4700
4501
4329
3967
9251
8820
5943
7035
4089
5762
9792
385
8493
6066
8163
9639
3788
5461
3734
8738
2790
5427
6023
3778
8301
4339
822
1161
7596
1779
8825
1256
1302
6224
6774
1577
432
8057
8166
6457
9238
2050
3468
2740
4593
6801
4923
5190
2948
1233
4117
9827
5365
5301
490
3750
3849
5336
2957
4856
4894
7002
4004
6349
1528
4015
25
6039
9639
1244
7394
9584
433
6938
4726
4538
956
3754
2502
3098
7000
99
4213
534
2952
3273
2491
2986
8243
8749
5605
6470
2850
5453
6226
5819
3072
4274
1845
5686
9851
2925
1123
5299
5604
8822
6470
6248
7350
5986
213
5450
5012
4604
305
3499
4239
7609
7344
4181
6767
5730
7638
4435
6012
6420
5964
6012
702
3122
4117
3572
9890
1613
6217
6148
342
8422
1730
2428
9632
7962
437
944
3594
329
7071
9111
3069
2567
3959
9069
1629
4862
1004
3992
4669
2923
2804
5170
2764
4628
3721
4523
3169
5548
6290
3243
7504
4241
6837
4018
9688
9112
4651
4669
9793
8772
729
4512
4996
1792
1941
9400
5183
8024
6409
2971
7762
5943
4093
7126
8179
2572
4172
5739
4374
2316
8461
6219
301
3651
2745
8019
589
5438
9891
5753
7112
4265
4979
8028
959
8238
7859
2949
6977
3026
5395
9095
272
4178
7597
9624
973
1985
1520
5765
5958
299
7370
2889
2881
9176
6320
4908
4272
7679
3159
7198
3169
4088
5120
6322
1806
6072
5101
8033
590
7809
9818
6015
9166
3903
1610
4611
8452
9898
7659
8819
4932
1583
171
1306
4259
7572
1702
8587
9125
4754
2872
5005
8538
1896
3076
7890
5659
6358
6609
9148
1309
9075
6356
3954
8384
5805
8977
2616
2727
9174
8228
2110
773
8235
891
6057
5701
3525
1549
3228
5233
5618
1366
6593
1591
7393
7927
7195
5702
2890
1229
569
1173
9683
3461
198
9127
521
3423
4261
8631
8473
217
246
8108
3333
5708
565
4343
9535
7434
1130
1374
2336
6103
544
6667
7816
3938
849
580
6287
4237
1483
7814
746
7906
5555
1956
6673
931
4420
5431
1600
3199
1419
8997
3636
5703
2145
2117
3603
786
5476
2318
648
591
2429
786
2538
618
8565
7837
8720
3973
475
4165
1012
7384
1024
5403
8
5497
4926
9458
9648
6171
6816
8221
3182
821
1677
5898
4901
4964
4407
8254
804
2102
622
5564
4644
2069
6277
6352
5817
5797
1303
8969
8851
7974
8687
8611
3591
3186
2891
2652
3220
6278
1358
1641
6405
8710
3312
8591
228
7633
2047
3002
2775
1510
1420
6462
622
4394
2443
4177
789
7292
9379
388
2309
5725
7948
4365
5864
8171
2387
5739
9468
3379
452
7145
8270
1121
283
7020
1257
3018
706
7808
6924
9691
4383
4154
5120
7054
7700
6862
803
2736
8210
2780
5179
4259
3285
7221
4384
246
5655
6315
5888
4073
4569
9702
87
4479
2526
8142
3132
5462
2942
9609
3901
3025
4878
2001
4123
4217
7128
1658
9002
4863
7609
9382
5359
450
8118
1875
4881
641
475
8762
5322
5886
2958
6937
1500
6401
7678
626
7877
9527
1319
9856
8665
5284
1278
3726
2525
9978
1908
9227
8004
2613
7377
1771
6942
123
9422
2587
9064
8212
3281
1409
1275
9820
6072
8451
6375
928
7200
18
1131
9105
1486
4820
8033
837
2422
5848
1664
9110
3690
8535
7437
7084
8728
2101
5546
6345
4526
7813
9168
1135
9500
2279
1435
5091
1406
714
5942
5109
673
4168
4383
6242
1888
9522
5816
2867
4355
8835
2171
5526
261
7345
8271
3098
7414
5329
4866
1976
6947
1282
7823
7019
3200
7401
3035
7231
4719
8596
3425
8480
6011
7950
1620
845
3193
167
5451
9516
5061
9260
3437
7403
2159
7064
3947
237
7093
3765
1703
3855
4355
3166
5632
515
5438
6818
6661
6437
9609
6200
1240
9573
9418
7236
7543
8046
8034
691
7407
6747
5500
145
5126
7563
5364
6804
3703
8707
776
4957
6192
3971
3895
6377
4556
2173
6369
113
3614
6730
486
420
6761
2274
6606
3350
993
5429
9586
3981
446
552
9802
9688
5420
8998
2476
2496
9128
8075
8949
4094
1604
1205
1521
9533
4261
9098
6456
352
3499
1344
8277
7122
2587
4312
4510
6479
2843
3717
5949
8428
7452
9021
750
1373
1217
5317
5721
8173
6989
2281
4489
273
384
8329
3461
5001
8110
4112
5477
4765
8729
97
3535
5366
340
8219
5045
2941
8617
4336
944
9117
8260
526
991
2210
4668
2043
2817
1215
9222
9794
6157
1240
3637
9215
2523
823
6644
1567
2354
6174
991
1467
1492
2267
2073
9028
1605
5087
1357
9149
4979
8894
1540
1225
6023
4717
8527
242
1156
7514
7608
2651
2615
1738
4403
9033
2578
7289
8224
3808
490
1385
5009
8081
2159
6060
8275
1501
4024
1097
1940
8708
4162
8164
6010
7325
8728
4110
4495
3354
2721
909
7482
4721
8352
6128
9946
6145
6733
1113
9056
4439
115
6948
9497
1408
8479
4258
7572
6808
5569
3435
1561
4740
4005
7283
3426
6610
3717
305
9691
318
5916
1522
2802
3583
8912
8365
6719
8542
4532
940
5638
6265
8487
4226
2445
9634
4455
3202
23
8255
2454
3176
2615
585
9736
8925
2109
5104
5135
638
225
1168
8313
5282
7304
8297
8083
2676
5799
620
4146
1879
8401
5914
2905
6315
6748
8600
229
2304
8782
1358
6175
