906
8785
1903
8913
4689
7626
7695
7449
5755
2654
5657
7391
5328
7004
1810
442
5498
9555
9681
6493
9423
5634
6658
4013
3338
4493
2202
3997
5522
976
118
6495
8219
2391
7695
7003
9390
1443
2764
8251
1449
7993
9345
4751
2888
7655
6633
9426
4312
8551
7919
1122
5686
1864
1548
6265
9494
7004
4720
8598
7012
818
4755
9604
7368
734
1512
6268
6736
5252
6141
3467
4005
6869
9055
0
412
9559
5852
7618
8809
9465
9398
647
8348
2795
7234
7216
6707
3668
4334
4626
5995
3206
9179
8153
9500
783
7530
4463
6261
1625
1062
9008
4679
5399
5916
7950
9688
6195
9217
6863
9614
4074
14
7641
1062
1885
6383
8404
2804
1994
7511
9844
2325
1593
688
2151
502
3150
2223
4465
1738
5447
8006
3650
0
1018
6807
4624
3862
6831
8977
2162
4151
6191
7986
686
7466
5272
7623
3485
7852
4154
1640
1677
1684
5811
3660
416
9013
4015
8170
9647
7219
9454
247
4419
8654
5234
9281
2877
5260
2195
801
3592
7818
2094
8459
1425
2371
5874
4688
9091
3313
3126
2020
8321
3435
1894
9050
849
3314
468
2626
5974
4310
1323
8447
8995
1878
1749
6822
713
4905
4
8791
7658
79
6097
7114
8272
3079
772
9374
6912
1015
8834
5826
3775
5539
4224
8695
1652
2753
7035
1368
8468
1982
8499
8228
3764
3478
2282
3051
3695
3069
4461
7486
7183
3867
7745
9483
9441
8939
4011
2416
3894
6418
9419
4351
969
7430
7002
772
2825
4769
1860
6433
9937
9708
3934
5722
6861
6653
2451
7093
5706
6892
7743
5157
8538
6883
2089
2993
4323
202
4187
5004
2588
4042
6202
1263
7333
3396
4217
7823
1330
9469
959
7038
4771
1344
7148
1848
5916
5621
7409
4893
4200
7463
6098
9867
4901
2393
6113
4971
2756
9985
4488
6011
1382
9986
3286
5591
4989
2524
2945
7109
491
8601
2710
23
2549
9039
4925
7855
8482
7867
5953
5432
2223
3482
935
1104
4673
380
889
4059
3978
8913
7989
6200
4609
3513
6583
3785
4210
269
5367
2104
4330
44
1696
5535
2472
6593
3796
5179
1918
4846
2260
8540
4500
7088
4962
5130
6181
5423
522
6450
3084
5980
4572
3874
4437
5167
73
8179
2876
5271
5404
1824
2221
5367
7081
3094
8497
8233
5167
6000
9529
2392
4271
3375
4985
5206
9998
4408
3868
510
6123
1663
8658
7085
170
7403
3401
8107
4414
9991
2524
7225
2488
3103
7807
5784
2675
4170
6837
8228
7073
3580
5416
2116
73
9193
976
8361
9388
7758
9908
6284
1119
413
3452
5187
9201
3688
821
1394
1250
1054
4496
9681
3597
1580
1710
15
8112
1716
8085
4508
4259
3887
9752
3922
4431
1044
333
8965
7675
1074
7767
4666
9782
5561
959
743
882
7485
3846
9814
316
8515
6240
8096
8221
8479
3432
7181
7099
3086
1258
2004
9720
5994
3149
5795
1142
2849
3161
1031
2542
6249
3455
4441
8706
1155
4146
7600
7399
6848
808
6651
6179
3803
2006
2625
3374
7964
9552
3487
3182
3794
5667
5772
6173
311
7191
1607
5105
596
1551
8801
2836
4251
5853
2384
7574
2744
1169
5372
7151
6367
9684
8493
8729
7872
3639
825
9487
3341
3979
3324
1220
7066
2
1435
7972
3171
5550
2996
513
8339
1746
5884
131
6588
1563
3162
7239
7679
3649
4884
7086
7871
4122
7610
8819
768
2496
7788
8207
3702
9482
3262
1297
1034
1673
9614
1353
6242
8367
4955
3595
139
1398
4397
2713
8849
3664
2519
2331
3646
2848
2082
6484
4346
5820
9066
2244
4731
4299
1479
7971
7402
4054
322
3104
8346
6658
1344
8831
5689
7661
4255
90
10
9569
8502
2363
8028
411
642
8684
9375
7941
9830
3855
7729
7123
9257
8909
8652
9076
2328
2779
1061
9074
4079
9927
3010
2906
4520
3256
1064
8201
820
1094
5289
2384
170
9945
4275
134
9848
2174
4895
33
3041
3274
2464
6070
1132
4195
7102
9437
1560
4616
9640
9649
9583
9657
7610
2141
3645
9513
9111
2027
8481
877
1423
1511
5266
6096
4085
6059
2007
5201
5761
485
6049
7950
4932
1872
8993
4765
9638
4025
4482
5938
3094
8728
1184
8175
6103
5505
7024
6809
9192
7812
3379
877
9251
3774
2968
558
5356
1276
1620
4936
4842
9540
1916
3158
9547
3399
4358
7850
1975
341
2511
9679
2831
3913
6299
509
2603
9706
4182
2360
967
2971
7417
1286
4033
1447
9968
9030
2364
1417
5290
4849
1793
8958
7836
1506
507
7132
146
647
3313
6084
4028
6957
8801
7281
8442
5572
452
2972
3708
1514
4775
9963
253
3267
9668
1892
9001
3891
6772
5231
3156
7085
3476
1447
603
7923
9217
4526
5836
1098
5352
4750
7651
6286
1578
3105
3493
7049
5877
7113
2873
5935
5977
9709
3137
2680
2396
8872
1085
6852
4200
1380
4615
6587
5252
6158
6845
2540
5837
5952
3066
2964
1037
821
5185
5959
9165
8907
5101
565
3110
4450
7929
6420
7932
4022
3404
4651
7486
2726
7839
3994
4588
2745
2852
2943
5290
2498
1323
5681
8373
6482
4331
3658
2714
8992
6414
1937
9672
6866
8368
8852
2858
6176
8986
7469
4914
4028
1233
782
2437
1174
3817
58
7133
6705
7692
4263
7271
9027
2942
1645
3266
9991
7491
3902
4047
8455
1795
835
8635
3535
3720
7869
19
3886
8234
8985
4140
4411
2191
6237
6807
985
9017
6674
6624
4643
6404
9480
8598
7528
7621
8154
2550
3454
5595
7339
8522
6514
5936
260
8815
8231
3185
4112
4249
3959
1907
2944
7532
9142
4138
9125
7177
222
5989
368
5323
4055
865
6082
7931
4764
7173
9137
1396
3578
4998
3238
7231
9809
5383
2373
2596
1051
9934
1397
5677
6780
5953
815
9259
4805
511
5400
8275
3763
5736
3153
4948
1775
608
8395
5602
2741
8541
2558
216
8763
2643
2541
2693
6909
6670
488
5368
9911
7397
9054
4337
2432
459
800
2287
8049
4002
8840
5955
3852
5325
1964
4081
7369
8722
8287
5215
6619
3765
7743
7796
8020
8105
6406
1665
3870
286
2788
3786
2676
4860
6694
2840
5069
9241
5223
7181
4151
4089
205
1076
9955
8009
9089
4348
0
8343
3022
1914
6856
8644
3549
4173
2976
490
2561
4197
8438
1272
4298
9215
6229
3307
3026
1654
8232
9529
6343
8195
2558
3879
6563
7355
8996
4523
914
3690
2227
6189
3692
7336
221
3961
4348
3952
1277
7052
3622
4606
190
1152
3933
2090
9934
7493
5816
4303
940
7406
7081
9429
984
9613
8679
3568
2024
2468
2270
2656
1029
6771
4690
9115
7376
2148
6633
7209
5569
76
6914
5164
9226
3817
5818
8319
4643
1061
2412
4428
6476
6992
7819
110
9844
8704
4205
995
1861
9177
6646
9076
2335
9387
4888
7261
9363
5878
9768
2544
8255
979
6228
5095
8110
7908
1416
7488
2891
3413
5325
9357
1656
148
2987
8917
7525
9241
3172
8538
7033
4820
3028
4470
4965
6123
9002
3366
6908
1074
2605
3731
2259
206
6711
2965
5813
5488
3294
8324
7093
991
9928
7921
7364
4252
3493
2346
7286
3684
6098
6447
3803
4496
4308
1002
7571
6283
5184
6049
7155
2266
8232
9535
9368
9233
9719
9864
2893
8840
3880
15
3699
8473
7886
1302
6035
6797
740
4778
9310
5521
6698
6920
2252
4090
6118
2131
3516
5559
6563
5815
8321
412
1339
7141
1360
6151
6840
921
520
8525
4799
1305
4175
4575
5542
1558
8372
6690
4611
9841
1520
4310
5003
7828
5637
3152
2518
9417
6648
6566
1666
2349
8785
6331
9134
7447
410
5904
8934
6004
3537
8700
8165
7569
5981
70
721
4442
1102
3804
2483
5659
5170
9979
6489
1882
6035
9976
696
9530
5260
192
2597
5383
1897
4566
682
8307
8761
8993
7411
7064
9235
6895
8469
7591
77
4148
6397
4412
9387
481
160
9690
1526
6718
3840
6635
5901
3595
2919
7112
3684
8168
7897
409
2222
9851
467
1659
2487
5697
6521
7400
1153
9692
2134
2356
1353
7582
8049
9718
6272
9071
9119
3931
4835
1999
4989
1294
4473
8964
1033
3250
5901
7559
3182
270
5295
4886
2975
9644
9366
1112
6449
1030
2391
3219
3356
3116
6738
1445
3401
9998
2755
5958
1240
804
2527
8605
3275
1714
271
3884
6715
2349
2406
4425
7927
6735
6922
1658
1728
8819
8919
3907
1224
4496
3190
8376
2720
6946
8520
3677
2513
3947
9564
4275
1582
1722
2521
5397
7208
1663
1834
9026
9548
9124
2686
416
1852
5391
1314
9407
7497
9444
9344
6023
8109
4506
377
9379
2124
5450
7009
7000
5075
8479
8458
707
8760
6699
8540
3996
1253
2844
2507
1934
4750
9014
2479
6863
280
2944
7562
8227
9147
9732
2031
8518
8566
2383
6284
2622
3883
4659
8372
198
3889
475
9047
4776
8634
558
5987
8508
1608
7409
833
7816
8750
3707
9888
7736
3627
1564
4482
5991
900
9567
533
9491
5475
7435
5217
5496
2928
518
2928
4424
5069
3217
533
5090
9060
8887
6465
9360
4145
4956
1829
746
5957
425
8613
3267
690
5757
2580
6086
9678
2951
2223
5108
10
9243
7426
1573
3001
5938
1525
669
2382
6726
967
4073
4822
7088
749
3259
3455
1322
7021
2762
588
8880
9388
36
6404
3928
2610
5001
8194
4444
322
1034
9193
4892
9288
1419
1518
2329
8361
2174
2712
3360
1232
9951
5566
3269
8857
1363
8215
3315
240
9126
618
9629
8202
6344
3542
4684
8780
1745
2790
9080
9422
4503
5630
4865
8104
2320
6266
2161
4718
4279
6753
7194
788
1204
326
5358
6839
6375
3732
5960
942
8497
5559
7720
3456
3548
5446
1293
4692
1472
3135
5187
4359
5632
2181
7136
1788
2282
6691
8398
3392
4255
703
5725
993
6672
7823
6501
8395
3079
8071
3653
7630
614
50
4341
4720
2407
3720
7406
6334
123
8586
25
7010
9058
4546
3188
8416
9447
4885
847
5662
5379
9935
2034
4323
1945
556
4868
1329
3158
5644
1445
6911
3761
4423
9473
4897
4324
6592
5266
9964
471
5554
2072
389
4774
2047
3771
9376
785
1869
5955
4954
4064
9645
2585
1574
3292
7106
3593
6724
3479
2686
6710
3910
3503
4424
954
9456
2389
5651
9803
3474
1041
4534
223
1290
9400
3852
7476
1578
9834
1401
5374
1834
3462
9289
728
5138
5833
317
8220
2835
6003
8096
2282
2330
179
8927
167
316
3223
5116
8767
3526
4846
3611
6997
5525
2341
4393
2159
7790
7810
7742
8656
5197
934
102
8570
9473
9857
4380
3010
2879
5252
7419
1445
9971
5279
3912
4050
8307
3048
9887
1075
7292
4506
990
5953
8870
1811
3196
3804
6099
1087
9453
9760
8291
3550
3453
5099
240
1886
3658
9360
1276
2940
8007
2505
2339
5780
859
2131
1886
8623
6913
7436
4708
8859
7990
5629
8090
7698
2287
686
4531
4119
3277
760
8406
466
3004
2520
1177
307
9146
7799
9598
7616
1958
4890
9495
3366
4534
9927
4824
2334
5369
7975
9330
6887
9505
6954
1810
6185
4717
4007
4365
4485
6681
1274
2181
4589
3229
7997
8961
6777
2883
1481
9445
8489
6848
8305
9516
7583
1783
9110
6208
1390
6067
9479
9996
5870
3089
6676
5450
6073
4759
7334
3439
8111
8914
3020
4774
6522
5020
2839
631
3159
8267
6554
5309
9222
2991
875
4480
2444
3395
6924
8320
8740
361
9419
3610
533
6410
3228
5851
8855
2093
84
6180
4509
1643
6995
6836
6770
7925
7173
5194
8459
5257
8272
4038
2855
7214
1346
9288
5604
4542
1555
866
8560
6383
2574
4473
4120
8256
263
3379
4639
2919
2061
8664
8000
4857
781
5017
7198
1891
2043
3183
2550
2359
5168
529
8239
8735
1788
6059
1007
5276
48
6554
2702
5166
9960
2185
6107
280
5175
2366
4337
7390
5126
7922
5753
7924
1708
7119
4496
394
4137
8481
8146
8976
2751
7862
4845
7088
1501
5106
564
968
7873
5042
8782
4104
7080
105
3004
5990
2794
2043
3249
8560
6883
3006
5812
7016
3870
2162
1219
9356
9628
7426
6539
4279
6208
1044
3715
7169
4408
7619
3621
2985
6686
6886
6827
7822
943
1279
902
188
9318
1716
9781
8264
7431
475
5567
8579
6709
1079
8123
7542
8402
5436
9056
1954
8935
9285
8187
9231
9733
6812
11
8978
2999
2011
2355
2188
2528
4569
1943
479
2579
9677
9992
7563
934
4415
235
5434
6557
9859
6462
6889
8367
261
3879
2986
340
3094
1099
8330
2412
9612
4836
475
5189
4173
5634
6679
1665
5159
4468
527
4011
8673
4277
5388
8870
721
6390
2315
4665
3681
262
6030
4429
9761
2791
4074
6576
9299
858
2863
189
5780
1286
8498
9438
3998
3983
6163
866
8051
2886
8897
4981
761
664
14
971
7125
8695
7536
7693
3919
1146
1969
4975
9591
5397
3371
1605
1576
3711
2408
4015
1894
9459
9776
613
5710
3979
7530
4219
4290
3963
534
4551
3974
5471
2088
1023
2612
9155
3742
869
7120
2845
4638
6908
7294
9421
8400
3610
3773
5850
319
4569
4147
965
2210
613
7275
9231
3761
7336
5874
9440
9246
9554
6079
7083
4173
5581
6510
199
5541
6559
1447
33
7238
5198
9272
2617
6172
2569
1656
7381
3834
3881
6875
3330
7158
7448
7777
8735
9773
8220
8154
3729
8863
3614
2114
5768
8168
7932
3237
2543
1013
4858
273
7222
2472
652
1570
3001
2260
7675
8392
7153
2860
2487
3247
5651
9853
1087
7640
6127
1650
3796
5763
5428
5538
5128
2413
8703
7536
1476
1576
9693
4024
4565
3826
1890
7100
9883
3183
9608
7907
5904
8918
3140
8917
8577
8820
6155
1685
3174
4869
6806
8856
7694
8140
4144
3134
625
1433
2803
4630
730
6475
3183
1431
8035
9370
6463
4651
6147
871
89
6650
4057
6377
3495
5166
9255
2779
6842
382
4503
9071
674
4660
3503
6548
2199
265
5651
9956
6506
1164
3164
4486
6562
6809
5375
4133
3919
7979
8248
4379
3109
2477
2552
56
5736
8548
9834
8366
464
9540
2363
2995
8243
3302
7933
1022
7533
5791
7828
8969
5899
81
2815
4956
9053
5324
5346
1984
9265
3378
2767
7020
3322
8156
2286
4805
7346
9697
1520
8267
6859
7429
5692
2896
1808
6063
619
285
8450
1968
7024
355
1118
5165
4308
6668
6534
5090
6804
4835
4810
4929
8346
967
323
3071
7824
6448
7242
2154
933
2223
5495
5363
4102
9426
5691
5572
6690
75
3057
9887
4061
2024
9552
9836
4851
8631
5285
5483
7833
4503
7564
1700
905
3470
2994
8285
4209
6302
8561
6458
7642
5672
2717
4599
2179
5117
6765
2940
3775
4047
4973
7367
248
251
9265
5937
6888
76
7893
2253
7565
644
8080
390
3394
8370
7728
1032
5388
64
1775
7343
2160
9323
2176
2843
9534
4928
655
332
7125
8246
2305
9287
7307
4189
6524
7228
3351
8323
7975
1889
7845
1867
116
2872
6544
4010
4625
8987
6535
9446
4134
7393
3135
1313
3935
1999
4742
1884
1278
3636
8611
3263
327
5212
792
2836
517
392
5728
9223
8925
3437
3121
1583
9361
9558
18
3399
2394
5358
7138
6402
3824
3129
886
3530
1627
7246
4051
1633
1382
6550
2934
4320
5759
8461
6120
9638
4208
9596
976
2636
7166
7795
5925
6624
3178
1730
1769
5673
8539
4018
6497
8741
7709
7638
5768
531
3853
4631
1528
2876
5626
8296
9938
8788
2072
7129
9780
4329
1089
5055
8439
6585
3762
8467
545
9272
1893
7866
841
6184
6432
2476
9269
4044
5695
7208
696
3071
4927
8971
7550
3048
4776
4595
5591
7555
1035
2063
3098
1870
5279
6707
5472
8522
322
6860
9188
4974
1417
5561
4387
5374
6147
5126
7041
1141
9839
6738
2932
6661
7454
6189
1031
5350
2911
8224
7201
2897
675
9907
9684
6408
4076
9783
8689
5699
8804
9953
4215
8924
5044
5871
9204
1476
9569
1349
8008
886
423
9303
7687
9047
9888
7998
624
5592
1150
9453
3196
9662
1487
6617
8737
5667
5470
8558
1456
8784
2276
639
6217
3359
3566
6508
7622
4060
4517
8303
6845
9943
8018
4322
9690
2783
8244
4022
2538
7616
5903
3661
3528
7338
7126
5220
2778
6821
503
9275
5354
2458
5853
6798
651
3006
8525
5437
2413
4569
5144
2760
3244
4967
3682
5481
557
6284
395
9086
1131
6862
9244
137
2889
3552
6799
7665
8732
9161
1939
7745
8545
703
4329
6613
1403
8791
8771
7987
5599
4600
7347
2807
9534
1335
4504
2764
5933
3102
5810
8423
4229
8019
5866
191
1759
6364
9940
965
1558
2529
8959
5031
3282
457
5762
7552
4321
7445
7932
4679
7510
5268
3461
2862
5544
2437
1970
6104
8404
9222
50
5307
3669
1139
1352
9687
2873
848
8836
942
4481
9843
817
6889
2890
6141
3447
3190
9234
9866
7429
2396
4001
7694
5259
7330
8405
7081
3304
3404
5121
4492
1694
495
7438
5482
7768
8337
6247
1095
6743
3715
5634
8817
5342
4937
5326
1389
8144
8587
9529
5118
3743
8399
4649
5244
8121
6759
860
2368
6486
7231
201
6469
9130
5234
4821
9854
2624
2166
5102
2065
3769
4721
1287
6984
9043
3287
6683
8839
8264
2802
6072
2079
3981
4533
5001
8710
5401
3153
6886
9623
2671
2409
4617
4368
2077
8476
4046
5904
1093
5589
5732
8815
1743
4668
7288
6008
9155
4097
1009
29
1810
9107
1295
4929
6775
3360
9240
9692
2061
5731
4087
409
7324
3612
9570
4386
8151
8058
2079
3286
6303
5680
5291
6569
4202
7694
6498
8802
5047
2536
3232
7733
70
1163
2525
9327
268
6902
4194
4960
2282
3371
9852
5185
8170
5137
9301
1952
9006
9973
4531
3210
9851
2826
3987
2789
9776
421
8044
8988
7418
1315
5777
784
4282
7135
2287
8484
9800
8237
3612
2262
4842
2937
6445
2896
8809
4861
4415
4093
8958
6175
8686
590
3045
4724
4993
132
976
5268
8525
3953
9977
3354
99
6825
321
4287
1082
9599
4352
8620
223
7313
3768
5536
1897
2374
6626
1636
531
7581
1748
3999
7086
9253
4443
5593
302
3166
7532
6051
7598
2483
106
1216
2469
310
5723
9720
5136
3250
1800
4920
791
1858
7305
255
7838
8831
3830
173
4629
194
859
4417
3170
5606
5106
7222
1875
6571
1592
535
9232
1647
3762
2146
414
6978
4871
2777
9834
9884
9905
1072
1482
7475
9808
9378
6742
2144
5958
4020
392
5178
1066
2121
9992
5763
7405
6003
3925
8036
1472
390
1303
8627
7986
382
5739
5845
8903
2005
7377
7788
2355
5765
7089
6221
1664
5093
4318
3735
3038
4599
1300
7327
4661
8903
130
1958
58
4632
2140
7086
9000
3834
7738
1860
389
1881
3540
3210
5114
5605
3630
9282
6663
8882
171
4009
8378
3779
4805
166
3164
6706
2186
711
6118
3241
1280
9954
4336
2580
3090
5435
7023
7906
6894
1679
7046
8142
2398
4590
2269
5350
5351
3304
1244
9586
2451
6169
6040
4666
9303
494
1262
1568
6095
9029
227
7214
7436
8912
5540
9785
886
3351
1303
4967
542
3717
6106
9892
4000
3408
8289
9304
5827
5882
4019
9270
808
8465
6164
229
6808
6197
235
6892
1440
6286
7585
5750
2608
8723
5823
3931
1972
8977
1503
4295
2544
2784
8734
2255
7310
1061
7263
9556
1591
1166
3464
1730
5350
2721
8211
174
4473
5384
9259
7073
8611
6716
65
1534
3797
1821
7357
4569
7877
1529
94
8813
1156
1025
6077
9531
3720
6691
6482
1504
9553
3175
9647
4255
8016
2123
4541
4982
3091
3689
9051
367
1194
893
2439
406
9773
9780
8565
8618
1881
2329
6295
5186
6920
5975
9685
3069
5782
465
6476
6421
8434
9441
7706
9136
1317
8306
8587
779
1462
4433
2067
5093
255
8728
6628
2778
1506
709
9170
8536
4526
7225
7041
2298
2042
8503
2096
264
8883
1370
3890
614
5812
4801
4969
4046
9105
360
3640
8510
2586
9376
8178
9202
5642
821
8219
3052
4212
1290
1256
163
6305
3240
1847
293
5035
7345
2321
7023
789
7749
3914
5691
5109
8621
5547
1282
525
2524
1465
9463
9536
4608
7776
7249
4347
9294
1853
7271
5681
7321
312
4327
3205
5041
7375
7512
418
2952
7111
7416
5993
4761
4455
2072
3483
4160
4698
2406
6469
9311
2019
5566
9355
5810
8438
6967
4650
7072
9956
1374
2695
8773
1986
5198
7224
7491
322
669
4210
5864
5860
2620
7678
2042
7226
5911
7119
5051
6522
7452
5119
2927
5808
6917
5074
6753
7020
766
2925
9733
5150
3110
1072
9370
9490
3841
8441
3606
2011
5971
553
2601
8548
1623
8553
3959
6668
4695
7856
9156
7840
2238
1737
4594
338
8540
5218
8019
2928
1460
879
5307
879
6297
7578
4145
3287
9462
8933
176
5395
2022
4686
3658
5280
4014
3456
2170
8971
8280
298
143
3240
9223
4258
7707
5687
7741
8258
1091
3629
9578
3748
4256
2074
337
6542
9071
6069
2594
5427
8784
9616
1709
7275
8789
6045
5799
6453
8575
2828
5397
7595
2574
3906
2594
691
7681
1821
4513
53
5035
89
6356
8310
6680
2313
5103
3655
235
583
9608
7372
1689
4671
5423
4407
7506
1514
2376
396
4032
529
5514
7320
9209
2044
9862
5926
2903
605
3970
4271
8277
4596
1407
5134
3222
7343
1079
4873
190
5427
5979
9690
6088
963
5276
2936
4358
2741
6439
9035
8139
3412
4104
9076
4038
7276
7572
1553
7020
9892
4189
362
686
5622
7801
4715
5280
5678
8626
7538
6466
