3110
1945
9459
5499
6899
5485
382
9272
9458
2796
1084
2409
8052
3186
6022
8874
2269
504
2820
2174
4800
2781
2245
6633
4136
4782
1744
6491
5442
8771
6839
9340
3178
9166
8713
1199
5273
1965
644
3448
8673
6443
7345
1961
1683
8389
1335
5380
1139
533
8927
2638
4530
8527
9863
4213
3673
7961
2995
653
896
4338
9915
8406
3560
7633
3139
2261
3595
4533
5243
954
5980
9089
7451
9685
816
2036
5339
536
5649
7722
5206
7717
9935
6947
1908
1189
5843
5453
3909
226
489
3163
140
1646
6746
7204
781
2376
2683
2950
1862
7108
1259
7272
4236
4493
4151
3941
988
2076
2778
2539
7963
2448
2993
3004
6713
6031
1000
9651
8213
1387
4996
7519
9285
6842
5384
3599
4143
9051
2069
5637
345
6321
1796
9541
4302
1254
6034
196
5119
3015
7977
5750
9714
606
1780
3303
2504
7002
5308
6195
5565
4019
734
6272
5306
9507
5459
1860
1255
8803
678
4950
5364
3209
5269
3763
5065
4944
8580
4032
7769
9017
5783
1764
6406
3531
6353
2202
3697
8978
7082
769
7117
2306
2368
6534
7577
8674
9255
1158
488
7566
640
9253
890
7238
7944
5951
6537
1842
8600
1950
9169
8337
8293
8054
9428
7111
8655
6247
7675
8176
9190
3451
1654
6626
5147
1388
3763
9304
7716
9050
9170
4779
6994
6203
1875
6754
7092
4456
795
258
4656
3069
7840
8235
7549
3623
8906
1812
2612
1879
3317
2228
1414
1107
7169
4365
2127
7911
8111
5604
638
8207
7398
5408
1321
8057
1364
2341
7112
3817
409
2666
3804
2037
3904
9159
2125
730
6300
7522
7706
464
8927
9345
3159
2043
9052
6993
7985
2643
1294
2319
3279
8347
9607
4384
7602
2158
5152
8243
7851
3236
4412
6025
7031
2583
8547
4508
7116
75
6669
9827
5167
9687
2676
7168
8141
4793
8467
1682
366
4672
7100
1840
2456
5041
4964
3039
651
7228
3607
2587
2428
7147
9064
92
3583
9592
424
2954
1902
1911
765
2278
4901
7040
1013
647
3824
3270
7053
5912
8444
8288
2046
13
7064
594
6142
7292
2360
5890
9517
8134
6293
9078
5074
3496
3750
6882
3833
5181
6949
7241
6690
5719
1310
5317
4910
8565
9630
3405
2100
9819
9946
8917
4411
313
4864
7184
8502
4426
9021
364
4322
7221
4561
4357
3487
2153
4448
8939
8942
2774
1867
7702
3903
4450
7094
2482
2680
1177
6391
3533
6988
8263
7603
5078
1449
2111
2397
2142
4602
5099
4584
2872
8438
5717
482
7670
5132
381
1584
4055
4708
9436
9520
129
5557
4553
2385
393
8362
6513
8198
9541
3867
8879
2324
7131
7714
3700
8821
3081
4072
2678
2449
8224
186
580
4060
6104
60
2041
4714
1889
9753
2731
7139
3218
937
6484
7268
5162
366
4735
8402
9899
8455
3614
1905
8748
162
5327
7562
2956
1574
4727
5427
995
2223
3730
3952
5159
5671
1794
3906
577
7164
9389
8754
975
2550
8612
7291
8469
4381
2554
464
7826
9252
9529
4220
9799
2048
7359
5393
235
7328
3717
4769
7950
9941
4323
1749
8157
2172
4223
6427
3792
9161
4490
2187
1252
8086
6968
9147
2045
245
8612
5884
8889
9329
9212
750
4470
2864
2680
6831
5237
2096
5719
5674
9151
3121
1771
9914
2640
7480
4253
5506
9987
8688
5048
2865
5224
423
9937
7300
2502
7106
396
6893
406
81
4906
7948
3926
8604
1841
4542
9467
5258
7336
8931
277
535
7231
6965
6539
3778
1299
399
685
3195
1262
3187
5800
4029
7986
5981
1184
2050
9121
1869
1131
7746
9027
4945
6461
5485
5112
4323
9616
227
8772
3433
7370
885
6379
9298
2511
817
206
7762
2057
9943
6388
5533
6479
5030
5955
9655
3624
6552
432
262
3082
2856
9362
6014
4536
264
3290
6310
4186
611
3713
8126
4482
5891
2760
2894
5942
1629
8365
4716
3529
1707
5649
7463
2499
3567
9197
7863
2668
4543
4338
733
5946
1249
8598
2698
791
6211
9291
4110
201
9695
5057
1771
8292
2986
7916
9929
1331
8423
4220
1474
4828
7676
6899
7095
6465
6843
5929
9115
6476
1639
26
2133
8322
4284
2095
4558
2836
2195
2706
9951
1603
1908
8272
5605
4347
9042
5634
4572
8999
6200
4583
4987
3451
5270
8123
9928
2000
3697
7130
6990
4263
63
3618
423
5530
8313
1677
8781
345
2721
8164
3034
1836
2798
6420
8736
2529
3781
3893
8654
3712
6027
4434
4405
1104
870
4295
10000
1472
6268
8413
8524
3230
4117
7983
5725
6392
4102
1877
1958
8281
2539
3555
2869
4585
3833
1552
7155
2476
8679
666
9853
4348
8561
7972
659
6995
7835
6241
6820
5356
3617
1861
7094
4387
3875
8097
8655
5617
7369
4407
8925
178
4406
9587
3336
7534
4180
1092
4769
6451
905
7818
2649
2975
830
2485
135
8807
4959
1737
1245
624
7441
4850
3487
2321
5624
2243
3014
3538
7469
8715
9124
2857
8403
1995
4551
31
9358
2028
211
8601
53
5858
6615
5734
4979
2466
3788
1826
355
6066
1337
9507
6134
7715
913
1341
4713
6902
6927
2564
729
1794
6879
8727
3946
5739
6262
1864
409
9855
3550
3896
9966
300
4754
8639
1066
9
7347
8562
5193
4389
1563
6416
4888
9091
2081
3305
7429
284
5583
6641
21
1395
1404
9741
2397
2542
4413
7466
1487
2671
9905
7284
9056
5620
4040
6067
2331
3285
3575
1922
8794
6419
6245
7711
5184
6
3915
5658
3681
2680
1146
9331
6478
7162
6696
3427
9155
3446
3304
8772
9512
9245
8111
9184
1433
9323
1768
4902
6512
4057
7545
4927
8091
3272
3351
6649
1230
1411
6558
3436
6765
157
700
7028
4574
653
2186
835
8275
3445
4730
4727
5773
5451
9950
6835
3661
2914
6427
6544
3997
2617
7565
5487
4483
1846
3054
6067
973
5741
7126
961
9641
1280
2502
2706
1064
1387
2424
7761
8053
5131
9480
4429
4477
1846
6602
4123
7172
372
746
3038
573
8399
3847
2702
7632
3967
359
9700
8074
6992
814
1556
5284
9357
7910
3893
968
2874
452
5944
9857
4073
2857
2240
5483
2206
745
6699
1210
3038
1692
5615
9449
8706
7244
7670
9141
6738
7039
3293
8026
5296
5163
9725
3652
3873
7283
2321
9638
6245
4234
2528
3729
6891
7442
9903
3922
1117
8793
7663
8072
1990
6027
8868
3905
93
2992
4283
6637
8546
3639
9478
1768
4492
3814
129
1336
731
4677
8166
2837
4500
1234
6305
2335
3054
4055
3745
6585
3849
6959
5372
7207
5431
8302
748
9359
5377
1227
7229
5692
7537
2660
8183
4595
6126
4697
7326
4672
693
6392
82
9577
6738
9859
6041
5447
9781
5490
356
6051
4109
2406
6014
8010
9660
1968
9835
7222
6466
1473
5316
7839
6864
3957
2583
6913
9467
7525
5664
7905
2627
5809
458
8216
7899
9623
5522
4557
9521
1243
6759
9179
1838
3431
25
3106
8709
5630
9961
5206
2241
4243
1682
2560
3360
9562
7558
1299
8867
623
1116
9800
9905
7790
5262
8380
8716
1053
6572
6174
1446
8741
5711
5768
4517
4648
8738
4894
516
2435
3622
3224
167
1101
4204
8578
1009
5689
9296
5353
7537
3351
9451
7249
4057
6493
469
4902
6806
7599
1270
55
3404
892
7998
7061
7488
6958
4564
2482
6734
430
7010
7182
8593
8261
1512
5050
3480
7407
6584
9954
6830
6822
2076
4694
1177
1572
512
6627
7396
9140
9415
8122
7448
8319
8500
3244
2877
4349
701
5267
380
1869
1527
6662
2281
8081
3779
1932
5085
1589
9545
3549
3926
9111
5641
4354
1544
8181
8734
810
5219
3279
7178
7249
2468
952
624
2471
8221
9445
7119
7640
3103
6331
6690
9452
9089
8309
7246
9153
1131
6038
8804
9358
9604
7344
5652
3595
554
6482
923
1531
7907
5378
7194
5238
3596
6480
6701
7
5800
4973
3653
1879
4314
486
4938
7309
2396
187
9277
8235
972
209
6696
5251
2740
5670
6579
211
905
1263
3200
5355
9917
1291
686
2417
716
7034
553
2340
6711
3075
9514
1340
6503
4029
3392
2440
6554
2286
4005
3887
5345
9825
8354
7500
2629
2899
5459
3445
6470
8374
8596
7392
7297
3193
4730
534
1984
1781
978
8726
4550
6177
3895
9376
2507
4894
2950
296
2780
8634
3035
3807
7871
4245
4324
6465
9118
6697
9731
3701
122
6759
2591
8661
4480
258
4943
9537
1669
8020
145
676
9605
3184
5369
7167
8790
4908
3327
283
6122
9501
9199
6106
816
5441
8279
5873
848
1734
6355
7232
1857
617
2992
2244
9195
7789
9707
4246
8784
8597
5303
6028
6386
6877
9002
7280
9489
2830
8256
6575
5737
6814
669
7871
2508
8112
8782
7512
6713
4875
8037
7022
6582
9496
6201
4411
6595
1323
3166
9007
7454
4874
2916
4906
1660
1949
8118
6328
6081
8785
8840
936
4853
7986
3275
6256
4673
395
4454
5328
3632
1168
1304
6459
2990
1920
9176
2590
653
2599
7439
4122
42
5941
9807
8647
6714
8450
1125
2820
295
3564
5640
389
8894
4961
7508
8371
6289
9224
7256
123
1817
6097
1020
8490
6885
6490
8701
9862
8933
8381
6722
3556
4024
6725
9631
9579
6725
2505
6786
9175
3947
2995
3801
3977
1012
1144
7617
903
3699
6641
5998
8455
818
4012
590
4355
33
7066
5066
8973
5832
5311
9379
1716
9884
5731
6342
1637
806
6235
3349
8094
9899
3682
4674
2004
4051
555
2278
7488
7814
974
8426
5511
7622
5260
9726
3389
3260
2658
9163
7075
4841
1589
6956
4771
4808
6658
1933
6099
5917
5817
3970
7029
3751
2192
8640
4403
1470
3007
8814
9948
2406
103
6446
807
873
4043
2398
5963
5551
8172
169
6147
8925
5984
8506
8473
4103
1378
5872
5572
5505
5547
5643
1531
9791
2861
7711
1099
804
8424
336
8871
8537
2557
3831
6881
4381
9487
412
495
3923
3315
6584
5821
2714
2465
5496
6117
5294
4596
2702
2047
4772
9558
1924
2148
11
7370
1729
9511
3996
8509
6232
4891
6971
389
1637
898
6640
5212
1257
6326
8642
8124
9724
7785
9997
9435
752
8550
9465
6001
8120
9056
3080
9244
8287
7227
1357
457
957
4337
8458
0
9310
1219
4364
9232
7922
1477
305
7567
7754
7982
1841
7464
4948
5154
6473
8483
5726
2265
3543
889
3895
6227
5571
3519
697
4727
2027
368
3604
2944
514
1777
7384
1490
3537
6282
8263
9665
9811
1720
5260
7253
9601
2085
5000
4576
2931
8191
7480
2434
3323
9150
4317
1891
1543
1715
3225
6307
2346
8561
362
8885
1567
1044
7214
4807
2419
3559
3807
6200
3025
8629
2747
239
6087
8750
2012
9354
6148
8127
7586
2351
9321
270
6342
420
8673
3554
4196
6396
5016
8280
9732
4117
2536
6789
7375
5540
8288
2761
2760
7221
1620
8299
4557
8497
1686
3992
9638
117
862
3589
5788
2818
3188
5123
4843
7281
3633
1254
4888
5507
5635
2250
5125
2590
7311
699
5146
444
2666
5465
8638
6902
4606
1756
9744
210
7769
9269
2350
9798
312
5620
8891
5312
1955
4723
1332
9145
5743
9631
3893
5353
9283
9750
9675
3642
9319
5762
4647
9701
7949
8392
2823
2980
6429
1348
6055
9396
8565
2549
3262
179
4229
7677
6900
1273
6427
1590
3495
8787
1310
4450
6554
9978
9363
3427
1566
3908
8866
9765
2636
5916
1662
3163
5578
5519
3557
1123
7235
7307
9598
9561
5652
4396
6223
4203
1701
1874
2720
6733
2118
2954
936
2967
8219
1867
7172
663
5672
4010
7457
4542
934
338
4859
7801
9740
7772
2591
2452
6076
6756
7279
439
9785
9453
9561
8607
750
8522
1172
6484
8738
5461
1408
549
9346
4956
8422
5940
7955
8012
6712
1120
940
897
8806
1406
5041
4935
1076
7968
5343
31
9148
9425
874
9384
641
3468
178
1290
6871
536
4293
388
6082
8247
8789
4450
4297
4107
1237
7756
6667
5066
7148
7432
4444
6464
3113
5542
3178
6440
907
9749
322
3269
9707
2547
8278
0
2394
2816
8484
6693
7389
9020
1937
6936
2752
5188
4894
3435
7553
3449
2850
9238
53
4528
5371
1261
9383
7647
2437
3836
8126
213
9086
9280
5265
5836
9138
9538
6224
4978
9530
3097
285
7625
7338
6642
5765
2672
1560
2941
6196
4622
7284
5818
1227
6593
3627
4635
9014
1342
6276
3567
5012
1735
7742
4691
1719
3245
6183
1228
5162
4367
9916
5755
5974
2569
5191
7573
3844
3075
4768
742
7950
7564
5652
9813
4466
5959
4670
1397
8657
4977
1535
3840
2718
4791
6370
5969
7685
6925
3572
5141
2294
7973
424
9952
9985
5473
7358
2928
3328
4415
6279
5953
3652
1677
465
9827
204
7302
3462
755
5678
7705
4146
3246
958
5581
275
1328
2479
8706
6201
9550
293
299
9320
4042
3349
1700
4982
5771
1803
9357
6150
5636
3465
9575
737
8454
546
9595
4190
10
9218
5675
7777
8441
895
2514
4798
8532
4368
2805
135
3933
2373
2547
9841
1039
5119
4364
2386
3791
8931
5285
4590
8284
1233
9609
5717
6160
8692
6951
6863
7666
565
2590
1045
8124
5069
4175
7997
9898
666
6485
3287
1493
2767
2159
3243
3516
6988
8893
1073
3207
8191
3424
7427
6426
2350
4279
704
1186
4747
5994
3300
9464
6029
9915
1838
2340
2783
4054
9125
1367
6960
7943
7310
4218
1059
904
7592
6015
2977
243
9624
1516
8907
3803
3391
9821
9012
2683
5626
8825
5717
5928
6072
4983
6555
1666
3278
6983
5734
6386
1787
2894
9513
4417
7400
9006
905
8774
5295
7402
7331
1331
7066
5149
6908
3818
2757
2991
6133
3894
2783
3806
1936
1713
9468
5801
9929
8452
6043
1031
560
9106
3084
375
5231
5856
5293
7511
8831
8928
3118
2357
6093
8280
3445
1831
7373
9561
8332
5836
9966
9432
2297
8850
9921
1645
4894
595
1284
7310
4119
2693
9625
1319
4836
1214
4223
3660
4853
0
173
584
2869
7014
9155
1092
8880
5050
9853
2193
8947
1364
9164
7825
918
9465
1895
5742
7628
4626
2181
5865
8365
2373
2779
1014
4426
4633
5090
3571
3944
9839
7725
806
7941
9691
4407
981
5502
8952
5635
7735
9905
349
5937
2656
2834
9867
1113
8645
354
2465
7810
4047
9901
5437
5482
239
8154
7718
1721
3053
1013
5287
2372
9701
1066
8500
6090
8783
3357
1110
3582
310
9089
5373
1372
4139
3254
5837
6175
4592
5979
5423
5465
7717
6280
1539
395
4130
3920
5107
6137
9687
9501
7167
4787
606
777
3764
4455
6905
6432
1089
8330
5671
528
4397
2064
9980
7693
4823
4669
8091
8575
5772
8197
2929
1044
3767
6959
7249
7321
8551
3390
1971
8509
9554
501
2355
1913
6881
6329
4109
2802
6183
6553
3138
9315
5954
4141
7151
8360
6346
1131
9439
703
8032
7969
2457
338
6176
7912
4459
4765
4867
5975
7016
6547
9268
2951
3394
1402
3614
324
2443
3025
