9426
9196
3
6182
6782
705
1203
8884
1630
3918
79
523
2681
9233
9009
1223
4960
9578
1723
2092
8302
1452
8177
823
2743
2905
7022
5321
2345
4910
299
6258
4336
1798
9906
710
2029
9519
3009
3501
1303
5932
3754
626
5047
382
855
8164
3421
4471
3579
321
8081
5866
8965
4423
85
3455
8626
7527
773
2121
7530
3971
728
6799
7726
1093
6879
2223
7103
7107
5544
5028
365
937
5118
5857
2354
1688
5763
6424
9926
2414
6547
8426
8052
8789
1848
7706
2100
4339
5074
4579
2157
6883
6458
2419
4283
4607
678
2126
641
9108
8882
6828
3317
4656
1300
3828
6054
4192
7760
7938
7270
1645
3960
1871
1528
5473
6896
9963
696
6116
3438
6021
8104
9503
8167
6221
8218
9191
7869
7479
6160
3971
4372
7574
2357
9904
8796
3617
6248
8634
127
4041
2250
1028
4209
8932
3175
507
21
3778
615
6131
5151
2816
6745
5941
6049
1289
8176
1554
2951
105
5844
8699
9815
3222
837
9271
589
2199
2412
6623
2452
7178
4805
970
4602
9317
6861
5540
66
4127
5902
1900
2501
2355
1660
3557
3608
2568
2379
8880
498
5468
1013
3404
8429
4008
8854
795
4809
8854
2134
7378
1807
6212
5969
7802
9669
8881
2420
4475
1161
7224
1417
1624
4649
4170
1161
1545
746
1764
9001
1236
7006
8619
3113
7903
9536
2728
2986
8708
8674
6246
6987
5700
9508
2778
7749
2215
5959
7463
2248
1893
3952
4929
621
9823
5270
816
9779
7755
4449
5339
5865
4224
7832
1736
3783
1791
7346
628
8819
174
9614
5365
3469
4340
224
8469
5340
1680
7139
9924
5499
1281
4760
7273
9404
1922
9242
115
9722
3611
1735
9082
5302
3964
6146
8179
9372
7533
2149
2913
5396
8955
3661
2700
6004
5174
8725
7660
541
4791
6026
145
4234
7317
6395
2174
3817
9708
1078
2933
8807
8860
6501
1786
588
3323
860
110
9725
7677
2920
7624
2436
4859
9007
9613
1682
4720
339
9818
9752
7665
2710
7265
8321
7328
5586
4827
1489
5975
6016
7935
4155
6032
5627
1641
3429
770
7188
9866
858
3170
2389
7487
3285
601
5509
1879
9069
4057
7740
6968
8444
4143
4145
9753
9766
4194
1251
8675
8742
6127
1141
4651
6531
6829
2165
3159
8384
7467
4960
8023
4383
55
7414
2442
3048
7328
3519
4706
6581
921
6393
8444
8149
1871
8517
3131
1715
3794
3080
9519
7900
3727
447
113
2553
8045
9594
3348
8072
6883
6610
2693
2480
721
8639
6923
6863
2684
3514
3849
5810
6690
8951
9593
6290
3027
2505
5310
8281
7950
6823
2160
9024
2920
2559
8242
5795
7093
2498
230
6378
1658
2707
4708
3192
4541
5319
2159
1521
120
9620
6075
1675
2564
9984
9541
3563
4063
5149
4832
4010
5563
3899
5554
5250
6042
4859
5566
8666
746
5777
3559
4399
8483
2123
5389
8663
3263
4830
5231
1335
7262
5329
7279
9210
6920
6728
7804
7652
5724
5354
6716
1270
9856
6081
2367
9908
1450
9315
7687
4368
1129
6048
8362
4557
9773
8803
4358
352
2668
8671
1915
5821
7824
4368
8500
7982
6305
778
7472
5161
6405
3027
3328
310
8149
5812
5912
6378
7200
8245
6306
1823
7866
9063
1758
6509
1438
1462
740
4210
1463
2827
7159
9958
4009
1839
1183
2102
1106
5835
939
5598
6437
9061
7913
8287
9438
6333
3595
4051
9793
3653
2452
1489
6944
372
3416
7013
6057
8143
5532
8721
5191
3596
592
7356
6077
7026
51
5279
1298
7536
2726
3758
1057
5470
7362
3916
8728
5856
7026
4338
3772
7131
3085
9385
8447
6790
2726
5844
1007
8257
6765
5591
8331
384
5289
1747
379
3758
5297
2743
3826
8896
6149
1466
718
4629
5170
1747
1160
4625
3129
4850
4775
6831
9603
5076
9328
1054
7068
1464
327
7785
9218
1861
39
3427
2711
2899
5046
38
8658
1416
8877
3338
8676
4597
2528
1854
5743
4567
3663
62
686
4376
8332
7911
8748
6153
4176
4853
8236
5226
3085
5163
2791
5166
713
9928
1473
412
8561
1048
4599
4646
6822
7939
558
9488
4855
5793
5694
2371
6225
1311
2309
1914
316
5088
938
6487
1004
8012
4051
6193
5749
6687
64
2829
181
4601
1184
8327
3276
5426
900
4607
3011
3774
8433
2782
6769
136
5340
608
9669
3754
3072
5000
5654
31
3698
5752
6853
3105
7109
1934
2024
7965
7004
6385
5258
9484
1291
7869
7807
6204
49
4565
3118
2604
964
1371
9777
6444
8929
5454
6758
7845
2777
3044
5117
9872
78
6723
58
5608
3091
9571
6898
1861
5426
3611
1450
1412
4468
6489
4775
9562
1166
9281
9393
4626
6315
4422
6627
7921
4011
6866
3109
3825
4178
2560
3610
8204
3692
4049
3550
7167
2972
7132
8490
8310
902
3359
1502
465
7538
718
2410
9962
1933
7159
6110
7895
2426
220
5163
4362
885
5331
3114
5520
1170
1151
1631
8904
4621
1379
222
5031
1489
4399
335
1583
3783
3266
6647
8259
4674
2399
5507
5756
9519
9777
4634
8585
7012
5355
8317
7398
80
2071
6515
4914
9722
7749
7269
1588
8085
4696
6207
2222
2871
3841
5639
5285
9366
7354
6361
7334
5615
1948
9068
2040
54
2462
105
5492
6230
3809
3694
7416
6389
2784
1909
4484
8128
4936
3724
7995
5813
3524
6340
9404
8756
174
6381
2821
868
2416
1885
8305
6633
5715
1376
3768
4384
3796
969
5131
2939
9554
5142
3140
8386
6617
2581
7326
105
5615
4319
1107
5421
7126
4085
8847
1171
3080
9968
910
8542
979
3117
9444
3923
455
2791
1819
5931
3681
1365
9112
8571
7503
8999
7377
9754
700
1045
6938
122
1495
3892
8035
6772
1304
9506
4240
2839
9548
6409
5250
4077
7469
1110
6686
6268
1788
3790
8990
9167
1049
2492
7790
699
8894
9779
3085
2245
5510
5078
9626
8764
641
3618
6680
847
5593
9456
9289
6118
2145
82
6085
8396
6821
3859
6826
5698
4865
4868
9672
7023
5310
7500
2682
4600
4325
8476
5623
2152
3567
7633
8396
9651
1225
6720
8435
4528
6471
781
9778
615
4430
5363
3646
5798
4357
5396
5841
3253
8901
4574
6489
6564
2691
2538
6070
6163
7739
7854
8111
6040
197
8948
7410
4399
1492
7519
4840
1114
5240
7468
2451
6982
6827
4368
794
8336
7634
8552
4002
4930
8858
2351
9152
7277
8886
8435
7813
6137
3226
2825
8734
2118
2579
5751
1929
5279
7583
5474
9990
9819
3602
4523
3212
951
2385
8227
8929
3726
4828
5731
443
4109
6443
5101
9999
1533
8671
4236
8512
325
369
844
5819
7027
5670
4027
2296
8664
1580
1159
7213
5470
7404
8020
4127
844
9721
4144
912
693
562
2695
6582
1699
865
8289
4794
9383
7747
9876
8232
2169
4592
1383
4350
6978
7904
9637
2843
4079
2684
532
2529
7562
8372
4104
8662
2021
7933
6908
3905
7408
4093
364
7519
8413
5888
8956
8337
3361
2803
9328
1731
8719
8015
601
4077
7057
5188
2118
1856
5384
3305
9933
8321
4627
798
4204
7907
5218
3123
1141
2261
4643
1023
1106
3678
8727
8548
4130
1380
8915
4169
7941
9426
2372
2790
1425
9513
8985
3103
7376
775
5195
7113
7996
8954
6096
5641
1755
7467
4902
7347
423
4987
4876
6635
8718
7057
1243
1447
6950
477
9982
7491
7649
8895
3605
8792
5010
631
1056
7041
4051
4588
9593
9609
411
2500
7038
9769
5665
2170
3432
7018
7427
3775
8738
1848
4755
7898
9718
7902
6691
1607
6790
2645
3799
481
753
684
9318
8763
4109
2597
1014
6400
5337
3546
8200
8991
3244
3247
6343
5974
6100
783
8647
5975
6920
7565
850
8063
8273
4841
7562
8561
2024
1143
9664
2723
2790
8337
5584
8632
1261
8340
6954
464
927
1303
7366
615
5029
839
4527
6340
3466
390
7888
3557
8227
2435
7614
7952
9452
2976
4653
586
1357
834
8330
833
254
2039
6444
9884
4256
393
9311
3973
393
6360
2635
7641
7798
8634
6284
3011
2968
630
4050
1349
5593
6585
9162
872
3308
4633
8020
5238
7459
393
8242
4327
5617
3249
6305
336
7020
1333
1554
6906
4718
9503
1383
661
4791
4250
7248
354
9765
4126
5699
6335
1975
4372
3241
9606
8734
4321
4066
2460
7325
776
669
4820
200
4684
4075
4550
6852
4002
7667
9307
3390
2694
8143
7459
2637
1537
1030
8270
5580
3582
7075
8275
2687
8722
6632
7858
4049
2929
7437
7058
749
4365
2364
1869
3655
9831
7628
7765
5073
79
7806
1337
785
2419
5074
257
708
7219
6986
4882
1079
6098
3716
6576
182
2760
9827
4631
1500
1385
8670
3278
6956
8627
603
3749
1291
1992
1232
5183
7530
6316
6171
4297
1766
730
9427
5168
5225
2971
9306
968
3233
9340
6699
6231
3057
225
9781
5003
6492
5331
1966
1902
9757
5498
6433
968
8495
4183
2247
5465
6774
4685
7819
774
2829
2370
4382
2868
9962
3423
2840
1408
6795
4281
2026
3316
46
5115
2187
3025
3258
2690
2184
8638
9659
7291
8527
3577
1237
8324
2462
2678
7014
3999
4949
7405
1016
8708
3748
5582
3238
4006
9292
8772
8371
7053
8655
3856
9681
9865
9400
8313
6066
2322
4841
354
9408
5060
926
3658
5142
697
4920
9111
2168
6023
2741
5544
4883
5543
9247
2698
7806
3057
4055
6299
693
5302
9823
8496
2944
6683
7717
7332
3183
711
4166
1842
1825
996
3878
7972
9886
2208
2849
1561
2135
4380
9374
3050
9194
7322
8660
2049
5494
1839
4217
5562
3777
9120
2053
3259
6946
7915
2112
9078
8603
4982
6663
8624
2897
5693
465
494
6745
8694
8692
4355
4889
897
3766
8528
9406
9928
422
9113
6100
3401
3715
8193
5784
939
6578
4698
8450
491
9414
28
1692
2895
5264
1106
4736
1971
5654
947
8554
9351
6497
4487
3597
2052
4039
8571
3869
2285
162
6990
4780
7470
4621
459
1383
9707
8788
8515
2833
9714
7174
3261
514
3113
3288
5776
6361
4240
6798
3014
9823
2077
2312
7692
5511
2603
7382
9942
1818
4299
5727
8086
9968
3074
8092
632
2420
5076
8354
535
3202
899
8501
4915
9217
5724
8298
5157
6639
1003
6710
799
2958
8177
7397
3569
1104
544
1495
6649
3991
2930
228
9469
1737
1129
7766
7478
7412
5112
263
6019
5972
9919
923
6597
2187
719
1659
6000
9146
3021
4206
4798
8998
5238
148
7866
9925
4492
5034
6588
4722
8824
5163
8646
4383
5726
2046
6985
5334
5212
3388
4598
9841
4206
5015
1403
734
6730
6429
3846
1539
6995
9537
298
9247
3291
7321
9683
594
5766
7577
6969
4634
7878
1963
5559
4393
4173
9137
4581
2828
9049
4162
5451
8582
736
2456
7075
7014
723
8641
2823
557
2127
2377
493
1996
75
7414
177
5727
2191
5195
2501
6360
3787
3355
4578
8856
7839
4770
7383
5073
215
2987
9041
3501
5687
4644
8657
3797
4188
3951
5383
5935
7748
0
5103
9138
3450
6268
481
7234
7157
8431
2807
6438
9140
9055
920
8852
4126
3696
1937
7866
511
6665
2836
2271
8333
405
8787
4256
3118
4736
4730
4150
4597
2891
5864
1610
5056
94
6752
8075
1489
7490
7234
6267
9000
8277
3108
8634
3663
4438
5343
8370
3934
4025
7056
5138
9764
1281
1480
4188
5389
9623
7406
6053
1841
1466
3978
4901
6778
1124
6535
636
8478
9270
7884
6874
728
7508
1654
3917
1895
9552
9728
6648
3504
18
4193
5278
1575
9548
3595
8373
6092
955
106
7461
7795
3508
8279
1422
5505
3487
1709
322
296
1892
8257
4465
3732
5719
515
262
4913
7005
1428
2736
188
5614
435
4746
5695
9698
8213
3889
1801
6409
4583
2459
8397
3230
4197
383
798
3868
9798
703
2637
8525
1458
688
2602
9641
1334
835
165
2268
8609
2459
2010
5959
7614
2604
3591
2149
8165
6198
1521
1924
781
1921
9899
7330
2473
5513
517
4610
890
9464
9877
769
5386
5765
4303
3621
7187
7879
9338
9035
6586
7385
2088
5614
3103
3362
2363
4173
9039
9734
6493
4675
184
1633
3673
4621
2940
4724
9893
4635
6774
860
9601
1119
4237
6344
9344
2998
6506
5121
4411
5938
444
4696
7171
1558
2888
4365
3618
200
5524
7400
8426
9552
938
7656
4201
8867
2370
9088
8604
260
9460
8043
7416
478
3800
3189
7212
8719
8186
8499
1570
8430
8284
9069
3779
9760
6233
1217
314
9337
1072
6022
7597
3241
6731
7578
7088
9267
3024
607
7888
1384
2783
8702
2599
6500
9027
9036
4114
2216
6635
5577
4667
5453
8254
4163
7934
6793
5683
85
1711
6308
8460
2645
9614
3761
3987
9332
6662
5732
5529
3298
4037
6714
3095
2506
84
8426
9425
7252
7602
8264
7293
5445
2801
2042
8573
5480
8268
6905
7253
4686
9950
8672
2788
9980
4372
5534
5270
7795
3842
5447
9329
7437
4664
7086
5096
2329
2298
7161
3019
2503
7820
804
6863
674
9409
2612
5573
8021
9379
2626
7561
2601
996
9959
1068
5464
1716
5280
2583
3223
4559
8553
1600
8660
5241
4937
3432
8725
6444
2485
4716
901
2802
9468
9760
8773
7698
6135
2984
8882
7409
7227
4485
5716
1668
9141
5796
6431
8036
3433
3503
1732
7962
490
8828
9837
2641
9957
5954
9321
7116
5403
5415
4560
1870
5779
5923
8952
5420
610
4912
1811
2312
1179
9966
1813
2913
7624
5709
5098
8180
4331
4464
4899
7983
9398
1479
8650
4934
6455
60
46
171
6651
5363
5393
8926
3448
9470
3780
2310
946
9728
1176
4415
616
7911
730
4480
7608
4265
6201
1641
2880
8246
261
6187
5111
1453
1779
4889
8102
4133
4992
2094
5505
7198
2222
6206
9183
6645
2149
5164
9584
2694
2127
9472
9572
6109
4969
3058
1665
4059
387
5253
6288
5848
1891
6844
1645
8420
7958
2216
4739
9965
9437
8848
3714
9949
9496
8946
3893
3730
858
3378
7294
6722
9889
4129
4415
3265
7941
8223
546
1676
4320
6899
2969
6228
322
3551
3840
1226
5607
8476
5450
3962
7203
3066
9456
923
4934
2239
2425
8091
8758
6152
5115
9123
4412
3328
4540
2430
8581
1062
6361
1460
2231
2365
3633
1564
5066
9120
1630
7064
793
3019
1868
9861
1292
8013
268
3741
581
5957
6204
1613
248
144
1746
5421
5515
9544
532
534
6310
5297
2890
3410
2796
155
5904
6118
995
2935
4112
4263
3670
7633
8009
6562
8441
3850
2639
7453
143
479
1595
3726
7358
2476
9678
8655
3366
6201
5167
490
2419
3302
3520
7396
1285
5518
8908
9036
8202
9102
3625
5044
2433
2065
8572
9468
8574
197
5280
9817
1359
9878
3209
4647
4969
9140
1333
743
3313
8679
767
2739
7433
1538
4059
4957
3262
4919
8674
4066
7023
4780
364
8073
3880
2776
3198
3256
8781
8021
7341
4467
4449
6389
3039
1802
8715
5443
9732
3425
5652
6529
4811
8617
5456
989
4299
6746
2251
8718
6488
5985
884
3784
930
4220
9122
3398
1907
8080
5457
284
3597
7533
4668
3514
916
6352
1856
3893
3266
264
5181
4960
6673
348
4122
1445
927
2120
5715
6575
6929
4917
3049
9617
2802
532
2640
2108
6005
2960
4224
4135
1997
4699
4389
5786
5580
6024
4610
1902
6614
9198
6535
6094
1486
9111
5531
4009
8123
5077
868
2483
2409
6019
4033
5653
3117
9314
8410
8577
1380
8456
8801
9352
7727
3650
3348
9140
4430
4031
9664
7848
8152
5036
6250
5328
4250
62
7716
7096
8610
98
1983
7427
3854
4633
8232
1140
5767
4474
3423
4717
3877
4971
2970
4146
6092
1351
6981
3001
2946
6535
4505
5017
2709
399
2354
6397
5511
8406
2581
7567
5336
6712
2161
1367
5127
5539
2983
1181
530
4151
8310
9675
2343
5448
284
4979
8747
341
7360
9623
9618
4554
4519
2894
9354
9847
7856
5441
8136
1531
7570
1246
879
5034
219
7806
3177
1206
3984
9685
6267
6325
4049
2813
2174
7774
3849
6010
677
3318
9213
6409
2100
3427
2969
3778
3332
6135
9643
5916
9250
1989
640
8291
3742
8289
8850
8509
3237
6563
7349
6406
9988
572
99
7473
5828
853
7281
9973
6879
620
7929
8725
4243
5878
2367
9243
4585
6314
5078
4834
8388
9106
231
1133
6686
223
3942
4992
6380
1028
2041
7052
8231
1701
4566
3175
683
893
2776
8376
204
2740
5181
2434
4574
6055
4663
8437
3821
4073
4483
3903
5938
473
397
5004
9281
9375
5497
1225
4507
4899
670
8842
6458
1440
7420
1331
7217
2753
9139
9694
6720
1404
1285
9065
8837
1857
5297
9615
292
338
5976
6473
4088
5421
8697
5661
6092
9972
9950
7933
818
6209
2281
6167
3637
6719
2339
648
9883
9260
6597
6614
870
3731
5100
8227
3842
7010
9064
3557
5909
7399
5490
8636
4272
8760
8627
7014
6945
6846
6294
9913
4620
1755
5935
5634
8285
2002
3410
9406
8800
3148
432
7330
5177
7386
7492
6479
568
5610
1867
7101
66
3839
1657
5912
3321
5241
6580
6367
7930
3310
3367
3989
6551
664
6152
7534
5708
4949
1013
2342
6567
6159
1828
7898
9593
7648
5088
8588
3095
259
7682
1085
227
2776
7760
3382
2315
1801
0
7739
2037
5297
2597
6805
3838
5087
7056
3607
9236
1596
7403
5008
3628
4151
8082
6691
992
5964
7450
9828
2821
9773
9817
4586
2909
4197
9233
9232
3697
3154
2389
683
3648
386
3147
2006
1602
9222
1497
7813
3889
4105
6108
2895
9293
5869
6820
7544
1904
5418
1162
9559
3948
7950
7124
6131
9486
7551
8541
5896
8426
5307
5993
3037
5965
8279
4201
5861
3096
6079
8051
5688
9029
6579
1672
6361
7437
1561
8643
7290
2914
153
6859
4372
2086
4713
8536
2428
2104
1945
4705
1284
3745
8673
2481
2857
4827
3220
9960
3004
3085
6721
7133
2609
6490
5046
1807
7684
938
930
5544
787
1650
1801
4838
7781
9104
1207
2570
7801
2681
4102
1368
1367
5884
1244
2551
3056
2508
1889
7529
5724
8930
4383
3418
5635
1488
2140
9236
4195
5153
2904
3839
9037
6628
7166
2126
7925
5314
4650
9445
6379
4687
2111
3855
5108
3796
9685
44
7643
7854
5025
9710
8929
4481
6926
5592
2563
9200
3807
1823
1597
3187
963
7463
7726
9754
2449
3866
3556
3769
1016
3761
4114
8401
2135
7118
4446
4170
5490
1392
1547
1258
393
6421
3316
1103
8912
8596
3106
2795
2885
7495
2229
6502
7553
8241
4672
2325
662
772
1111
6621
7101
591
2844
5051
1683
2754
9375
2755
2749
3296
9880
7785
8470
3843
4831
3935
3042
6818
3497
6391
3275
2324
6659
8541
9718
4170
7100
980
5717
1358
2204
9176
7856
2945
9615
2509
212
5165
9712
7248
3657
230
1112
2683
6539
6297
9998
2035
8000
4175
464
7610
361
9403
8725
7109
2818
7659
1247
8188
567
2690
5668
8516
296
639
4254
4117
8476
4055
8337
4356
2837
8614
7862
2174
7345
7719
1024
8210
8301
8610
5124
7665
6999
2769
6260
6348
9791
3227
6929
687
7048
1840
4523
7338
9692
7957
902
3756
39
7172
8264
3033
8677
2402
5100
1202
3789
5006
9792
8946
683
411
4391
4262
5879
6398
3383
2353
9619
4753
9936
2492
1976
3356
9360
6329
4843
2325
2485
9567
6619
4931
5455
4773
1980
368
9516
151
8250
5089
2912
3234
9543
3424
5020
3828
6684
9091
3181
8418
4043
913
8364
5440
620
580
3488
5960
6923
3852
3988
6430
8130
8405
297
7619
5442
6168
5608
5344
9286
52
1886
3816
3596
9552
2986
6221
689
7056
7155
6251
6331
7729
4933
5828
2908
9237
5394
160
9320
689
5742
2069
780
7650
3094
8662
6465
2214
9136
7550
6245
4444
8719
9307
8042
3954
8375
8456
9363
4450
2811
1496
6833
9860
5415
9909
4481
5501
5438
8162
8666
3368
4195
4951
4943
233
5715
237
7229
446
1863
6804
1931
2326
6640
5604
4873
1123
4082
8998
8967
6716
9236
4463
5861
3933
4118
6074
212
3781
3717
1256
9806
352
3655
6148
1672
388
9533
3939
7806
3662
8178
6932
9408
4343
3125
6135
5265
9860
7001
8945
3035
9506
797
2880
1103
3169
3601
9722
9118
2257
6376
2881
6248
3971
8825
3740
7213
8689
5401
294
6532
2727
413
2614
6334
3111
6953
6239
2869
4638
8338
8265
8414
1470
2652
2400
126
7366
510
4667
5173
7729
2695
5356
798
6913
3716
6924
4815
2891
7788
6499
1384
6559
2
4369
6416
5357
869
300
2077
3385
45
3446
3568
923
2196
3599
7847
1198
3213
5964
9562
4047
2241
1741
2352
2234
490
1145
5044
7824
7110
4471
4443
4677
3124
9307
4597
7650
3394
9053
9560
9019
3716
5510
1498
6627
1553
4246
2123
7594
8332
1022
3986
3278
7718
5500
7342
1633
9775
6728
3168
6018
3169
6755
8074
2268
2983
8493
8447
8826
9761
2391
8797
3842
5773
9669
5396
1441
4213
3693
3377
1540
9864
2349
4935
785
6378
307
2934
7658
3420
7153
3999
5349
3435
9758
9346
4035
6636
2100
3409
4677
2017
6506
1335
8689
2750
8450
5816
4916
8119
906
218
4093
9937
6333
3653
4403
2051
8149
8821
4441
3092
5719
1167
869
562
8386
5002
1475
6249
3791
7070
4116
2857
8777
7034
4887
4735
6294
4011
6626
5178
2752
1818
4460
7827
4886
8431
6643
718
3690
970
521
5625
6651
4510
1024
2537
1506
7747
1584
7515
3361
5013
3011
643
5839
8324
7824
8862
4240
2786
9356
3962
3137
9367
5755
3251
9959
4063
8033
6891
4287
1145
4257
864
2264
6560
1902
8167
5748
2724
7122
5475
3868
7206
5892
8021
1962
760
544
6793
8031
879
2345
3292
8802
5795
5078
158
9481
6565
3160
1816
8078
5557
2098
2494
7303
4191
1902
3220
484
8353
1718
7316
9238
5722
2192
4719
7082
8414
1323
683
8721
1113
544
2608
7595
5763
2479
4691
9161
641
9169
8139
7609
3865
4738
390
8415
838
1469
3737
8708
9641
5506
5202
7957
5930
4885
5248
7380
8921
6273
2062
7161
3992
7905
657
9211
7526
5597
7140
5304
7932
1274
6455
8059
1042
7074
5862
1821
8980
7597
6218
4527
8521
3186
105
4470
6080
2623
7542
9998
2775
1863
2868
7128
5896
1655
4924
9445
2174
8263
8745
8636
2773
7206
6876
7248
4269
8705
4628
2138
8648
4974
8990
669
6057
5185
83
6639
6616
5785
479
7240
4602
5088
3085
4434
4343
3067
414
1364
6377
6311
6179
2177
9242
1898
624
7466
7450
6664
4384
8007
4078
285
4905
6655
4797
9899
8992
477
8270
6305
2348
1879
5519
5309
9508
9443
3706
8880
3128
6857
7903
545
7400
5016
7582
9709
4063
6920
8988
27
364
3813
3324
2875
8269
1895
3310
2129
5084
4175
2473
4394
2748
1306
1991
4818
2884
8237
9306
3389
8822
735
3921
7669
4516
2173
8362
7274
3691
3177
8159
1954
7696
2590
4558
6964
9872
4764
4711
438
2829
2073
8287
777
6192
8018
4869
4772
228
1864
1411
6118
6993
4466
5210
9709
2050
1435
4312
1370
345
662
870
4767
9135
6214
5567
9268
3918
7191
6072
979
1902
1176
5332
7305
2422
9459
991
9354
7086
1337
6532
9203
5984
5806
6032
4316
1395
3563
581
7835
7724
1965
5869
3312
7670
8959
9877
2109
4902
8356
8006
2703
5719
2250
5211
596
4125
2320
5149
2947
9183
4649
9289
6075
7151
6501
6122
7881
9011
2697
975
6789
2833
9572
4632
3507
9540
3288
3851
1208
7020
5835
9842
1639
3731
7573
5701
5118
5235
162
318
3054
3634
7552
6311
4955
1765
6165
4099
1750
844
2155
4960
8274
9248
3873
200
829
9380
3056
6137
6808
561
6574
7949
9265
9820
8568
3663
2868
289
8040
3029
259
2479
1445
8103
1003
3041
9790
3052
3174
6534
3932
9171
5832
3518
9249
4644
6625
3684
4776
2809
5409
4129
7429
3041
5113
140
3577
1504
9458
4069
9791
5188
5799
9793
5136
5530
5626
9880
7288
9410
4696
4555
780
4411
9176
7435
2560
8029
5752
805
6823
1157
8398
4430
5583
7023
8003
5884
832
1053
1873
3055
377
8622
4003
9663
7919
3407
3308
7105
8605
9944
4071
1052
9107
7215
2737
5391
7671
7099
5645
4748
8097
7709
210
1522
7180
4747
5283
8481
1254
2074
5292
583
2007
8526
9715
9710
6899
5187
3602
7912
9035
9924
6788
4874
2644
2470
6524
2210
684
1980
9121
2740
305
5547
3521
5498
7949
4315
9962
4532
7995
7025
5608
9490
368
2059
3952
8017
45
2827
4057
3926
2868
404
8677
9935
8434
5825
6039
1207
8926
6879
4561
8308
119
7949
6920
2709
8941
2440
2527
1382
9379
4420
7201
5421
2843
453
6638
1977
576
1214
8967
4476
9132
4872
2074
3361
287
8113
4704
780
4875
1343
2248
5308
9537
8409
150
6009
5324
7934
7868
3318
9356
4768
8646
5088
1649
9709
2827
6608
8843
9247
8782
1976
7205
1043
2354
1750
261
4491
5946
2354
7854
6435
1369
217
2365
4057
4724
7985
400
2537
7849
2171
920
8374
4541
6927
2452
8108
615
7541
4710
3415
1785
2886
5066
4561
5821
1882
6572
5038
6184
2588
8588
1155
2668
8359
9142
4181
3853
7226
662
7211
3083
4867
9537
8907
2499
1437
3326
991
7170
3524
7603
2609
3551
3974
6010
716
6614
4274
2981
6465
3729
2786
6210
5337
8831
8998
7176
2606
1806
1394
1964
7878
834
3926
6222
4962
775
9583
8897
5979
411
6668
3152
659
7796
5093
25
8252
3447
7789
5373
8665
8712
5477
9138
4896
474
2878
8307
4432
9485
8090
9800
8323
4007
8654
2182
3499
1153
3575
8614
6544
5894
918
6697
2360
8861
8671
3378
147
9229
8709
3689
5413
1988
3179
7439
8089
3478
2383
8542
6419
1845
9589
5080
5874
7630
9485
540
7298
434
3322
6907
800
5721
5283
1986
7310
5539
630
4365
9680
8208
6228
170
2399
4499
5963
5049
8216
4099
4140
7786
7753
470
1930
3379
6942
4731
2418
2753
643
4375
1587
1066
5253
4623
8017
9669
967
5711
7916
7675
381
8291
1359
1736
762
5022
7105
5526
3916
6542
6997
8874
2593
4377
9900
6168
9146
7399
8852
2092
2161
8796
8862
1952
6841
5771
9851
1809
8418
7470
3472
6306
4983
9630
5580
5405
7422
6131
7885
5138
780
3812
981
745
3577
2494
1135
4670
3357
94
6176
2490
3809
7756
9396
7476
3082
158
4351
4676
2271
8437
3065
582
4512
3817
6178
6961
7481
9894
7928
8118
6513
3195
3091
118
8374
9990
994
9579
3175
1156
3319
5294
3886
7071
5495
3812
2082
4086
2850
5767
5253
2775
8449
1214
643
4302
9621
3499
9643
2279
1441
4228
6663
3370
6935
159
8520
7571
2644
6554
1203
1746
4436
5044
8403
8002
9741
4332
4577
3316
9752
2047
7250
4207
3912
7453
2791
5109
3946
3866
8912
8087
5418
1904
1235
3602
6702
9397
9160
481
9394
6170
4708
1270
3578
9583
3581
1716
1389
3199
929
6801
8909
9851
286
908
6003
63
3426
8499
7182
4334
7542
7617
4532
4401
3178
4750
2174
7409
1388
7143
2799
8913
4116
7053
6953
9552
3928
6794
1097
7515
6328
5889
6543
8379
8326
924
6346
5459
246
7078
2917
7771
8599
497
7376
1532
7968
466
4534
5321
4647
7471
2973
9192
4841
3702
1335
9372
5718
269
6402
4156
4904
5872
6048
7928
4131
1557
7231
5493
9247
2919
6996
6369
517
6835
1540
6190
316
4701
2275
4803
1144
7288
535
5048
6569
2506
6774
4367
4285
5860
7901
8553
1262
148
103
1188
8804
4792
736
7540
7721
1053
5630
5593
893
6313
4221
2407
1023
1439
1304
8270
5048
1698
3135
4857
6109
8122
2296
3804
9882
558
628
1142
4788
5475
7875
7783
9495
3816
1896
675
2453
6518
6330
7712
1649
8342
6698
8595
7978
1813
5013
9443
6544
4989
5092
1555
8185
2489
6164
9682
6346
105
9906
4228
5922
9171
3206
6344
7152
5654
8534
1339
3551
9937
1921
8695
199
3233
5978
547
6172
2332
7018
420
6
3060
6912
6055
2497
9121
8605
3398
2974
1205
8124
760
7000
5126
4991
3192
1872
6434
614
7437
1392
1264
6086
2690
3736
9272
341
4413
4941
1659
3276
1042
6823
375
8099
739
513
3187
4670
9028
9463
7750
6533
438
8236
5731
9044
7244
7674
7915
677
8011
6517
4359
1569
3257
2317
5092
2358
211
7238
911
8783
1993
1028
3537
6288
289
4090
5356
9988
798
9952
8306
804
4431
5720
8079
9713
4778
6801
1378
5766
3040
1337
6728
8287
48
277
900
9907
9312
1183
7439
5086
9441
3293
1247
9825
2664
7532
2289
5379
6187
4456
5325
6623
8051
893
5105
1522
9784
6608
1930
9530
9392
1918
6041
7715
2967
5197
2433
6967
6752
3545
9369
5815
6950
5691
5076
9603
895
6622
4223
3344
5535
7883
8226
6647
1073
6361
7167
1371
371
3514
4855
6677
4652
4693
142
4577
1410
4064
9998
5843
328
1853
3073
3220
6198
8151
1032
4370
3210
4120
6726
3638
8706
7326
6591
929
438
7338
6363
3701
384
6554
8029
1290
2107
4702
4655
109
4003
1080
718
6231
296
87
4821
1138
4466
4132
4969
6439
6695
7268
6957
9031
7089
9601
7431
1149
2759
7713
5182
8424
9538
4148
5119
8695
2832
2325
5131
3378
4302
3646
6142
9663
1372
1490
2607
1436
4514
9572
1845
7633
8937
103
3172
2210
2113
7014
6486
4154
4560
8007
2953
2946
3556
2995
4650
4712
4669
8924
2005
5495
4968
9935
1073
6230
6382
6674
2724
1659
5560
8068
8478
1478
5266
7989
1936
1706
9120
9908
9523
3503
9106
4963
7330
507
7082
1315
9743
4008
3298
1224
1847
1101
4997
3370
8136
2407
9420
2492
2025
2194
6417
7582
2281
2039
1469
7622
2120
6837
4013
6072
7824
189
4895
3865
4078
994
533
2488
4649
9871
5745
9343
3268
2171
1605
8803
8880
7309
3996
3994
2986
3560
6837
3746
4810
8779
7478
9881
6686
4937
8739
1519
9889
6079
7851
1192
3485
3197
6963
7491
7171
7830
2610
6559
9357
4691
4051
4388
99
9226
9834
4689
2013
2297
1537
9191
713
4208
3945
9469
780
7011
8226
8064
1304
1954
6101
4833
7061
9083
3652
2399
6081
5778
8016
6866
3825
6709
2773
5608
1082
1185
55
8129
8991
5985
3188
8821
7712
4710
2610
2548
2187
6975
8459
3202
8776
9514
915
8537
9503
5098
1727
7805
1665
7292
6386
1171
4793
7017
8054
9725
9197
9672
6200
1236
2575
2455
6894
5827
7010
9504
1966
3639
4927
2670
4528
5697
8265
6783
7666
5000
7207
4474
639
8967
381
6418
2775
1348
4829
4873
2211
6739
6725
3901
6212
1172
2490
1438
4721
5525
185
419
5578
562
2086
2197
4315
1909
3626
9964
2240
2021
1658
4517
2874
91
4459
8126
8657
2515
7026
2744
1385
3595
180
1467
7785
3217
7381
6165
5495
4640
5314
3921
8326
4734
4864
2731
9779
7034
9614
1686
5045
4158
8801
4450
6109
9198
4300
5757
8891
4918
5516
6647
96
1421
3913
1179
2962
2897
1295
1076
8554
6118
1075
9961
1749
9955
2087
5457
6195
8383
4846
4695
5617
8981
7558
518
9760
5938
3266
994
3283
5660
325
723
7978
4848
2609
4368
9072
8862
3970
1937
6720
7439
5842
2552
1132
2791
3802
9930
6491
9561
2306
9196
8503
4740
7927
7029
876
4558
1175
2482
2711
3719
9038
1995
446
4380
7978
2852
773
5890
9759
3986
6430
3728
2819
4915
9068
9183
7216
4929
4415
9226
6948
2870
1777
3195
1
2771
5242
3758
1833
1441
738
8652
8329
7745
795
2057
6145
6154
16
9371
7298
8398
4769
678
4385
1299
5231
6088
3531
7178
2138
8811
7290
1660
1717
513
2260
3100
5262
1086
9393
4966
1890
5553
7318
1561
2780
58
1961
8844
3489
4594
4204
5324
1218
6052
9905
3020
9108
3347
1264
9626
7680
2342
14
8803
6002
2032
449
8963
8203
6579
8011
7544
6560
3143
9397
2976
7718
2317
7912
2444
9779
4132
4803
657
5032
475
600
4282
5722
1389
1334
6351
649
8661
9226
6842
8978
3162
9701
4946
9935
8395
4009
7089
6771
4298
5091
9285
2459
6191
3460
7526
365
7117
1811
6997
3768
672
7618
6646
8632
7751
2021
1384
9632
6821
3333
895
6423
6796
7294
8821
1334
3780
97
9623
386
140
309
2000
4836
3373
3517
3107
7382
5796
7827
7323
3278
9384
1436
4571
6006
5525
6381
4148
9727
3365
5920
1081
9323
3976
2239
3843
4042
8750
6385
3078
2301
1045
33
7480
4057
2883
7490
8193
4254
4195
7215
7385
2782
7925
2894
7948
3450
6865
6121
111
7699
7712
4867
8032
4735
8802
2669
8790
3264
8969
9607
9602
5160
5547
4227
2904
4721
9343
3849
6467
8770
5893
7208
2636
3239
7236
8147
7220
6775
6928
9291
8522
3886
8258
8094
3469
4559
7247
64
6981
9391
187
6908
9559
4717
4807
1439
5173
5293
8507
2435
8587
1132
6978
8445
2818
1634
487
6333
9840
1342
3496
8340
162
3539
4115
7749
3487
4541
5596
4185
2114
6699
919
1009
4828
26
34
8389
1509
5321
9206
7013
6889
7504
6337
1721
3643
5893
5426
6806
13
4034
2917
4005
7536
5233
5234
3757
1927
6390
7357
719
4814
8469
1679
4706
9936
540
988
444
3547
7509
9647
7458
7581
8338
8536
3659
6113
8626
190
4288
8931
4048
9736
5870
2271
1031
2055
3332
1004
8813
1481
4769
4588
1460
8159
1959
2940
296
758
8764
9444
4754
115
5716
9815
4424
3896
7098
8817
6971
9684
9808
2721
5152
5773
2744
5958
4561
1092
576
508
1513
8169
6050
4820
3272
1608
3030
7826
136
3932
8217
5958
4800
498
6205
7116
712
4227
4892
6796
7969
6500
9077
2570
3761
6904
1865
7512
6529
9844
2878
6222
6087
3726
8265
1617
8945
7483
5494
9190
9642
1845
34
3727
1954
3038
8773
3167
5568
200
1910
1701
3394
408
7827
5609
6904
9493
4097
5589
1351
2345
2549
7393
2486
1002
9879
9951
2700
3323
6946
7649
6003
1721
9620
4482
4355
8835
1407
6340
9282
6488
533
3316
8980
636
3408
3044
6830
458
8681
4578
9128
9060
1269
1179
8561
6980
4179
4154
7254
7458
7466
5291
4728
5559
8549
8459
9345
9392
8535
230
1509
4681
4797
798
7023
3520
9543
10
1927
5827
4786
8666
4523
9061
9397
6592
5431
6181
3584
4980
9203
8939
4013
2078
7210
7417
4909
2692
8756
6175
3542
624
3449
4881
3568
1896
2137
7583
9944
2120
9062
2352
810
8298
541
9984
9847
198
162
4351
7288
3321
3670
1966
2953
458
8889
7213
8388
5709
9066
3698
8057
2995
8763
242
103
932
5980
5885
9669
7409
82
4771
8722
7869
6927
7391
6070
4448
6716
7890
4791
9722
3138
1518
2297
2125
7941
4961
3432
7411
9088
1909
6172
9727
2988
6062
6132
3456
635
5708
9992
8488
7383
9724
4318
5943
8113
8231
2137
2877
7370
4365
5257
8609
932
787
6190
9876
4635
8758
7408
1727
4406
4506
425
7818
3676
6443
2127
865
8742
9198
4461
3755
3975
9417
8176
5216
5880
8587
5484
6588
5652
151
6470
4437
8655
3027
7292
6665
411
2920
1779
8705
7287
7497
7028
4931
3724
6292
258
3396
5247
9616
4439
9837
4680
8867
5905
5991
7429
7980
8005
9829
3982
4247
6951
9943
2683
5834
6077
4739
2557
4391
6378
3095
5183
2034
3335
7634
9413
7682
1078
5148
8912
4868
5156
6144
7687
6470
1394
5722
3706
1178
9577
3706
9055
4582
7308
1345
5919
3571
8736
6975
1251
8262
6402
4149
2224
4084
2227
8072
6679
93
8499
9936
4255
9783
5808
9152
7229
9741
5478
9246
9445
7849
3467
6346
1187
9303
6874
4744
1454
6102
8795
5252
2864
6286
5733
4582
9055
3574
9541
2485
791
8007
307
6554
573
3696
1343
6173
9690
3109
2490
9041
1254
13
7960
4847
8541
354
4510
1570
8427
4575
3353
8162
2638
7277
4172
2578
1977
7337
5366
1423
511
3080
1557
3671
8341
2839
7529
6370
1663
886
1330
2218
8542
4726
3069
6981
5751
6785
7233
6924
6636
6098
7146
8287
2036
7948
2541
6924
8952
4337
4626
7860
2070
5222
9967
493
1600
3806
2365
225
7223
1400
1207
1245
2866
1349
4637
4999
2277
1587
5211
8162
2262
4536
4144
5569
5915
6378
3971
419
9546
6458
6739
5924
9965
7133
4912
5493
4716
5818
571
2883
5553
5643
3395
5795
6075
2363
7288
6326
7503
6857
9773
8304
6911
2186
2400
3822
7113
2311
141
2620
7128
1114
5516
4980
6912
6548
8199
5007
6036
1802
2683
4535
7729
2045
8937
5054
85
5068
6055
388
3280
4249
4285
5483
5390
9819
8013
4954
2619
4491
3428
9023
3764
1462
9950
1830
8642
6069
4757
3033
3648
4265
7190
5985
2551
3139
4032
3085
4479
8216
3462
1538
9284
2971
211
5811
3477
427
7125
8863
3612
5017
9056
5948
9892
5026
6962
7693
7740
2375
2367
8935
8275
9922
5453
2637
6141
2193
6205
7014
4827
1672
1736
4712
995
7713
5599
1955
4021
7367
907
4498
7653
9979
7342
1547
1168
1440
2235
116
6494
7609
5610
5209
3702
9004
3858
3804
4727
5825
8160
1779
5117
8426
5970
5972
4389
6798
6349
7145
6440
1053
5015
3971
662
7265
3936
6445
8924
5421
5094
8823
8960
1712
9720
9825
6496
7531
8991
8417
4744
8397
1812
6360
4648
946
6740
1556
7611
2362
2566
8921
2153
9818
5194
7394
1933
6845
9969
4013
8895
1543
2056
8231
6436
2251
7455
5914
7752
3775
4682
8956
1951
1940
1043
5824
2210
4274
8526
1855
7393
9026
5371
4373
5947
627
347
7357
3535
2598
8161
9964
2076
3307
4700
3508
9749
5817
8222
3050
2221
5914
6790
9677
4384
8827
6771
7650
9209
7931
9918
2401
6714
5790
2903
4806
7748
9054
2740
1559
7038
4452
6617
9540
2716
2331
7819
2230
1233
2851
5042
6967
5208
1214
2053
8342
7006
7396
8333
6217
7277
1122
2827
7974
9990
5485
3037
6207
4242
5484
6769
7936
7933
2811
8070
4387
4270
9942
3378
9859
3256
5863
7458
8359
9252
3933
1360
2463
4180
1090
1835
6640
283
7893
4642
7478
4385
5461
2775
3948
2411
3331
2246
343
6370
7402
7088
5556
8293
964
3922
7775
1259
3459
2893
6076
2880
7776
7285
8174
7660
6599
6687
3189
1550
2685
2913
5269
1383
5055
3729
3967
3416
2937
1412
6376
6815
6883
9363
6942
3766
5677
2766
2610
9702
7283
4439
7065
4354
95
3920
7180
4903
827
9287
4190
7864
8359
1033
9600
3373
5093
7790
6018
7479
5085
9590
6953
4058
661
1922
2506
5958
401
3242
1836
8036
790
8713
527
1964
5454
6457
1187
8564
5546
8723
7708
694
8678
597
9518
261
5660
9232
1149
719
8486
7853
7425
8280
9965
2870
9595
5453
3192
7224
7121
4864
130
2447
6864
8241
4928
9755
9090
9519
8501
4429
8640
8516
3909
5437
3521
6812
736
329
9271
5405
9738
7882
10000
6320
7799
992
9196
1752
1369
5575
3142
6674
6449
7465
6552
8433
482
5871
8592
3321
5012
1960
7916
5207
3863
2857
2033
5081
5195
2754
7249
9449
7508
598
7559
7495
6044
8596
5245
7265
4332
7915
2793
630
3696
883
5472
1035
2750
9600
4187
8355
536
8618
1763
1737
384
82
3839
8144
1472
6908
3401
834
9476
9
651
8060
7926
5143
8559
9568
6937
7893
8464
4705
4324
3898
4121
3859
2100
2006
105
8198
5475
755
3094
4574
2292
3451
6324
9301
5001
8730
325
3567
9528
3885
8392
4639
4245
4608
6013
2236
8843
8297
1827
8063
5719
6282
1056
5014
7804
8801
7739
2208
8394
1891
9240
9083
6009
3434
9805
1085
9712
8703
9044
7418
2065
572
6714
6239
3975
1073
6475
7482
2942
4193
9435
7610
2724
9868
8726
2079
3889
2157
7190
9663
2098
1734
6713
2006
6612
3719
4826
1905
2046
2947
3143
3020
6827
9941
3307
7824
1449
3809
513
1690
7374
3296
6134
2302
913
339
8355
5579
2556
8625
5849
4945
850
4204
2748
9239
1894
2508
1546
3578
2789
2532
1400
6784
7445
1246
8814
1985
124
6163
906
7545
5450
5942
6940
7958
5279
7916
7634
1252
8171
5735
4795
8433
5936
1964
6408
4735
5881
864
3032
387
67
1290
9337
9714
9841
9456
694
1999
5289
2049
1037
2219
2828
2741
7648
1973
5802
9327
580
4040
1190
6059
8504
5856
382
2109
7667
9605
8954
5104
3831
6387
71
5767
3216
3645
3664
8327
9118
120
8946
8398
9894
1104
6237
8858
6361
2525
5450
3061
7087
840
2132
1374
300
154
6432
600
5757
5724
822
7082
7748
8220
6197
3745
3368
5625
5321
7332
6290
4486
5594
2145
2660
682
9742
3392
6099
1027
1966
5670
6684
8292
3494
2461
5678
7248
3669
675
6828
4322
3341
2648
8082
7781
4338
6625
8565
5911
4760
5633
449
3159
7691
9776
6717
6014
4458
9268
8295
6654
5453
882
1466
6034
6970
2841
9425
6747
8316
5587
1930
396
195
5243
6955
6161
2659
9084
4083
316
6078
9397
3960
3991
3216
2175
5832
1202
5987
3063
7798
4932
9925
2694
4879
1150
6727
6028
8176
8946
1798
2687
4607
6615
5570
224
344
4616
1373
4177
1585
9964
3161
641
2081
6800
3992
6803
9395
9231
4558
7743
4655
3975
9038
8137
1025
5898
1766
3706
6239
9597
9360
5944
605
6648
390
7352
4532
173
2082
2699
6693
4001
3604
1610
7002
331
3182
6399
2484
1804
4951
128
176
9253
5452
6876
1831
6751
4763
867
6799
2373
1350
7670
3642
1487
2082
6985
9646
5170
927
7628
1502
1842
7878
4725
8891
7320
4746
9694
9670
9978
8716
6066
125
1749
6830
1607
5584
849
8707
4757
110
1692
1185
6831
5546
3806
1388
8200
5316
88
6629
4774
1145
1201
5126
7043
1036
4397
233
6234
431
7804
9155
8774
3898
2949
4321
2762
8133
5213
1896
8435
5926
5826
7427
1692
5408
9772
3186
8069
2340
8027
632
4376
1552
3841
5397
5229
9794
6916
5989
7247
6933
1430
5113
3481
577
8862
5304
2043
5587
792
7543
1640
1719
7417
5980
5335
114
5268
7756
6244
1708
6655
8179
3653
6526
2204
1605
4586
2854
7047
225
57
103
9162
7042
7484
5333
9946
6000
8567
4198
3124
2008
5336
3232
6762
5949
5440
2629
7371
8476
2587
7558
4339
9732
2579
2693
8638
6187
1647
8091
7303
892
2938
6983
571
1526
3325
481
942
129
6881
6519
3952
8327
6370
9624
3134
9814
9457
2545
2862
6840
2670
1682
3251
7644
5116
9711
8223
3675
7016
6281
2547
5953
3119
810
6872
3628
5968
5205
212
2004
400
2718
2822
1877
9064
4236
8980
6803
9115
2315
3391
3158
2748
7453
3248
5170
7871
4750
9186
7426
4482
2129
4379
9005
3227
9202
2353
7396
4795
3769
2925
6004
5695
9797
6404
3725
6764
9043
4878
1007
2757
3760
1079
8326
656
4928
6070
9070
8274
9633
8230
464
9821
9983
701
7155
2830
4053
1997
6606
9686
6778
3209
7470
5240
7823
7661
1188
35
2331
5322
3868
6022
6495
5333
7366
2457
3555
2250
1516
2661
5611
1074
1601
5247
5473
9595
9032
8279
9334
6639
9199
4070
2863
9756
1877
3706
4567
6985
2081
3602
3429
7618
8255
7478
6280
2979
9342
9570
8117
6551
2935
2787
7886
8515
63
962
1999
6679
5480
594
5145
9653
5240
2299
8920
1288
8127
3868
3807
9540
3084
6859
8550
943
1235
6480
7374
472
7242
9301
5621
8613
352
7288
5431
6191
3459
4544
5779
326
9402
2925
7721
7704
3044
1698
9592
1132
4071
6357
6679
9925
2381
3155
1492
1206
5484
3006
1572
5240
9528
3479
9498
550
5288
6460
2110
8784
6716
9139
7210
7182
9134
8498
7507
9747
1296
8972
9119
6220
8271
962
7668
7
4007
9099
2583
641
9048
7463
6353
4348
3758
1927
3788
672
7498
2384
6151
2216
2225
2430
523
2102
3316
7485
5468
2252
6787
5589
2100
5516
5752
2397
7765
7922
7801
790
8338
9054
6725
689
4426
4618
6124
6404
4326
1136
808
8372
286
370
8583
6895
9863
5427
3077
5113
396
1675
1276
3920
14
7611
7413
4551
8334
3479
4733
7490
2663
3384
1054
6208
9103
9464
6357
9282
6822
4681
9536
844
5983
9609
6293
1093
1138
8822
9512
7529
3449
8083
5572
4435
1389
8480
7485
9025
7303
9478
676
2511
5407
3988
7056
1370
511
4769
7298
9912
1091
8562
9144
4936
3308
437
8379
2761
2496
3194
7621
4713
6857
3362
9910
5264
2995
4407
4489
4547
2385
3862
1848
2832
4734
2294
9796
1805
1716
1291
8080
7829
2189
3825
9110
3343
207
3436
7565
9600
1875
1374
668
6747
6715
2529
6906
921
2499
5467
1462
5466
8119
2672
7944
3784
3584
3410
1457
9004
9086
6117
3385
5688
2594
1539
7737
9071
1938
5503
1893
6706
5870
7394
7801
9991
6800
8745
1551
9236
4331
4660
6003
9300
3556
2523
7027
7634
690
2276
8771
6810
9083
6003
8189
107
1676
4124
4004
3544
2085
2982
4379
4050
9679
9620
5612
884
1020
3516
6099
2866
4869
8080
9279
2659
4658
1745
7445
2508
1294
1094
2474
6662
9330
4650
1470
4716
9876
6492
8441
1701
3122
4518
4666
4553
9367
9676
1336
7368
9921
7867
9429
2977
1843
3669
4159
2223
9033
4490
5487
8088
6100
7969
2412
4831
7772
9944
5682
9846
8418
2292
4277
439
5342
8831
8702
5930
4859
8176
8112
1731
1829
4968
7910
4961
995
9617
3212
1978
636
4387
7892
4381
889
2723
5299
1341
5480
7420
2780
9958
7038
7603
2194
1501
6301
6491
6619
1165
7262
4856
7259
8632
9227
9662
1340
7003
9718
4469
84
2624
2849
4978
5124
8429
8009
1597
3558
8409
1368
3656
3011
7855
3254
6264
4369
585
3585
9448
3026
3022
7209
5924
1762
2142
3933
5461
1572
4588
955
3710
6795
8466
1767
6893
4607
9879
4081
2271
4402
5787
1643
682
106
5722
6032
9788
9840
4060
6034
1006
5465
2785
146
8372
4937
6191
4286
152
9
2886
2005
5764
5821
8215
3383
3520
3153
6778
2689
7037
2380
4927
4375
6997
8806
7833
8014
5306
7101
3116
2614
6903
9891
740
891
4569
8484
2030
809
5764
8142
7639
972
7255
2800
3925
9697
2957
3307
7908
4545
4330
1441
9323
5921
8970
4992
5394
2259
1541
7996
2306
4901
6573
520
3455
8741
6685
7507
2544
9889
7834
8927
710
1057
5291
6717
7976
9211
6378
9127
9806
7155
4518
4233
529
4850
8143
325
97
1494
5971
8016
7133
3069
773
7428
3380
8402
5756
493
989
5770
3314
9728
9548
7254
3744
4845
3146
5181
7094
1644
2703
7236
8316
4996
5803
6585
358
7326
1050
2120
2318
6828
8624
7364
2406
3935
6305
3305
9266
3029
6941
382
7635
4064
139
6813
2689
1359
9917
6287
7544
2792
1338
7056
1902
6258
3497
237
5974
2118
769
976
2067
5476
3883
7770
1782
8394
2428
1540
7561
7499
7288
6625
9221
2478
3346
2497
7004
1440
1457
9763
7361
3306
4761
2241
522
4968
2477
3730
974
2654
3352
508
9947
3110
6799
7868
2139
3934
6946
787
7897
808
1251
1087
1783
17
9410
8914
3446
9640
6580
6231
1400
7184
227
1592
9084
4769
5899
7450
8431
3587
3753
3300
9619
7877
3582
6247
8776
9805
1402
2846
9758
3955
4760
6166
2946
957
4814
2155
457
6525
5908
2234
5049
1560
4200
2939
1238
931
2105
9059
5710
6816
9521
5096
250
4973
6175
9534
8848
5447
6675
9807
7637
5620
8147
172
367
7164
6704
3933
9478
8284
7570
4060
2463
2076
884
701
109
3545
2806
7386
4180
8334
6878
2935
1299
9998
8656
3106
8734
249
1807
8119
2397
4223
553
7460
9528
7456
4366
6215
1571
784
8725
8123
5408
7444
9477
4928
6783
9608
7380
6659
2306
2473
442
8474
2951
9986
9194
240
7549
2710
9202
9710
4743
7233
9187
6614
7661
6682
6038
5652
7173
5991
4054
999
513
2290
9994
9519
3927
7358
8901
8950
2806
1853
8620
3504
3685
965
6675
8728
9499
6173
8305
2605
4280
2592
7445
5329
5395
10000
1205
336
6035
5161
977
7208
7978
6894
5298
4039
8153
3282
8165
619
5625
4544
4222
4804
9457
4905
4175
5732
563
9776
9137
1120
9145
5423
7731
2612
8300
7599
9340
2885
4462
239
7444
1804
8442
416
3010
3102
1906
962
4405
9894
346
3476
8354
2874
9794
7422
6123
3345
321
9006
2741
3357
4311
6099
538
3731
2056
3804
9364
5012
4905
664
8621
7362
5728
5954
7747
3361
4202
6868
7791
3048
8338
4393
6343
4100
8091
8837
4062
1293
2431
7401
5169
3375
1016
2918
2228
4391
549
4951
6247
5986
836
65
5348
2164
584
4124
2618
5208
6323
9979
3046
4897
7180
