4242
2064
1785
1238
8517
5977
5883
7386
4733
2020
3019
5165
2017
9469
9008
3840
941
4954
6549
3325
2034
4967
939
6842
5424
839
4350
348
8383
6444
9018
137
4277
2291
2308
6185
263
8714
3034
1641
9143
2609
1396
9727
74
8782
9166
5997
7730
6410
7515
2460
1734
6848
2027
5766
5603
390
6211
2934
5453
1605
8535
1478
1236
8392
4760
1728
2541
7386
6848
517
2468
5510
582
8369
6388
5406
9608
7869
6019
3185
3547
3441
2814
470
9716
8622
9102
254
5199
5144
2371
2240
3380
5521
6571
8504
4223
8926
5558
1483
4299
4136
9892
7634
5274
2699
9105
743
6506
500
1774
5480
4819
3788
6483
9302
2387
930
5058
6215
1760
9448
4461
4009
8629
4879
6638
8219
3061
7052
5318
862
5129
5058
1921
5486
6724
284
9282
7271
705
3484
5892
3408
8497
4691
7947
1783
7491
1376
9924
9029
8938
9757
9356
7779
6105
5011
1367
3407
9953
1911
262
3607
4148
1477
2842
5771
7860
890
9103
2571
7362
7523
6833
9907
9452
8566
6143
4268
4227
4332
1538
8901
1640
5250
3408
5022
9838
8914
6870
9936
2880
3037
6583
4434
1010
8073
237
3444
2832
2985
657
2152
3604
7001
9793
1442
2579
7437
2150
8059
211
5261
9075
9021
8528
2660
428
7104
9777
5006
2450
7126
4717
7478
685
5087
5711
5323
9943
8838
8657
9268
2096
5877
10000
7545
8283
934
7131
2328
9135
3970
5985
8760
1771
6030
8110
4454
3402
3741
2759
7196
5200
4475
5634
6635
3986
8280
3417
1767
8508
4393
4337
2078
2963
6516
5200
1478
431
7849
3939
7697
2871
8456
5320
1641
3258
6975
9492
3880
6868
4675
6
5053
1840
5588
3648
4861
7511
4500
8485
9947
2305
3687
6878
3208
3869
3131
3175
8047
7452
9136
9482
3757
3580
5612
5026
4448
7275
9930
134
4851
5613
6268
7636
8639
927
6366
4053
4327
3110
8367
8218
4976
7927
3312
2756
6385
81
4034
3251
5538
8117
8549
8830
1082
6087
3990
779
9842
6031
8483
4462
585
6841
1206
557
7049
6249
5298
5840
6484
4316
662
7792
1508
1118
3065
2591
5791
8667
1960
275
7361
7243
3549
1397
6366
4053
615
4603
6847
836
557
5594
8213
108
9859
3358
9167
4460
2721
4324
9558
6979
3025
3960
8891
3418
3186
3316
841
3532
418
3545
4323
410
927
532
1540
5877
2547
248
1058
530
329
7797
3971
5340
7403
3841
7330
9526
5044
1912
3067
624
5419
8828
1883
7491
506
3166
5254
8391
2
2733
1185
3155
6739
1885
2421
2214
8647
7394
628
9358
9840
2610
1389
6554
5424
1835
2905
9269
3176
9049
1498
1987
1938
6001
8913
383
9262
8716
6239
7815
4313
2912
1309
8400
9033
7999
8945
9729
8793
301
6309
728
7633
6764
5069
9687
1463
1995
513
4790
9628
6582
6943
6788
8779
7748
2065
7768
223
2649
194
7255
5756
5147
7001
5725
6548
1725
990
6497
4775
8902
4252
3987
5727
9936
2041
7042
942
3651
8571
280
2407
4092
6565
2667
1649
321
9484
8290
8424
1300
6304
7560
3650
5596
702
1185
6942
1112
5691
1144
1751
609
5899
5941
8949
732
3462
6450
9784
4571
1797
9873
1980
561
3784
8130
7444
1331
5798
6005
9727
9577
8552
6803
4405
1444
2797
5360
1749
4458
5625
6879
1519
3327
8490
4836
7477
195
198
2843
6195
8083
8460
9802
4446
8909
6620
2408
7259
1378
2700
8354
4998
2876
6536
9433
5534
4453
2936
2854
3083
2220
6673
2244
41
5205
428
1907
2259
4295
7537
2567
8081
2285
4575
5539
8424
8868
477
1896
1728
8997
1471
4322
6727
8587
7254
7914
8356
7863
1592
9546
6859
9838
7254
7959
7332
9430
551
2759
3371
2778
8325
4144
4410
4933
2634
7919
6957
999
6440
3754
8888
6861
6240
1389
872
2574
4194
6520
3328
3870
555
2737
9560
3908
8675
5444
7198
6143
2429
8555
8789
118
9361
7768
9178
8145
3367
9531
7540
5843
9388
3527
6511
1329
3317
1499
4340
84
750
4780
6087
1752
6037
585
4277
4367
6661
8957
7317
7023
1614
2544
7973
8027
662
2010
2022
5768
9878
2531
1977
5688
8449
3846
9045
1876
7529
5147
2327
2093
3157
3614
3725
9400
7709
9574
5255
8858
7177
8358
734
4142
2509
9588
2101
9588
7782
2506
9284
7699
2457
6319
3298
4859
9408
82
4989
1730
8455
775
3490
2788
3405
322
6043
638
1831
4284
9831
8473
2411
2384
5252
4825
7731
2073
7732
3100
5128
3200
791
4005
6600
9473
2185
6529
7975
3148
980
3900
2076
7544
871
9640
9636
3211
7739
4979
6328
5132
8398
6666
3249
4664
1890
8304
1078
9380
2453
2817
596
5174
1536
5383
4084
9190
4530
451
5449
1974
8775
1943
5695
1632
4972
7754
9244
4477
9651
7964
7194
9025
4848
5762
6155
6757
8121
506
7279
9708
9384
8149
1608
7743
9413
7076
744
9973
8093
2481
1655
4837
8619
2630
9277
3002
5543
3994
7523
9001
7777
2867
9272
8277
8174
6368
1691
786
8720
5619
1640
5799
7842
5990
5686
413
455
5822
6374
7994
5297
6611
5987
8256
9282
8271
8938
4456
7297
723
7958
4041
286
1417
4569
4215
7490
6838
959
5259
4076
5815
3054
3581
4534
3463
9552
1664
6022
7733
582
2368
9163
1363
8785
9874
6597
1306
628
9571
6783
9254
3537
5566
6464
1167
9816
5679
4100
6074
1891
7143
4723
12
6173
5069
3886
4594
2968
4252
659
3792
2054
5264
1456
8100
9444
3952
1523
8104
5696
2911
4048
6700
2020
3360
7715
2494
8932
3745
1716
1402
8631
7229
8410
4228
1072
1483
4433
2942
4104
5837
4745
116
3114
7612
6586
360
5401
5812
3902
8528
237
9845
1859
6664
3304
6676
7683
5760
5296
5331
1027
9265
2889
1710
9044
2735
5743
6511
458
5610
4377
4388
4654
4147
61
1958
7792
8496
1954
9540
4982
6873
9992
4109
4487
186
1405
6749
9834
4211
4642
3764
7124
4347
2352
7008
3649
9776
20
5358
8473
7972
5129
8055
1339
7271
6321
3082
5736
9453
8185
1603
9071
9790
1135
6980
1342
2498
3179
3539
3507
1841
5166
9021
5246
5759
4914
5506
6890
9223
1436
8898
8467
8151
7210
1565
1250
620
3121
5271
6368
5796
7060
899
8022
7544
6668
718
3549
2383
3398
7822
9687
2889
9666
2635
8098
613
5915
5815
7938
4629
9112
7835
7549
6066
8848
2952
8452
3551
2202
961
4879
3073
7505
3314
5348
4752
4467
427
2186
2492
8486
1362
1532
2441
5524
9557
4309
4255
383
2304
5986
3888
4433
5889
748
8024
9312
4890
936
7189
3047
2853
8555
5021
1478
2551
5000
8761
7016
3645
7124
4650
8495
4611
3599
5793
389
7057
323
8017
4309
3571
4811
5751
4626
4756
5302
206
9688
42
8108
8524
5826
5238
6470
3322
2584
7042
2020
4287
6728
8934
6914
5920
140
9579
9805
9211
8842
2486
2100
5719
7270
989
4152
8484
2873
8023
2771
2464
2242
3415
9968
432
1473
9533
6103
3473
3660
1701
2848
4677
6551
1751
1191
2535
5391
9380
7786
9316
9790
3983
2779
9691
1784
533
6999
7802
2396
2397
9176
8050
6473
2641
1394
1321
4637
6286
2558
266
2390
2852
1569
8571
3737
605
849
9064
4961
9097
6551
2562
656
5947
3027
6387
606
7999
4094
7606
3867
7633
6328
164
9815
9673
6027
3141
7018
276
8757
8996
9963
707
7926
3934
298
7850
7422
3731
7192
2029
8574
8238
4833
1278
150
527
214
8592
2644
127
3001
8496
5327
551
7969
4789
845
1864
9731
6
4057
1227
1746
7366
3166
7525
3720
5321
1620
2649
8812
1301
8949
8635
5059
1677
9626
7389
5636
5834
8934
9376
3759
1618
2104
4416
6570
7307
1502
2320
2922
3775
6763
6544
7981
3522
4062
8859
8186
8233
8768
8840
4258
2093
5457
9109
4431
4239
3978
963
8715
6059
4426
9245
8056
4540
4038
5974
4577
2663
8182
2854
1169
4351
1957
8331
876
9457
7769
392
7955
9347
2152
5245
7600
4300
5236
5301
1559
9610
9718
5934
4768
5246
6862
5958
8966
1400
8646
3731
657
6822
9037
168
2083
7154
3030
6819
9870
6413
5369
2661
6233
1409
3568
5887
4567
9142
593
3535
2510
8414
2436
1349
1260
4310
3894
9535
4580
1857
9334
9304
8639
4374
4632
3518
4776
6015
908
9362
7570
3238
7426
7840
4869
3479
6374
2618
3510
4203
4352
7207
3399
6595
4121
2720
7829
2048
998
5606
3214
9039
2661
376
8119
5830
8286
631
2350
9235
3379
13
5855
1584
3516
2435
5289
9588
8618
827
8230
1679
5602
5263
6854
2977
1943
7286
8336
7888
2483
5737
3830
2626
1109
6145
2945
1
9522
3826
3071
8151
113
4588
8665
882
1666
2943
9968
4634
3601
6040
6123
8773
810
3327
2881
2521
7296
5841
5348
7477
2806
3185
6791
3204
7312
491
8995
6140
8954
9956
9764
9428
3107
6459
2561
6168
3755
9757
7043
7650
2705
3314
1995
7156
9244
4687
5062
2231
42
3069
9779
5184
5047
9547
2486
6948
8368
5958
6172
6407
9890
4422
2911
4710
2187
9831
7677
4081
6147
8663
3568
5620
4803
1492
8256
4746
3664
9305
7924
7521
4961
2407
7963
5688
5307
6253
3931
1184
8902
1660
8897
5112
6162
5649
3125
4908
6751
1666
4274
1328
6728
69
3054
5041
1283
5973
8830
9712
3437
3908
5878
6347
1710
2403
2919
1765
7009
9569
5920
8921
5758
2822
52
2874
5430
9893
7612
1995
3614
6909
7726
9666
2906
8035
6759
3365
7753
8297
2932
7261
9689
2512
93
9097
4472
4896
620
5464
6285
6617
7811
3967
9979
5271
6998
7954
3316
2024
4501
6969
8180
9338
453
2935
6770
9857
3856
8607
3520
1433
3891
4051
85
3590
7525
9026
5639
5671
9611
8984
7202
5817
4422
4366
7727
6150
1404
9557
7609
1111
557
5925
5088
5427
4353
334
5110
2336
5050
1697
3777
155
2874
8354
184
2629
9816
3599
9291
1138
7420
4106
6726
1283
6050
6860
5896
6404
6749
7109
549
1389
4151
1582
7771
9919
3260
6545
1235
1918
2655
9239
9615
831
8473
4607
1164
1761
3301
4782
4471
9056
5484
4240
4488
3129
6774
8604
9105
762
2296
3209
9013
335
5813
6217
5628
8661
800
8729
8185
3254
5335
7625
2266
8799
2292
1685
4656
9862
3872
285
4290
6405
3833
9249
393
9371
1358
3327
3298
5958
8679
4966
1778
6657
3244
7873
4096
2625
7730
3464
7627
3912
1116
1637
6021
2229
9009
6419
1940
1324
8022
3144
432
6613
7479
4854
4628
7319
7850
9212
806
9134
2417
3893
4135
101
9000
7591
2723
1527
4053
1286
9257
8771
2279
2193
8802
3059
7313
6975
5355
6505
6236
361
6447
5355
6125
5259
3325
145
3070
1266
2139
5701
261
6023
2683
2724
3678
7635
9280
3403
7437
2334
8417
5767
983
4369
3531
3888
3829
9149
6562
2267
1369
9610
2757
3917
7378
3267
8643
6755
9185
1666
3470
9348
5655
8065
3539
355
1826
9111
7295
7187
2001
8433
3847
4601
7976
4680
4127
4042
9601
854
2220
6752
5149
560
4263
7468
7383
9293
6307
3652
1606
3129
8659
6635
4411
7209
1174
550
7759
2590
4308
1734
9284
4705
9405
5866
6881
2591
2152
9354
2747
8496
4310
5564
2064
9617
1945
3707
6403
8166
8060
3080
7810
3715
417
7216
5368
2365
4841
4679
7142
5684
5018
9433
9695
9242
550
7294
8143
2843
2429
238
9837
1668
2267
5680
8966
3068
9951
8697
5538
7892
5498
8956
6537
9218
4472
5450
3899
2144
7905
7061
6062
1982
9858
1614
4281
7315
8172
6137
5389
3164
7624
5966
4712
739
1124
5737
1019
436
8657
2308
3906
8233
8841
8509
6936
9717
7687
4656
2800
1889
6862
5821
7251
829
6036
1844
3118
5640
1304
897
4680
3019
5793
1579
9673
8769
1653
7654
7994
8028
8450
7498
7907
8075
8336
7001
6176
5570
7181
381
7187
2449
9602
9107
8245
1124
4384
1602
919
8783
812
3019
3838
7522
3133
8119
6837
5312
3750
7479
7499
5094
5250
8553
4130
8307
4204
4399
251
5210
6324
9226
7764
3285
9963
8412
907
3549
4140
9603
9721
7232
1603
6286
8450
5855
4496
4079
3966
3640
9642
7111
7896
7119
6409
650
895
1443
5380
8237
8677
1326
1398
8500
44
5851
4334
4514
9142
9252
6245
3921
8423
9771
444
7154
5660
2580
2103
7898
8762
4417
8804
7648
6302
354
4650
5810
7586
8331
9595
1477
4859
7430
7414
9813
3521
4059
1045
8348
3269
972
9501
7938
1184
5909
9309
1564
248
2685
8237
2962
6082
5122
8847
6871
8280
9681
392
9243
802
7378
9725
879
9830
7867
9519
7121
69
8377
3735
4759
8469
4186
5757
6592
3852
5262
7308
5566
9032
7419
6402
8532
7183
3182
8371
3300
6156
8572
2100
8624
6124
9602
937
9506
3501
8179
3633
3288
481
744
4001
7236
2125
7593
7799
6902
7996
5916
3641
1551
1710
6345
8816
4379
9449
5257
1856
6740
8366
1119
5255
7582
4905
1463
8280
265
3185
260
7445
4490
3886
4000
5245
517
5347
8284
143
8263
470
9012
6736
5244
6786
9494
6410
9826
8926
2896
7014
600
1652
9838
6398
8729
3072
222
9371
6492
117
6643
9590
5097
5617
1869
630
6442
1831
8815
3766
2765
9743
5072
8447
2138
1290
861
131
8452
9777
7023
4232
1848
1896
5836
1728
1987
4648
7064
196
510
8188
4828
9541
8165
4898
6046
6447
9861
2631
88
9354
3536
9269
2120
1723
7398
3251
7057
782
4956
501
1613
5
2978
4737
1352
2113
9326
2666
3606
295
8032
1662
2132
3965
9836
2266
2331
8973
6501
9942
3813
3463
8445
5624
1723
577
8206
3594
8789
129
3137
1917
3361
5726
6204
7584
4786
9426
2169
3434
3153
5842
4615
4594
5514
7358
1753
3907
2752
7140
5442
308
8242
5486
49
6810
8958
6714
1460
5138
2812
4587
408
5833
8890
3991
7051
7665
6596
433
8030
4972
4073
7171
7700
5643
7190
6068
7041
2299
6337
2943
316
6694
1739
5002
3235
7644
7670
9153
7317
272
1077
8693
5277
3044
3028
2305
5516
1123
3256
2363
1536
7096
3598
4830
3610
298
7752
2279
965
768
9134
9734
7813
5207
4530
5577
8361
3356
187
4336
2293
7442
1490
1283
4051
5361
4005
5946
5350
3734
8405
1254
1204
1704
4363
856
5708
9972
2063
5096
2506
401
6922
5125
1398
285
6706
2975
8706
6927
9621
9795
7913
4645
5555
2969
5867
1161
3100
5668
8506
1375
440
8839
580
1911
7896
8043
9709
1680
4763
5030
5225
4174
55
4369
2154
8058
8335
9548
171
1262
2335
2379
12
4736
176
5670
8774
5931
6872
7056
6322
3293
545
2610
3808
831
5306
8318
764
7731
358
5092
6993
8296
5424
6350
834
1461
1429
2073
3547
7689
124
1554
1897
1788
1747
1193
1139
7192
8614
6442
9699
7240
9592
7528
2198
4332
4025
892
9077
7119
3087
1266
5755
1198
39
9773
8645
139
7562
1324
9444
7603
5839
9818
7060
9122
3613
3475
3552
2937
2161
5399
2850
2476
5481
7290
1769
2773
9248
4883
7581
6590
5118
3015
2504
7438
4229
4156
8921
5443
5516
6076
7599
7742
9604
8332
9541
7863
1281
296
2352
6613
242
8344
3907
3064
4756
6028
4673
1776
4113
7174
8250
1033
6568
6088
3240
1793
6606
9306
1099
9270
7262
9218
9573
2538
6023
2168
1918
4231
2525
1154
7674
4254
875
5157
9260
8507
54
9957
4727
4298
7363
5376
622
4885
6091
9496
521
345
7696
6698
6889
1677
4680
4436
4367
3464
7615
9697
8986
6179
4473
1711
2087
9730
8101
5489
8439
5319
6073
5426
3105
2181
1861
4815
9712
3527
1315
7771
3304
7812
2918
8317
9912
3016
1184
6181
4445
5147
3023
1755
1521
4315
7423
7497
1661
721
5472
2669
290
1849
5172
7617
7796
5958
4816
3451
6834
7946
636
8460
6474
3444
750
9796
3208
5986
3243
2275
699
8754
6202
31
4923
8835
850
1983
9123
9045
4039
869
3101
3760
806
2458
8634
1570
5909
3935
8305
3392
8513
9520
1311
1679
6670
5779
5265
4543
5010
3616
6989
4405
4158
8223
3318
7610
9357
8599
872
9658
3520
74
2579
9891
7540
8717
2488
7031
184
8050
2975
453
4329
18
9191
6304
6149
4232
4574
8888
2892
1240
3880
4655
5176
3255
5974
6384
362
2161
5791
1690
7645
6670
5231
7591
2567
7655
1606
9955
6030
3982
3197
6198
9103
1161
2385
50
7442
2796
439
6382
4708
6194
1608
7819
2936
1782
8499
6770
7567
6792
6338
3104
9610
5216
1402
9052
3060
8133
946
7304
3371
4407
1995
8824
978
1216
4584
4295
7812
6809
4517
8151
9906
1736
3580
9710
6794
9830
8674
9808
4083
901
9047
1177
8351
5720
3863
2498
2382
8814
2128
707
1951
966
6594
7163
3396
2994
5676
998
6325
6981
3862
9889
7423
7018
2813
8258
8831
6990
1977
1637
4312
4556
9545
9160
3032
4160
63
5409
617
5831
1963
2204
8882
8577
2044
4656
8053
2457
9719
3810
4602
4971
2394
9000
7499
1489
1487
4190
4686
7493
8000
207
9877
2835
6106
7670
557
1658
5420
7744
580
9022
2718
3302
9889
6025
366
1630
759
9172
9811
3005
5196
252
918
6332
7506
9985
5624
6725
494
1484
6289
8857
9456
2100
6730
3775
5446
5660
2975
5499
7215
2046
1927
9845
5722
4758
7188
3935
3751
6728
6839
7216
1933
3320
3384
6784
3480
6784
5714
9168
4331
4624
8093
1731
1305
1159
4247
5222
9203
747
2334
3695
448
6939
9636
7502
3260
7556
2225
1905
3171
850
886
6130
4971
8834
9691
9017
9023
3381
9622
8588
9948
5709
9481
8900
2786
7713
869
1499
1503
6643
4127
796
1181
924
8657
1301
6970
5853
9228
3651
1491
4546
2196
3328
5475
9294
5936
3412
8
1093
1232
8800
2966
1739
6031
1844
7271
8173
7414
6710
4222
59
9498
3043
6289
6846
4985
1370
2622
7548
1530
4391
1537
3313
6338
9269
3473
7128
4798
6147
5405
165
2190
9070
7311
3227
4179
1134
5468
5812
7604
498
7433
1502
4539
784
6440
9378
8164
494
5109
5590
9759
7779
7747
2606
8783
6104
3930
3814
2234
2863
4323
4171
4174
2658
7814
6954
8041
3322
8342
9127
8728
4145
2168
6088
4004
939
4836
2104
3767
2634
4702
4468
6248
5395
1706
3788
2332
2526
858
7694
9026
3167
7894
3174
7398
7610
1674
5449
4543
7913
3590
1106
8201
4015
4864
1818
8550
2807
3063
114
4170
1312
5074
7005
4104
4824
2689
6024
2701
2301
1224
3979
2763
6880
9141
3704
146
3911
633
9569
4600
6729
5427
8027
2745
5723
595
2396
7472
7283
7444
2618
6483
7805
7910
1494
6698
9187
5188
7345
6279
8657
7234
5150
8152
9524
5685
7554
899
3046
9603
7928
4490
7074
7784
6466
4900
7997
2642
5949
3888
6545
1448
9231
2291
5754
274
9390
1370
5213
7871
4385
6692
5707
8484
4784
5496
2756
1163
1569
8733
3279
8336
3564
2435
9988
5893
3448
4761
7911
4053
9333
7941
9
2472
5139
5542
9024
2656
9603
6729
3013
7940
293
9496
5980
9069
3246
7341
771
5573
6728
750
2280
7522
8513
6821
8837
6786
1098
3618
7311
2331
8976
2093
7522
133
5721
5056
4494
1732
1991
5751
949
7626
6452
2065
6359
9407
5865
1972
3294
6897
7113
4694
2010
8605
3177
9938
1474
4364
5388
5196
9855
2242
9105
8051
5882
9056
5813
4379
7118
645
4400
4365
3438
7064
2434
7227
9101
2327
551
1198
9882
3306
9829
3042
507
8863
9846
2961
3964
435
2766
8740
2538
5349
4209
2714
3422
4801
9350
1284
5656
301
9246
5169
108
1713
8843
3349
4422
9346
7496
6421
7644
6496
7093
4192
5231
6135
1949
2777
4295
156
5246
7801
5721
5165
8327
4379
3482
5360
9106
9482
6384
3814
5650
5851
79
3610
4706
5734
5216
4913
8344
7975
7628
2351
5819
3058
831
3061
2087
1875
7463
4343
7047
7093
2815
7283
7764
7180
1897
1329
8021
2005
9108
5094
3604
1871
2957
4077
8923
1700
4950
2936
8750
5851
6269
2438
4825
6936
9754
1074
6649
940
6871
3798
9986
1317
3023
7139
6115
926
77
8436
6687
3657
9315
5032
3536
886
2492
9601
9244
5400
5824
7213
630
1645
9901
766
8775
1306
3793
7688
9991
187
8992
6852
4921
4209
8608
2015
1982
4820
3182
4108
8467
9188
3874
5104
4672
4638
4154
4676
5414
1615
6304
8676
4034
850
4307
631
6698
2274
7124
2167
3028
3455
153
92
5186
5257
7383
5821
5556
4249
6472
6719
9991
5996
4838
1129
5224
1334
3090
5004
2844
640
5172
2622
5714
4264
3921
6126
4364
4110
3394
1976
9855
4855
8678
9472
6933
3816
9455
9855
7894
206
8995
5140
3012
7558
8044
3602
3510
7043
87
3945
1669
8320
4593
9082
1199
3367
84
8443
5124
5340
8498
353
7507
1534
8942
4850
166
2161
630
5436
750
7475
3672
9811
55
362
1548
8905
1049
343
5641
4867
2982
6245
7627
2205
3564
4223
1384
7211
2401
2152
1539
2981
366
1435
8503
6457
757
5090
2591
8966
7938
6274
6365
9580
7142
8420
608
5206
9884
9552
8457
2639
2556
4004
7276
967
8351
3084
5469
7640
3280
7162
6302
5878
1421
6949
805
6883
7536
6056
5316
688
226
9517
6186
1130
7115
766
7
1880
5944
2928
7374
399
4608
9557
8779
7402
9418
313
5469
8739
3532
3897
5317
8245
2503
779
3422
3336
7954
7126
6598
6406
883
636
4579
2853
2959
3429
6838
2079
5747
6140
6459
5274
2370
221
8064
26
988
1157
9815
8183
5756
3698
1653
1391
6161
4182
1662
3933
1201
2317
4378
1626
4144
8656
3375
8619
3375
8208
3517
1307
4787
601
8899
5039
5341
8044
4436
337
1754
6500
7576
8014
5997
5871
9178
8480
8376
7120
9317
6742
3183
9111
7562
6394
6750
8268
4685
9309
6995
20
3405
5337
813
4768
6459
2209
7767
1907
8897
9920
942
5530
1480
8848
1117
6417
1445
1478
9483
7993
7646
6969
8479
5916
7522
3874
114
4132
3104
9804
9552
8967
7463
9011
2564
7892
4380
843
6890
7778
6846
926
7527
8590
3507
7893
4055
718
497
7191
1145
4880
1748
6345
5391
1074
7119
2271
6583
833
1595
2753
8710
3245
5551
8023
9445
4709
8662
6860
4104
9917
2651
422
2573
4936
2419
7952
142
7945
1020
6067
279
4120
3071
7747
7802
8301
9278
720
1604
1453
1625
6761
8104
538
254
780
9077
1151
9304
4881
3864
8309
9609
7779
9778
6027
1664
6642
1964
9681
7806
5568
1543
6776
6727
3110
2488
8763
6720
7858
5642
4438
1142
785
8506
5513
2151
9896
9085
4238
22
2924
4892
5460
7948
1608
1050
4194
1134
2871
6600
510
7952
1546
9654
7876
3353
3142
3978
9861
3736
4539
6708
2276
916
9008
722
3695
606
7505
3774
329
3949
1581
1794
7057
3794
4801
1476
9647
4942
5790
1388
9458
817
9203
7837
4760
3519
34
679
7955
2769
8806
6918
7569
9656
1622
4542
5683
6315
4795
1160
5541
196
1635
9087
9852
3065
