6701
9073
8754
9972
8606
3185
3995
2108
7692
7960
937
8618
5315
747
5787
4313
216
2938
8813
9904
6208
8798
8666
7530
192
7186
8252
6605
2949
7405
2779
5286
1354
3376
8921
6873
1599
2923
6139
4252
7415
1635
6441
3946
291
8131
6781
7499
2273
1559
813
210
4918
6430
7842
658
3773
5658
1240
7549
7352
8895
3078
6207
4230
7424
4522
759
9870
1804
8500
4468
592
8822
555
1055
3030
111
1070
8475
9705
6764
3479
8585
1812
6999
2032
6678
3793
9391
2455
6091
3019
1356
9029
8315
5315
4005
6370
2868
8739
9359
9026
8666
3868
6414
1897
7542
8692
6576
4946
2277
3608
7481
5504
7000
5520
3986
3048
1799
9398
3587
398
2675
8973
7395
9233
3289
2496
2726
1253
6393
6361
13
2719
9550
437
3666
2197
2622
5226
1200
4676
7337
8688
497
3180
4715
9040
1448
5155
3130
7523
5714
3384
114
4855
4512
6894
9584
6910
1064
632
9125
9295
1622
3163
2160
7244
5700
3239
7401
7548
1889
1361
3981
3953
5893
6333
3108
2145
3529
5083
641
4090
7403
481
1838
390
2393
8887
7783
434
4363
1712
4368
2760
5106
6208
739
338
2068
7070
8988
8437
8428
8229
1087
1844
8539
210
5709
1990
1684
6890
2547
579
3507
7542
7622
7639
2906
6131
2522
5468
7433
4013
8838
6516
4410
6157
1317
276
8579
8609
7714
5827
8937
8982
4191
9898
9737
9758
5930
3671
1788
1357
4196
1645
3216
4537
8326
4499
3348
4518
6507
9752
2764
8741
7656
2408
5579
6526
7617
9997
1120
6948
5287
3596
3705
5417
8975
35
1316
9929
1633
7420
2700
2543
7709
9619
9715
9291
9281
1067
4747
9601
976
5126
5436
82
8099
7480
5726
2412
3018
5422
8632
196
6874
4702
5119
8766
4449
8822
1172
2808
8487
1992
5724
1759
2516
3015
3168
7916
2835
5781
899
5361
6085
9954
1322
9556
2573
3501
5741
355
9076
4246
7422
5963
8919
7112
7239
841
5333
6784
398
178
6992
1183
560
6237
203
6794
1777
5513
9840
5331
43
2962
6700
6904
3839
9472
461
2792
7891
4813
6142
7208
1336
6644
750
5535
2289
5347
5625
1617
9168
1877
5966
5059
9484
2249
4912
2286
1159
6936
6679
3227
449
561
4901
2669
3294
5156
7116
5656
6375
2729
3272
5052
74
9077
1822
4810
9563
797
9437
1985
8949
6962
7529
5882
3072
9361
5332
3060
4969
3999
1374
9079
4379
36
8148
1039
7633
3198
6312
9780
5200
2068
6404
7716
2790
6299
7068
8013
2750
2578
5641
4815
2649
5451
8170
4133
1655
4428
2524
6062
901
6614
3297
3113
8478
2363
7153
5541
6530
3762
4943
8751
6999
1254
3092
3385
8299
6073
5783
6978
6961
2251
4521
5348
4736
8777
8252
6480
2949
6775
9170
5456
9479
9030
9859
3884
718
9131
8992
3420
8381
9918
7623
7515
3993
8068
6718
8619
4486
5584
2215
1656
2334
7486
4133
5678
6439
4757
9272
2456
5294
596
6165
1032
9756
5987
2498
8809
5913
1165
1069
5838
759
5399
8148
338
5265
2679
1385
1629
1492
9188
1129
4700
2400
7812
4925
7542
1741
480
8228
3284
2682
5047
4521
7397
3790
5990
7323
6970
6549
1115
5204
2344
5910
1297
79
1793
3077
4642
6177
1471
7762
5200
8487
8199
3751
6306
7845
3154
3202
312
8217
9721
5440
9373
7554
8073
3888
3539
3457
8857
1050
8100
2091
1713
8939
6198
4894
5366
3957
6015
1446
1986
2684
7344
8064
6411
6491
6055
8349
3801
309
6699
5895
8899
1951
6866
7081
777
1394
2562
7149
7604
3707
5135
8541
6537
1083
81
984
2868
9097
5162
4760
9464
7299
9577
5703
393
2457
6789
5197
9246
4368
6093
4524
2779
6550
1090
4240
8238
6381
4681
8239
1233
3794
5967
3735
5781
7429
6089
5811
7926
3
5924
9495
6347
4040
2107
6990
7721
4587
440
3076
1788
4877
6768
6278
4045
4432
2460
351
2991
7878
8084
8909
6190
7031
2680
8578
9044
5511
7594
9133
5078
5514
5424
1503
595
4206
948
501
7833
6237
8846
435
2545
4053
27
977
7611
5317
8291
55
8599
7450
895
7933
9175
2402
1162
6561
1216
8388
8592
7037
1918
9694
3059
8258
7776
5026
4840
3493
166
9739
5452
6261
4896
5413
1890
9486
8888
6539
8577
2230
6372
7622
1056
1517
8669
9180
3320
8877
8447
9314
111
1268
5921
9505
7607
536
8082
8511
4789
1260
5917
1288
4492
1901
682
977
7409
4255
2924
9283
8028
7522
5632
2815
1507
1399
912
741
9370
7061
6667
4888
4002
7775
9166
6555
790
1420
3126
2523
5459
9762
6749
8812
5210
8971
1716
3244
4399
5610
5543
3962
5383
9433
477
6692
3996
1776
9915
9122
478
1846
1239
1684
3842
2373
338
138
3685
2594
8472
1439
8162
3172
7066
4558
9514
2060
8323
93
3097
5673
5957
6345
375
7447
1334
7633
3871
5548
494
1452
5885
8470
5985
6957
1382
677
741
234
289
6514
2190
1303
2701
864
4733
3141
2915
8948
6696
7159
4570
3531
8740
2897
7603
4081
9039
6513
540
5338
593
8760
1125
5520
6663
4407
9028
9625
9585
282
6545
59
2359
5297
2239
9948
3877
1344
7729
188
8650
5930
2128
4064
1371
9188
284
391
843
3242
9447
2432
7797
1097
9237
198
2602
1509
3535
5197
5492
6540
4835
9372
8295
1811
4152
192
7975
9782
2422
1506
7488
1829
4738
3165
356
326
8385
3015
3243
5897
2217
3213
9644
329
5097
720
5732
5652
7393
4184
1014
5609
9960
4237
4673
3742
6759
9319
4666
7661
1468
4677
2601
4761
3344
6068
9651
7992
4374
3942
3143
3561
833
5854
3074
8476
9774
4055
1936
4385
2840
3969
5874
8719
6009
8694
7398
1462
25
2724
9984
7496
8006
8097
9685
2657
8931
8283
1308
9992
4255
2247
4401
4570
3873
9185
9644
8247
7069
8929
2339
6687
4342
435
2844
882
7078
126
2686
1812
9017
9973
1864
2055
1899
9463
919
3956
6313
5984
3641
1821
4692
3230
6816
3263
830
8947
2134
6144
9761
9408
8249
6365
6541
2828
3622
1956
7153
3892
4463
8597
2471
669
2176
557
6779
3389
6636
1211
9140
9484
5956
4166
1443
1446
3125
1949
9684
9849
3928
3368
2816
4770
5012
8704
709
2075
272
5524
5274
6551
9108
3433
1866
8433
9591
1315
2025
7461
2198
9013
6227
367
3959
504
6665
9005
6516
9202
7186
4929
5495
695
8602
9584
7817
820
2419
8804
3254
3789
1748
1326
748
2215
6778
7397
4276
6870
4385
1903
4793
6965
240
3822
4684
8313
7150
2416
7932
4717
471
1113
6199
2335
1549
4800
4886
5547
9051
9598
3029
3700
8444
3544
1367
6705
1363
4820
7818
9516
3545
1881
5125
1435
7545
1851
1343
9691
1754
9889
8657
5352
4174
1564
9467
1500
4228
5574
2172
2295
3884
6171
49
1196
3278
5286
3081
9319
3640
8797
2926
6131
6371
9808
552
3111
6443
4057
8435
5737
7889
9903
9096
272
6180
8921
6851
8738
3605
3048
5973
3598
1616
1144
179
1631
9151
8744
5783
3571
5689
9365
7651
2168
5100
8167
9679
3089
5892
677
4950
5472
2340
4574
3076
3639
1326
5571
8151
7082
642
2184
2987
3312
6272
3693
5739
5490
5656
8931
7207
3437
6679
4113
9106
4054
4911
8690
7879
317
5598
4614
5803
7023
8009
318
8405
4109
1513
851
7403
5761
3806
6769
8216
7061
8293
7265
7792
8479
806
6735
4201
8108
6100
5278
809
4096
9766
2201
5687
7145
5517
6904
9711
1791
7362
5085
7778
9220
8394
9669
5142
8224
6059
1469
7438
5643
1469
5028
7565
6137
4132
5447
9998
6853
5693
9757
3259
4910
3558
986
9779
3341
9171
9455
1015
3654
7633
7659
2596
6326
4671
1858
8112
662
1779
325
1473
8812
7149
2132
4044
7945
8916
1496
2121
751
8869
6825
2820
7218
9161
53
5686
4173
7886
2447
291
4695
2103
5120
5144
1716
1780
775
8810
7569
3114
3638
3655
6635
3625
3851
3834
6361
5220
7562
5834
2544
726
1613
8661
2808
3205
1565
2108
3440
471
2759
1740
1953
1482
8787
3191
5611
3963
8908
4376
9046
5550
6992
7309
2448
717
4985
4313
8877
1592
7654
6656
6883
7599
7573
9828
7714
6684
8907
5735
6308
5522
4982
4493
4439
5059
7488
2970
1729
3105
7245
7694
5194
2954
4772
8970
1476
860
3190
6896
3877
6135
4378
3874
9654
1090
3887
893
7626
7369
1972
8512
5884
1956
811
5593
8293
4069
1042
8659
5671
6980
4292
8285
8561
5103
6737
5015
2616
3835
6928
3330
5226
9124
9007
2063
917
8759
1957
2796
8433
9014
9392
6398
2022
2434
7006
1936
7684
2315
7381
6825
6467
4906
2399
4603
8333
1342
8059
5206
4299
7918
2354
5258
251
3637
2313
7882
9748
4774
8669
3194
2759
6655
2539
3912
3954
6172
2553
9409
4079
3915
4945
2995
4677
7531
7338
9174
8366
4849
4862
628
294
9987
3284
1558
7627
8336
1961
8667
614
3719
3969
6648
9068
4618
9309
6048
941
1275
7626
9104
3411
7912
463
9843
3588
2649
3552
7876
6862
8824
7805
5726
4050
4713
1190
1125
2275
3374
5849
4459
6252
7194
9316
6345
2241
1939
9978
4009
8772
2663
881
8182
2315
5105
4800
4293
939
8507
790
4305
1993
480
5830
3307
8579
7148
5615
4415
7985
1490
1447
6123
1719
1007
1190
8933
7013
964
9431
8361
6264
1942
1203
7380
1447
1257
6611
8994
2970
9632
9283
790
6468
5758
5046
6791
9365
5439
1641
6951
6406
7455
4022
4226
2219
7113
5752
3060
255
2787
9600
7193
1062
5377
5782
7614
7230
9416
8691
826
976
7166
5854
1665
7387
1004
1761
834
6077
4541
2443
1591
7443
6504
3871
5266
3921
8701
9826
2603
2703
3545
1129
1079
5979
1577
4407
6490
1510
5605
1822
2683
2715
1975
4324
4426
6019
399
1010
5997
5098
6436
2613
5841
2183
8931
2151
5008
1809
9827
3596
4340
9046
8968
9085
8425
5566
8120
4407
9709
2141
3406
3079
4186
7316
2187
2898
6073
2099
1316
8551
355
8352
2453
2703
6426
9471
7872
3641
3110
3210
6511
4721
9400
486
2092
2869
1108
2348
5055
2444
1722
9989
2018
783
2969
3456
8732
6012
6883
1410
5333
4106
7597
3242
5777
708
2050
3563
244
1969
3572
6528
7897
8874
8382
3273
9438
3754
3819
1739
3182
9078
5209
8221
8083
3514
685
3107
4036
3292
7436
2014
4062
4143
7868
87
4129
885
5249
3704
8912
2967
8046
3215
5210
9896
4880
1615
3605
6841
2034
6649
6451
1927
4827
7338
6849
9740
8320
5160
3907
9743
593
1634
3190
317
3016
935
7691
1804
9458
8714
503
627
4240
7905
8513
2704
1591
1090
2735
6891
708
57
1124
364
7376
2127
2569
4994
8096
3441
5456
2153
2032
8986
8847
2569
7683
4766
6006
1072
6437
6276
5624
6843
1751
8421
2995
2179
8153
2474
5297
9571
2492
944
3621
139
4300
2326
3070
964
2637
1009
2988
6640
9597
2108
3517
3532
1917
165
2346
626
8152
8346
3692
7562
7503
2268
9350
740
6833
2764
2282
9463
8096
619
7401
4971
2446
3214
6285
218
8587
5213
479
6347
8560
2454
517
1898
1446
3115
3570
219
9151
7734
7715
3233
6497
6759
2835
7413
7392
2348
9950
1803
7902
1492
7874
9394
3277
5074
7083
6388
2004
3306
5053
6718
5622
4035
8287
9401
7324
7875
61
7561
8932
7231
9409
7358
9819
2964
3641
5440
9137
2572
873
9383
8753
6832
4386
5105
2461
3644
4957
4394
3643
3055
720
3704
9598
1395
2783
2222
8371
8134
3218
7576
4778
7612
13
832
1834
3620
120
2287
4650
5049
6745
1198
5463
1107
5490
9745
7157
8604
6694
1845
105
7327
762
9821
6799
4228
979
2778
7682
3798
4397
2124
689
5365
3350
8218
2370
9272
4297
6563
7936
6081
3448
866
