7730
863
8688
779
817
5115
4820
2262
5307
1761
3350
1624
4082
4981
8376
7040
7294
9075
1769
8057
7387
5933
9960
8380
4631
7763
1881
5472
631
8158
763
8826
36
5149
3924
2173
5851
1120
6271
4416
5085
6806
7848
9508
9086
141
4135
2463
6611
2042
7446
2778
758
7312
7501
3206
4369
8844
1490
1034
3695
1726
5971
3009
7266
7217
4393
9078
3331
4117
7934
6589
3130
2751
7398
9217
6687
4413
2213
9395
6542
342
1054
2434
8474
964
5315
8056
4732
6491
5796
2156
5096
9921
2210
5245
7042
802
3202
8784
2914
9717
9434
4030
7359
1626
762
4189
1211
8417
9828
9316
1877
4345
4363
6537
2576
2064
5640
2807
1846
4967
4696
4026
3851
4211
1645
4726
8748
3753
2034
5939
2128
5295
8145
3442
4296
1101
4605
7400
7923
5685
4540
702
9864
1761
8404
5308
9923
9087
6631
3660
6399
1232
4593
7183
3899
6387
9937
3551
4691
8798
554
1022
7262
6037
2808
4625
7187
4466
2397
2444
8922
6225
8307
2218
1859
5395
4339
9050
2895
3437
5402
4765
8029
5738
4112
310
5031
2439
4973
4425
6207
2346
9442
9488
5811
2650
1980
6295
3463
4106
8304
6122
5221
7413
268
7010
7867
8460
9119
370
3499
3364
7256
7029
2534
3265
7419
2670
8261
7705
3426
6013
5224
3158
6489
2069
4004
5441
8696
9601
8375
3599
3857
2479
6686
88
7768
2761
843
462
8144
4808
8439
2052
2775
2545
2901
2496
1691
860
1453
1047
3784
6522
7604
2197
3229
1539
2041
4884
3177
4952
5671
9634
6854
229
4811
6415
466
9002
7577
296
8413
1460
7278
10
850
6141
4594
7648
3131
6859
5516
3898
1321
2472
9673
6789
1872
4025
8341
9835
8770
7875
3558
4730
3630
8079
2372
2340
7646
9205
3553
9703
4011
6242
2872
1083
3125
4584
3026
2251
4101
5136
4769
5292
216
9051
5943
5887
8595
7092
9751
2079
5018
5791
2441
5179
1333
648
5671
9173
1859
3415
7147
6499
7339
8466
2456
4624
2052
7960
2855
6050
1383
7616
9116
3298
9037
910
6457
1610
1470
7712
9877
7097
9588
3252
5533
2317
6194
547
54
8965
5664
2055
4207
5759
690
334
4492
6242
9708
1134
628
4007
6540
6939
6885
8663
1990
9942
4666
4376
8543
7468
7174
6404
7902
346
9671
801
2634
6904
4003
3497
459
6216
9375
6026
8528
6153
8860
2060
6179
6611
5643
6393
1114
1260
7165
5464
6328
5916
4517
667
1828
5868
3538
2168
1309
8997
1454
6529
7657
7014
6598
8947
7612
3471
3830
1296
8646
4755
4688
1781
6868
3642
4931
939
4898
4884
5217
9375
7666
6408
5205
2993
6059
8915
6777
4914
7902
5708
5011
5136
1178
9406
6216
1201
7982
1429
4082
1315
8251
5091
1698
5826
4369
1822
8448
1173
85
5208
3643
5516
2713
8872
8096
8104
3279
9830
2582
2463
3393
515
8079
3633
7516
4170
3164
9616
4110
377
1756
9159
5414
1176
4037
148
2816
2357
9650
7751
9529
1399
2085
7162
6817
4287
5741
1998
7072
5256
1865
3344
4892
1175
7038
645
4103
3322
4451
8207
743
1341
9861
3166
9761
3380
2789
406
5525
480
1859
3372
4085
2104
5850
1184
280
2848
2460
5659
9637
5775
8842
242
6643
3270
5827
6750
3711
7378
2486
9402
468
3182
4506
5277
1355
1997
8811
4141
3729
6461
8434
9022
7969
2345
7588
198
5334
7456
6283
4827
9665
2735
2100
1311
6616
8618
9587
5847
2660
996
8897
8262
7469
6072
2176
7532
3895
3336
3208
985
2989
1425
2005
6320
667
4116
6262
532
487
5594
9426
1874
6620
9622
1930
9731
3173
7074
8456
7311
5802
347
4281
3500
1934
3368
7571
6003
8514
6020
7500
6485
5420
9713
42
3526
1297
2562
6763
6368
7076
4915
6971
9404
2082
5328
7079
2866
4718
2990
7089
2172
7677
4785
7850
447
9522
2356
6525
427
4224
3123
8118
5284
4846
3648
256
499
4621
6501
9223
3081
9027
1847
2741
4794
7253
306
8104
4593
3132
2508
5443
8617
8920
4558
8374
6338
9254
8890
9285
9326
1729
6322
4840
7440
7978
8679
460
2949
928
6730
7138
4586
470
4633
6178
3925
9617
3796
2888
8989
4354
5587
2153
3204
1955
9957
9371
1308
749
9617
4685
3700
2404
3056
1568
6405
3129
387
9475
1274
9994
9501
2808
1866
4853
4499
6466
546
8268
9127
4241
8410
5759
4307
9918
6847
8495
4687
2905
9092
7798
5358
9778
8611
5704
2942
8675
6750
9690
658
7964
5021
9542
4489
3189
9038
4239
8266
3704
3218
6324
2933
6095
4240
1941
7499
4673
6424
1369
5468
5555
621
3086
9541
3618
8146
5311
1840
675
2718
4984
3529
8103
2421
5364
3695
6945
4854
11
6199
1735
8735
8109
573
8929
9271
594
4560
3364
4438
4348
1702
9520
5954
1216
2343
4526
4877
9300
9536
5105
6517
909
5744
6376
3398
5263
8898
6176
6541
2917
7519
6933
9762
8564
30
7791
5866
9072
9441
340
1500
6167
2443
3662
2163
7870
4161
5064
865
7268
1428
2367
9132
6954
3936
288
8260
6796
6768
5416
2076
2512
3295
9334
927
1736
7029
5500
2795
8704
7894
2626
4259
440
4955
5943
9510
4533
3827
7137
7527
6072
4513
1749
481
8806
4900
4080
8160
5569
9591
1626
2758
3016
2291
378
37
6445
3169
9494
8476
9932
7863
3797
6184
313
4189
5122
9033
1800
5949
2782
7713
5151
2963
1692
1984
3605
3673
6635
8321
1
4666
151
5610
6501
2598
3226
9249
1673
2836
9741
8655
2803
5597
2679
3559
4950
2148
7208
7466
7653
1631
2535
3766
6857
1185
975
9592
9171
4268
967
1574
1485
2048
9021
1980
9181
8858
9030
9634
2934
1436
271
6765
8994
775
2577
9465
8956
8484
7319
8467
4521
644
303
583
2635
9249
2196
7588
4233
6175
7739
3283
4180
9278
3126
7956
7169
9426
3824
6906
8026
6490
8136
3436
3217
2577
7756
5382
2724
5276
2471
3177
4196
3838
7851
2989
6518
9983
8163
5830
6105
1656
249
9939
9136
901
5904
3486
4569
7038
8112
9052
2578
8163
9943
6359
144
8495
4911
2904
2151
1524
5313
9428
5103
1546
7452
3492
4530
560
5197
4133
5324
5041
3777
1740
5018
8655
7196
1366
1263
7719
2518
8523
4996
7057
6363
1560
3037
7558
1301
1763
3129
9704
6694
616
9337
2087
3985
8336
3143
9815
672
280
1808
7379
7647
243
9957
7774
5092
4859
8328
5601
3781
7069
9406
8862
8467
278
3632
2054
3213
4582
5175
4390
8206
9042
5391
2455
2978
9435
5751
6673
2350
2203
7063
5773
8933
2127
954
291
6118
8307
6648
7248
8806
9514
698
460
6721
1647
2084
502
4815
9938
2741
5559
2507
4004
3507
2618
6960
4613
1929
1900
1187
7874
6943
359
168
8330
4064
6150
7301
1531
5493
4995
7089
1117
5569
5492
9389
4192
8525
1805
9462
9758
4673
7679
2061
5221
670
677
3971
2426
4102
2412
2593
7723
8366
1518
629
7418
329
5635
4239
6880
4944
9566
5572
697
6414
3074
4495
2244
1758
8262
7466
4344
8640
4176
7101
4488
5906
2012
3131
4172
8102
6448
5306
941
2908
7191
5814
7135
1298
7619
7715
6560
5015
859
198
6741
1191
6319
9765
6414
9495
4244
3893
7111
2937
9793
1079
3747
451
3808
7375
7332
14
6160
6606
416
8036
7256
8707
5311
988
1679
3587
3244
6545
4384
5729
1470
3158
2791
7683
9672
4236
1779
536
9468
3494
2364
1505
3834
350
6528
7791
2079
5811
8943
7136
978
9547
3991
4046
7477
2053
8856
982
6483
402
5843
8081
5453
5945
4533
4132
2732
4707
1620
3319
224
3120
1402
1122
6788
6073
5878
3828
6879
3783
242
20
5525
8662
3414
827
8178
2836
6233
789
4772
3108
3672
1055
8496
4394
9355
8777
7839
8541
2047
5213
5055
3284
4331
9414
771
2794
4954
3188
4656
4423
977
9849
6093
9964
1054
434
8212
7221
2028
601
4156
1268
1369
6410
5990
7501
5802
1035
4988
2613
7806
5811
2326
1124
4836
2174
8179
4559
3200
9491
3593
3879
6042
6629
6998
762
4763
5087
7022
4554
9475
2324
7634
4235
9218
1641
3668
6167
9283
6591
5070
107
8910
3611
4709
8575
3037
3659
463
2571
1836
7567
8322
5582
7494
9625
7123
7240
3970
219
6023
3987
9
2145
8853
136
6877
7637
6950
8688
7920
7845
384
5027
2392
2279
4310
5472
3248
8132
2399
8858
6198
3277
2503
4421
1783
7336
985
593
6696
1880
8526
3154
8591
4763
9115
6403
8709
6663
4530
2446
9395
5272
6837
6283
9592
760
1293
3893
4453
3493
6668
2167
1518
9821
7925
4033
816
9252
3909
1363
4171
7658
4855
6800
133
6886
668
908
8984
6335
1996
8326
9332
4790
7116
811
2117
4463
5573
9045
532
221
5358
4881
9206
6930
3887
3952
1553
2525
8284
8977
3831
9918
5460
1865
4124
8910
7513
1826
1845
8364
1760
937
6937
7875
6246
2738
1644
3873
5336
1264
574
7995
9410
5985
742
7954
9557
8953
8989
7613
9863
4448
2062
2497
4063
6263
6780
1207
9047
8351
2814
2039
6519
9996
8623
9530
3047
8459
6643
7138
1365
3884
2518
8868
6790
1030
6064
7019
4694
1764
8668
9454
823
3613
6759
3274
8500
1694
7403
6702
6424
6539
6420
4304
8006
3047
9935
1010
3126
9406
5851
6687
3176
3188
2545
7487
2080
6026
5987
3193
5949
9284
4124
7555
5853
3771
8954
6482
5091
6794
8951
2959
1203
5857
3683
1001
8678
8770
1362
5200
6892
6442
5162
2205
3280
3405
8103
3852
6235
9649
8685
5590
8062
2777
2762
6168
7004
9636
1153
2924
8344
2382
5060
6501
7567
3924
9723
8951
3257
7949
1005
3280
2657
277
5644
4635
4705
447
6186
1747
2674
6042
1468
8866
619
1099
9217
6406
5539
3003
7113
6395
8817
8964
7577
5315
6905
6400
3706
3761
3763
4713
7682
2031
687
9256
2425
4211
7315
5480
3561
941
8835
8372
8644
9309
9154
7636
382
4796
708
2841
4371
736
3378
5262
4092
2471
2320
6660
1497
8880
6716
4171
8325
3902
6183
5426
2181
92
4119
6085
7840
6407
1767
4220
8206
104
5585
425
8129
3938
7725
5733
5462
7417
1954
1620
303
914
5723
2868
2864
5423
6099
1622
4828
6421
4669
5394
7602
7551
1790
647
8228
2098
7399
6191
143
497
6812
8529
2592
855
2405
920
4934
6012
1250
3788
861
585
2180
3806
4601
618
3582
8302
100
8560
1608
4701
810
2705
8527
5829
3230
4200
5648
7548
8961
9231
6398
3364
3691
5734
330
7384
5552
1934
4032
1750
1765
4596
7183
5766
195
8482
6078
1770
6901
8857
2616
6870
2764
3284
6199
5343
3481
3798
6551
5028
5262
2103
6844
2731
8160
4776
293
1330
1312
4760
572
6182
8421
8206
7160
8365
523
6063
230
6390
4777
6938
7628
1323
7216
3336
1377
4349
5114
762
5245
8841
5548
7883
7424
9562
2156
934
3172
3353
8456
8811
1254
6893
4550
4673
4549
410
3896
4662
764
4802
2411
8194
91
348
3525
8482
4599
2536
2268
2559
2787
8669
9834
6580
2152
2008
3948
1763
9655
5817
818
2734
3459
2796
416
6505
494
169
8981
300
9583
7645
4046
3444
7633
9897
5605
4753
3258
8284
4969
1554
9467
6659
9459
1998
5966
9886
380
9949
695
1929
6381
1185
8764
3510
2934
7551
9004
6890
4582
9006
561
8176
6795
3031
4383
5547
4813
5496
9092
7993
9834
6627
629
7824
7132
5231
5322
6886
4363
5677
6554
9812
6378
9758
2356
6913
8852
5130
788
8074
9409
8689
5846
4453
3030
5907
408
764
7123
9421
3599
6529
4262
1467
227
3914
5801
4990
1472
6215
2191
7541
1736
8384
1655
2443
8024
5641
6241
6864
4979
7230
6922
628
4577
6945
2336
9813
5500
9737
2736
1401
2716
4883
2337
6954
7909
5454
4131
2897
3775
4710
1821
9058
4923
3208
1117
148
8722
9991
324
782
5971
796
5455
7594
660
425
6416
1102
2277
6826
1609
9619
7725
1525
2945
3796
2724
1358
5393
7094
4116
260
9516
2221
5793
6639
105
5232
9911
2612
4364
3239
3240
2089
2508
9386
7781
5494
9732
9386
3066
6082
1788
5525
1273
3729
9945
1988
9454
2869
2156
6499
1449
5382
8118
8932
9702
3338
7265
189
6368
2753
6139
3739
5447
9546
2324
1301
5547
4087
4311
9981
4789
4868
6885
6752
4874
1318
8499
3850
1068
9631
8315
1726
4957
300
6089
5923
8610
4894
1059
1629
7715
4942
6737
2911
1411
3022
5431
1252
3011
5142
5556
76
4554
831
9842
973
8071
7478
8155
1520
9902
5173
7446
3288
7772
8412
7646
5998
6112
700
5642
3284
1618
2189
354
2917
9971
9680
2354
8726
5600
9770
2272
4537
8253
6562
9127
8310
1144
7951
1860
7529
1927
6061
5963
438
1130
1836
665
4821
3381
9029
6512
3855
2828
2484
6738
6572
4768
8797
8741
1156
3897
5094
2664
3950
8121
2524
9494
592
4340
484
8748
9413
7724
7051
598
9772
9684
662
9552
3125
2786
2530
2216
7774
5372
2913
6479
4892
5018
1193
7092
7407
1428
7428
4237
928
416
5555
1754
4790
3886
5835
2490
9278
5876
4759
2715
5686
6553
5112
1006
7100
4801
8570
3356
7623
4316
5647
7203
200
2426
3091
7631
7248
8884
4840
5693
3902
4120
871
9591
8225
7654
5736
3540
5144
7546
5337
9571
1480
5088
1467
1701
8791
4946
696
2935
7234
7762
6665
8584
1821
2292
2735
5661
7373
3196
2067
616
9678
9411
517
6459
9934
6714
1510
4272
543
8009
9912
9329
4803
5564
7247
6925
8637
2819
3493
5185
634
2885
5346
4422
3283
9643
5010
8087
3621
1152
6098
2358
4816
6624
4414
6116
3841
6287
4741
8622
6143
8237
5071
7826
4767
8012
8181
7944
8029
1594
9052
5972
8189
3466
9199
1337
661
2229
8935
2001
7618
7303
4917
2403
3339
1402
4819
7977
3541
9112
5943
5836
8378
6613
3994
5099
7920
9076
7438
5580
2481
5299
9054
2130
9971
7669
9417
1679
565
5132
4359
6393
4298
7906
8993
6869
2945
52
2823
7445
5030
5260
8982
1646
6270
8083
9236
1224
9435
8992
8916
4513
8122
6049
6370
6251
4679
622
407
1062
2064
8551
3552
8214
6286
3647
7042
8331
3390
3697
5387
1833
7314
3726
9854
4832
4802
6703
4654
6721
7168
1614
1450
3494
3588
7637
3229
7015
3248
3244
652
8668
3479
4298
4863
7898
5620
6856
1710
1745
5558
1190
4241
1175
3361
5114
5475
9050
6724
788
9763
2223
9646
5013
9096
5223
547
595
9403
4379
9144
3531
5988
3758
6802
8674
8729
2275
6761
806
9914
5809
9983
7143
968
4389
7050
8963
2172
2912
6308
5012
4259
2820
7486
1497
8923
1300
7441
1664
7166
7498
3497
639
3155
5156
54
8617
8298
784
7073
1273
2613
5804
2026
8099
8086
8182
3473
2123
4346
9201
1900
8759
7357
1839
2927
4313
3378
6934
3365
2917
6944
6898
270
9567
3632
762
8622
3150
8206
6954
5049
5374
7573
1738
9479
3167
3560
7852
8116
9415
2967
6076
453
1627
131
3044
3679
4438
2858
500
6520
8466
5399
4196
6526
5182
8849
7110
5259
2254
4147
8508
7186
6000
3852
5197
8259
9457
9027
6021
2087
8793
3189
681
2689
1465
2370
8644
8399
4779
6993
1402
2249
3615
5802
2906
9907
9986
489
6724
6803
8374
9723
6755
4157
1081
1087
4781
131
7483
8366
2166
4049
9838
3000
8307
8840
119
2085
5427
7675
5617
9022
9125
4740
1968
9626
2498
9144
2120
2507
2590
489
8803
2817
5906
5257
6902
5028
1716
7718
5168
6998
3248
842
2723
8520
4539
3883
8562
689
9538
2555
5157
4050
918
2835
5467
3158
9577
9061
5488
3353
3470
4705
5128
1484
8822
9761
9845
2073
9671
6281
1027
9174
950
9669
1537
3957
5674
1544
8207
5312
9668
1041
2270
8158
4345
6607
6931
6947
1125
2508
1170
1714
6560
7305
1466
9368
8879
1769
1931
7929
7063
6885
9622
8306
8767
7398
9406
2222
2836
