6929
7450
7876
9140
3733
1645
782
3669
1893
4785
2602
3585
2698
9061
7949
9059
453
3818
1239
7366
4307
2569
8705
3327
3804
4537
8558
6775
6783
9059
6565
4108
1572
7722
6258
9373
4731
1391
3714
6560
6892
1688
3681
7286
9890
5124
7754
6436
1629
2294
9976
6626
5141
2826
8448
1475
774
7838
2479
4226
3238
9945
290
3294
8669
8432
2130
6134
3010
9287
3420
5089
3771
4765
5982
7985
7822
9767
6104
814
7257
5014
9784
2738
7425
1844
2723
1053
2911
9791
85
4158
699
9039
2632
1379
343
7851
5903
2557
3679
6009
442
6456
9869
4948
8770
3266
3394
9986
9456
3061
3398
7606
9525
1854
5979
7271
4065
3544
9936
7991
6707
659
7130
4228
6062
5155
4419
5145
9129
5723
5066
4792
913
2666
5610
4684
3789
5533
1275
7873
1899
5173
294
9751
2166
3724
6591
3541
3732
5667
8703
9509
3057
4360
2606
6791
1309
9592
3209
3328
2268
6706
9971
2927
8723
6640
1684
7919
9496
6929
296
357
8780
1474
4491
6156
6681
763
4900
5040
592
3237
1734
1156
6798
458
8872
8545
1706
5657
8340
9870
8999
1808
9133
9377
5438
457
5699
8145
8136
3180
9564
3527
5073
5806
7678
3729
5220
5286
4363
4796
1058
7070
5612
5834
9770
1161
2235
5794
2148
9457
2416
5262
3974
8322
344
2838
7547
6376
5387
8518
2819
7463
1376
2997
8867
5062
2503
3277
7167
1222
7170
3132
7136
4225
9886
587
4385
9867
9236
5594
1222
6822
9404
3584
4873
6010
5536
5731
1006
7972
3072
3145
7714
8215
1264
6945
7248
3196
4376
1973
9046
4286
3688
5318
5386
8998
9722
2670
7388
5950
25
2610
5394
2483
8002
2936
1222
4611
4883
6222
9542
1593
9382
4471
291
8274
5897
7423
4704
9469
9838
510
6542
469
6037
9646
828
2084
3696
7046
8899
2871
466
9511
283
5031
8939
294
6121
9279
1494
746
9004
8089
2538
2521
5944
9677
501
440
5700
425
6060
5899
7507
3756
2518
1953
5150
4819
7795
1360
4345
9964
4132
40
8120
5895
9124
3090
1502
5348
2308
6871
187
9561
8054
2065
5167
3723
4547
83
2494
6996
9308
7667
1554
2400
4663
8331
564
457
3447
8340
1288
9012
8860
7986
7974
2388
8326
9362
8314
8548
5365
7722
8754
8174
4339
4769
453
2626
1138
8613
1320
1294
4253
867
7694
9251
4075
5724
874
8718
7653
1622
3204
7915
7481
4988
5298
1293
7802
7002
2177
845
5237
7488
456
6512
8463
2460
1577
5452
5452
7316
120
4828
8184
2824
6710
7584
7296
7799
214
9151
285
5010
4643
2449
1446
3982
8590
9081
8413
4627
5253
795
6826
2723
5215
5538
4764
354
2032
1112
7661
7994
9389
2778
8201
7130
4739
5565
8676
3123
1875
2008
2197
9502
947
6242
5649
9397
5463
8222
6114
2103
9042
9457
4270
9379
8994
9394
2549
836
4751
5292
6673
7297
710
8812
2600
3732
2482
6508
3827
4151
7041
6188
1361
9501
4511
9973
7754
3809
4016
6887
9728
3673
6058
6345
3968
2897
8706
9476
3818
6023
6271
6181
3452
9512
2446
677
5237
7452
2699
5900
8478
1943
5222
2271
7324
5343
3231
7190
2416
3959
3573
8886
5862
6062
3441
6786
1092
6455
4720
2498
1856
1207
7067
5370
6026
6465
3680
1496
2564
1043
6408
3986
9573
5094
533
3807
9962
768
2664
3540
6574
5067
8132
4211
8621
131
1209
6811
1689
404
5432
2357
6630
3802
5845
7489
1635
1376
2410
9168
9331
6795
4095
2
748
630
7743
1771
3161
4733
7095
6609
5316
9873
5258
4721
1639
1280
7912
8586
6009
5521
2096
9696
2758
3336
8030
8491
3829
4492
1507
4467
6646
9305
5418
2682
648
1091
8414
9442
7138
2846
8307
5918
1742
711
3289
8089
9082
9014
2953
3950
8140
2139
3196
1078
4650
2754
7580
3749
8370
285
1274
9188
2920
3276
2251
5676
8934
8318
4575
3606
3354
3114
5744
928
1719
8242
9444
9196
6447
6025
5641
3114
3265
7313
2359
5127
2939
7544
4699
2280
1074
4838
2617
4439
8076
5088
826
3613
4068
9796
2977
2246
2833
632
1978
4799
2682
8427
6990
7677
5912
6057
8600
5734
7652
7739
6875
1583
6728
732
9093
7634
1263
118
3557
1396
5865
4094
4778
9278
3114
9992
1891
1606
3415
2586
3632
6977
7887
1601
5149
8312
8
2112
3357
9526
5984
1833
2729
8834
5455
2993
2294
1036
8314
3642
6323
3472
2002
9262
8075
9690
4286
9587
4325
7755
5672
7450
7606
7693
1401
1682
1544
188
6538
5649
3980
3378
2929
3113
3053
5760
749
9641
6806
1324
6631
1783
5001
1035
8448
7929
7731
2532
9807
7729
8413
3406
5829
2416
2478
7555
9195
2017
984
5628
4483
2463
9849
130
7315
6376
8196
9738
6695
3667
3227
9148
3022
3239
909
383
3337
3271
883
1530
7140
215
4867
839
7213
8740
77
975
3573
6012
2601
4542
3736
370
2258
92
8470
6526
7837
137
883
3707
5539
6475
3557
9076
7054
1371
5314
6735
3441
9836
4285
4868
8466
3252
3798
709
1821
4609
1621
5774
4532
1444
5035
8514
9335
3613
4929
7416
5902
3138
9658
4305
1410
945
6671
6669
4391
8936
4380
4407
4120
1786
85
7161
3711
556
3934
6063
261
9077
1870
1079
1958
529
7520
8186
9703
5089
9345
7872
1685
7814
1916
2565
9658
6888
7004
8796
8988
302
7293
9524
9275
625
2998
5804
3865
7212
2156
3186
5346
7644
2032
6390
5085
5578
5843
2702
7915
1156
2502
531
6666
1681
6909
9552
1151
756
9001
3434
971
1416
1470
642
1643
8792
9785
5802
9112
5620
6275
2608
1667
754
6262
5276
3489
6513
8753
433
981
159
538
4050
9183
6410
7846
9077
6543
9466
2557
644
2295
2486
5860
8996
5552
2574
4722
7877
6617
4591
2631
1614
765
4198
711
3634
1674
8325
5023
8867
4783
228
5779
9148
5252
3138
4701
5643
6511
5374
2532
6018
1904
6881
2525
9419
6649
2685
3081
3967
2115
8582
3481
7022
7131
4246
6454
2877
7873
2991
536
8117
139
1102
3495
6823
6371
6770
9594
3164
7233
5891
6491
6924
8453
1301
2313
4147
8265
4631
6693
9429
7033
7993
238
5927
63
6309
8283
4473
1409
6331
7947
2397
3047
2091
7736
8644
4718
9093
9640
930
5313
3096
5196
1966
9083
4743
5200
3620
7474
9226
1651
989
2650
6717
8251
2493
6528
5236
7600
9866
1984
622
5216
2173
782
3386
3652
8947
4525
3456
1042
714
648
8702
1251
4566
9309
3327
851
1580
3529
5180
268
5275
1875
469
4341
9556
2833
7275
7360
7071
2801
9897
7393
1026
5152
4431
5572
7292
4618
7401
2804
5196
1928
2364
5800
4574
3187
9017
4573
4708
5354
746
5240
1660
3975
5732
2839
2554
3257
8455
5478
7897
7125
9894
591
7022
6852
5230
1235
2436
3139
7560
4383
2906
4065
4941
1890
3188
1185
6073
4755
6755
3852
7778
4997
6178
9100
7406
1233
739
3796
5528
113
5952
6886
13
384
1493
412
2353
9015
875
3530
4636
165
702
6548
1970
5057
7612
6243
9296
6762
9345
4727
7334
1699
4609
368
5032
3994
8186
198
8989
7242
8360
674
3171
4176
4628
3045
6935
3783
3211
8688
3651
276
4994
4444
9336
9228
9986
4580
1421
4003
396
6793
1642
7044
9775
8078
7532
8566
4062
3178
2866
2458
4022
7348
3375
9572
2827
6910
7749
9133
6894
2172
1537
8453
6204
7856
9190
421
8857
4549
2765
2740
4585
6591
5500
2156
9036
3365
2685
1523
6281
5607
6490
9186
9227
6449
5282
7509
4846
4169
8486
3051
3187
4036
6550
3601
9545
5700
3462
7035
8244
4858
7955
5078
236
7842
8813
4388
7730
8071
5878
7118
5482
2311
3547
1759
1811
3355
9651
2003
619
8634
132
2253
8641
4045
7816
5414
490
4568
2367
8637
7968
889
1774
9799
7169
4871
63
3915
7829
4064
9757
9013
9727
3990
8107
4566
1079
6457
6468
9329
712
6529
3332
1105
1850
2271
798
3088
5318
541
3088
1123
7546
9346
1558
530
6157
976
162
6478
7276
2652
8610
9758
2833
6855
5636
1133
8593
8119
9046
5232
9944
9617
8980
1329
2703
5005
1120
9052
6111
1191
2504
3160
9826
9269
7193
9878
8669
8141
3952
7434
1327
8529
7480
8768
2428
3848
604
5856
8968
871
1441
5198
132
4055
67
2621
1654
191
2165
1317
988
2469
9170
3951
2794
5461
5792
6375
3841
3260
2093
5167
4520
7198
9065
8279
7453
3989
8147
7516
2286
8869
3575
2228
4084
1018
9970
2060
1022
3035
3990
6395
9303
8856
8969
220
5143
4838
5156
6938
6943
5451
1151
1599
5931
7368
5923
8712
8658
866
7962
3211
2792
8205
5667
1537
9922
8544
3299
1308
8955
469
3484
9904
9009
8951
747
8505
7705
5453
9519
2553
7589
2967
2898
2816
5162
8186
950
8441
4347
2392
1220
4562
8181
4494
5795
2825
2677
3072
3516
2352
6955
7359
5272
7342
7558
8496
172
8856
6028
2339
5799
9398
6929
579
2775
8105
7055
2876
865
8479
4405
553
536
4878
9031
8793
4441
4743
8721
578
7674
2540
4068
8778
9135
9226
5405
1193
6031
2398
1213
2288
8565
2547
5957
8687
1988
6628
4912
7941
4370
5348
335
4317
72
7473
4024
8563
330
1588
4265
5152
2555
1947
883
8854
3503
7610
9757
7772
6009
4441
4403
7447
4071
1627
6998
9505
7650
5627
6613
1374
2053
4774
6027
3935
5092
9094
2025
4580
7945
4440
2696
2586
2993
871
9270
3732
350
7133
9523
1673
3076
2231
9360
8417
3272
5292
960
8737
5482
4609
5993
6024
1408
1780
9247
1375
2607
719
2050
5953
5247
4741
6293
2866
5056
6330
6540
2464
1964
2110
1646
8165
2379
9337
3229
4619
2525
1835
2471
2648
2574
3796
2372
1436
8187
3426
803
183
490
7006
2154
4883
2405
3685
5177
1646
5893
9464
4811
2363
9414
5216
1243
9745
1824
9321
3307
818
9145
9928
9935
867
1842
2233
1582
1208
3060
8247
1991
7985
7937
2825
7336
7468
727
2436
1646
6283
5891
7289
9222
7551
5482
7922
812
3377
5905
9602
283
8999
6434
7884
2481
2643
2131
708
1538
410
8355
3517
6705
7179
6922
2104
5861
4894
3380
1934
9125
1272
5320
6408
7211
6144
5214
5646
4411
5053
7827
111
1174
9517
8484
6593
3136
6706
4000
2882
357
8204
8215
1083
713
4146
478
1135
2979
4418
4728
5968
4102
4039
4023
3328
1928
3102
6875
7945
6495
866
9826
4786
538
6971
871
1726
6685
3169
4314
2958
5878
7017
2013
1888
6178
9626
4181
5101
8094
3172
3616
2291
6921
1482
9837
5639
6785
5226
2899
941
1265
134
2920
2543
952
3265
1391
2267
1162
9504
574
2721
4626
3509
7911
2713
3873
2938
7131
3252
9674
3984
2530
2165
6449
4928
283
9269
7398
8470
3557
1384
9763
7990
1899
6329
2493
9527
3155
6444
9588
9761
9510
6821
3370
8123
1104
4974
4917
5663
4240
1011
689
3222
6379
8313
8580
317
4683
8333
5374
969
9109
5759
5969
5680
5947
9573
1093
5105
8824
2899
6577
4619
866
3059
3803
2764
6622
1595
3249
5739
6873
6568
6734
7511
3185
204
2116
2442
5533
6105
866
2045
7304
4025
3389
5201
3097
4483
2149
9771
6407
8470
1397
4100
7056
5473
3939
1465
5432
3119
5067
3810
9466
1544
2820
7538
9131
5540
3245
5485
2686
4539
5050
6848
9267
7079
1887
5178
2959
6753
7664
6796
5664
9962
1652
7824
1290
7064
1757
8863
7270
6824
2372
9372
5099
6752
6015
6976
6399
4503
157
5192
1655
4032
5096
3879
6658
375
984
859
4346
3229
741
2564
946
6416
1457
9298
5903
3001
6308
4804
3957
5557
1834
8623
4275
8399
416
5500
799
1980
1767
3999
4710
6549
8722
7162
4679
6394
1198
492
1271
868
1025
760
3418
8782
8206
58
456
243
4320
8829
5380
3368
4006
4694
6180
5196
8544
5026
3531
1854
2329
3733
434
2456
4456
1184
7301
1085
4459
3616
8817
6232
411
1709
68
917
9012
3672
8796
5183
3962
1493
9117
8827
4438
5259
5268
3134
8721
8472
8159
625
8971
3813
4187
8561
4866
8026
1104
7094
5806
2443
4114
2412
9467
2979
3123
9337
4795
4868
429
1474
5830
4337
7666
7790
8960
4512
1935
4122
8010
3515
8126
3500
736
2382
7547
1879
7667
7678
2106
2642
1350
9857
3616
4028
578
2549
3359
6324
7350
2224
9393
8727
643
2807
932
8818
8583
9658
8002
9127
2979
2511
706
3908
7760
8973
2325
2448
1620
3713
9460
3154
758
875
551
719
3033
938
393
546
8722
2755
7705
8338
1839
5788
8067
7330
1064
2617
4507
3523
1038
7486
8711
1781
5722
4479
5952
2065
9787
7047
6579
3784
2890
8184
2271
6994
8601
1232
1115
5401
3400
4675
9784
2090
1189
9344
2257
4193
3762
5943
420
4098
4381
1964
2898
119
8719
3995
1912
346
6975
2840
8349
4021
9195
6702
9585
3782
2016
5744
4971
2436
9315
3173
6130
263
5589
8938
3061
645
297
9851
8830
5980
6499
5018
4842
6048
2772
2247
9139
9217
4758
3429
409
8960
2291
694
3466
3856
2968
833
9969
5956
5821
1602
7156
7408
3416
8867
4309
4847
6511
7886
4002
6731
2832
7867
2471
2823
4686
6553
3274
5280
8354
5072
3742
3323
2239
6027
4157
5824
3413
268
2577
4544
4196
1792
9398
1772
8174
7854
3841
5725
464
836
1700
8114
815
5038
3515
3130
6130
885
4911
917
2835
7289
6166
1323
7602
5762
4652
8723
746
8585
3298
5913
5988
7717
6637
2388
4245
2725
7576
9413
1084
6300
584
6910
5100
7753
8226
3500
4168
8309
4415
8432
2179
4738
5906
1998
2362
3316
6940
6995
3253
591
3681
122
296
8337
8025
1890
5168
7969
3956
2084
7465
5282
6470
7381
493
6489
9317
4622
4415
2185
2582
2840
9716
879
6721
5156
45
7490
6357
2225
5465
903
9836
8793
8931
5540
7299
2151
67
8391
4083
961
7638
7412
7478
9185
1794
5909
2135
4887
5153
8493
732
3229
9282
5867
528
8408
2002
5010
3648
7573
8782
3845
7129
6559
2810
9286
7396
761
6604
6026
4993
6891
5461
1030
9089
6015
4215
7875
5098
8268
3168
9695
6162
8402
9589
8147
8273
7734
1028
5476
5217
9984
7422
8680
323
8559
4339
9438
2678
4002
2063
3944
8160
252
9960
6778
2217
112
6862
6971
6251
7552
657
2738
7634
7652
1667
9103
2900
120
3044
4099
6313
8908
9405
6071
1601
7330
2249
4713
25
2897
133
1910
9695
6292
7538
1680
1941
4927
7354
4539
5936
3517
2438
4319
8978
4387
2783
7751
8760
5712
9956
9892
366
6745
1282
730
6419
8088
4960
5134
5702
3107
6300
6795
4200
6480
1128
3798
1325
8254
7020
4309
5670
8610
2573
7100
2084
7901
3112
4902
7886
8280
7172
9112
1472
7979
2396
9984
8503
9998
5961
2740
2215
9262
1124
2902
5974
9615
1746
2555
1834
8528
641
7337
430
9302
5847
2405
9795
5723
9310
3016
3692
2769
7816
3605
9469
2610
3639
6578
6192
1809
3286
2346
2350
3541
2932
2353
2367
4945
5030
6140
7655
1814
8671
4099
7367
478
8072
3132
5389
3124
6495
2744
6289
138
6158
4659
4653
2201
8527
8323
8303
6373
2614
3483
5043
6501
2118
5283
4095
9523
4270
5780
9879
8836
4482
4182
9713
5879
7546
3475
8211
2179
1969
6000
7633
4423
6385
1245
7653
7209
7132
5404
8559
1802
4449
2171
1457
2056
4343
9911
1806
3579
6612
5599
132
2045
9493
1351
2537
439
1847
8092
555
6934
1778
7744
229
8092
939
1267
187
5435
667
9478
8468
6185
3172
1296
6054
3574
2008
7394
4577
989
5423
1668
4753
4343
8449
6651
2637
1280
2517
7637
5461
2725
2418
5120
6927
9123
1234
4098
9827
4731
9790
5474
3338
6958
1527
7933
1358
485
775
4741
8192
7164
5060
3898
4161
1510
8738
8407
919
8447
2086
8746
3067
1474
374
3133
4121
7122
3045
4903
5377
1451
1640
1071
7937
92
9092
1510
4148
9026
1050
7808
6198
8757
9874
8944
8687
7477
2845
1869
1432
972
8079
8935
282
2129
8925
9954
8208
2396
8535
7022
8937
4126
1963
7788
991
5298
4075
1640
1664
10
4872
747
1039
2854
2621
1550
1755
5984
1633
6304
1879
6301
2324
1481
3497
9891
6056
3035
206
2646
9033
9313
2756
1403
2025
576
9448
495
493
5444
4898
5502
8551
4937
7749
3785
8677
7013
8212
8340
6714
1385
7546
295
8749
5195
5394
1442
3641
7854
1509
8376
7855
428
2228
6988
2574
1441
2129
4006
4353
1704
3572
6928
7858
8162
1683
6484
8414
8471
4563
7105
9524
1277
9973
2960
8186
3509
8431
8936
9141
1357
1546
159
1099
8466
4293
5491
3482
5743
5677
9417
7191
3846
6614
1740
3924
4198
8552
76
1898
3940
9629
1635
3698
753
4817
7368
5084
8864
4911
2332
770
2237
5259
6917
5344
4988
3522
3210
5413
6493
8696
2648
708
5527
8718
544
52
755
5886
898
9432
1620
5036
2339
8788
4989
4008
9729
1657
2429
4092
2260
3964
3714
5196
269
4354
6464
991
7474
1952
2972
5482
2666
9194
9857
2612
2406
5872
1960
5938
3169
3728
1603
8296
324
717
3706
4089
5384
4941
4208
3025
8910
6590
962
4844
9114
571
4911
1964
1037
9248
4255
3096
1726
2895
5760
3379
3687
6919
6701
7707
6099
5494
9646
6705
7157
2073
8582
5773
3087
8414
2421
728
1273
475
7449
9602
8447
7789
8768
7620
5919
1797
9263
3257
877
194
7843
3175
1609
8780
5879
1264
1421
5086
6261
7136
2881
7509
1493
5243
7013
2180
4556
386
350
1670
89
699
7945
5429
4270
445
1737
7018
2821
7802
9497
3857
2945
4920
5000
5933
9796
5976
2424
6293
8660
1722
6513
8180
8674
1497
7433
2774
7959
7461
5886
948
9443
3030
5325
9298
5886
7355
8506
1462
8827
6424
1506
2573
8290
8686
1827
9929
8818
3517
9998
240
3862
2396
7022
4635
1221
6377
2175
7575
6947
4870
5269
9007
6310
4718
2300
4787
1980
7302
4373
5378
98
2947
4806
1326
1004
3335
2013
7953
6532
5064
4749
5664
1036
6665
1697
2017
7688
8911
2859
4693
5397
4759
103
1358
2505
9743
8971
6392
2592
5437
7842
6499
8482
1842
6162
5486
1946
7632
7127
9338
7081
1674
2307
9743
9177
5777
6119
3305
4622
9877
4988
116
3589
6848
929
7
8049
2282
340
8043
4305
4091
311
6315
2542
5429
4456
8462
4468
6362
2945
7772
7370
2077
9397
5593
9340
8631
1689
292
5052
4529
2364
8471
3447
6460
1573
2921
8053
3351
8286
4327
8710
7491
558
5187
7218
2872
5663
836
4867
4738
1893
8621
4166
7621
9803
7836
1721
407
9841
1189
7140
4263
755
6853
3768
4424
2142
5000
49
7407
6454
9370
9151
402
5704
3301
1313
6345
283
8343
1482
6554
9604
5399
9988
6701
6651
2730
1432
7102
7875
6528
2335
1617
2570
7526
659
8331
5813
95
2186
7463
8392
3653
6188
5870
1335
9223
4138
86
8640
1400
4960
9224
6058
9687
9441
4200
5318
3712
3622
2682
5645
9794
9164
6951
1937
4146
2765
8049
9833
2213
7021
8210
5439
322
725
8685
8531
7720
5545
1631
2075
7141
6240
4872
567
3510
6223
4611
1003
3832
6916
7842
5140
8383
4182
7446
4657
4623
3583
5679
5967
8993
2575
9860
5922
5018
4081
4206
8013
2709
8081
5091
3097
447
5059
3464
9611
9087
4822
8113
6811
4307
9359
1224
1955
5635
730
2244
4015
6814
9198
177
7742
7748
4783
9299
6940
8319
3705
420
3859
954
758
8292
1401
2599
8216
9934
7911
3088
9524
2475
1153
3022
8013
9873
9489
641
7702
5833
6005
5496
6658
2717
74
4851
6367
9232
8211
9111
4695
7510
9047
5202
4949
9099
9923
3614
1377
7071
9757
26
2718
3233
602
9580
1455
1323
8932
8858
7467
3515
3755
8111
2268
6302
2806
386
7569
3395
732
4642
1081
2644
7037
485
6700
2685
3922
4833
3082
8141
3524
3431
929
2906
314
9882
5651
6122
3980
6727
1353
4901
6873
9585
182
9749
2371
8992
3325
3270
2673
4036
8951
5951
4030
4417
6299
6256
5320
2102
2487
2876
4704
3890
9537
764
8737
6553
7286
8284
4303
4424
512
7902
2082
6926
2674
2822
5130
6076
7837
2481
7648
6924
9543
1789
4470
3042
1965
5719
2009
2571
5683
4136
2289
2495
9206
6009
6443
3041
6691
8564
4028
1294
559
5517
5435
623
7250
9315
4975
7066
795
9113
5756
8543
4529
4589
2960
567
8387
2467
696
4880
4957
7198
3685
6053
1796
7352
1498
4220
3685
5000
720
8896
8121
8272
2217
808
4100
2694
9614
6787
793
599
9446
5247
2420
2114
1606
6354
488
6620
1993
1436
7979
697
6840
5430
9810
6262
4312
2586
6658
1710
1790
1316
1685
7512
389
4405
3496
3396
6730
4958
5573
1661
4056
7817
1686
366
3507
42
2090
4326
5087
3559
1602
2430
2853
3851
8048
8741
4251
8089
4603
2227
6055
921
9159
1453
2514
8458
9752
1740
4813
5871
5961
6894
187
4124
6817
9041
8671
5321
1515
3684
7681
971
4938
4919
8737
1339
9683
8263
7741
3412
5532
8657
2378
8885
408
5243
3720
4934
4069
1547
815
1720
6512
4655
631
3473
7160
2403
6802
8187
2596
5564
7496
5292
5828
7068
55
7602
875
757
6936
9267
4175
2669
7842
3923
2238
8320
7435
5105
5008
8929
6944
1728
4887
2478
8329
6026
5867
5557
6353
7702
530
5468
5352
6953
3072
9721
8260
2592
6216
6189
130
6902
5374
3766
8518
9781
7586
1672
8036
5731
5764
9901
1699
8430
4997
6331
7440
9567
2945
2242
8648
1849
7759
9194
3645
205
2934
1158
9797
9774
8082
1537
661
2150
3656
1356
1832
7907
9458
1710
9390
775
6991
857
8656
1649
7497
5926
1216
1821
3919
2350
9851
9436
8028
1899
7108
9977
6151
2275
