5624
2622
4356
6850
2009
6143
3487
1709
1682
1813
8351
1161
1359
3806
8054
8230
8942
606
2027
319
7883
9827
980
3941
7810
2135
4343
4780
1330
366
995
1561
7002
1934
434
6981
5529
6595
6445
4491
2688
3893
1107
7498
3535
5568
8664
283
9514
4208
1981
5658
8961
7789
6945
7084
1475
3119
4572
7293
856
9245
3700
5165
6607
2345
2199
5181
1301
3973
1556
4533
4671
6322
3992
1035
7064
2018
1444
2404
2147
6808
4676
4348
7989
4235
6770
1133
8812
2458
1083
501
2360
5378
9494
7207
6357
4070
6357
1205
5800
3457
9598
4709
4583
7506
4706
5302
6201
4423
6346
246
4767
4903
7812
181
2770
8850
5529
3467
6361
6427
9800
2080
15
6969
9935
5081
9511
4692
5301
3019
8262
39
4058
22
5610
6005
6963
3747
2112
9920
9671
4555
8657
1947
6555
4170
6470
8854
2765
7526
5423
9380
7580
7542
2779
4935
611
9379
4276
841
2544
6894
1049
8218
2364
1226
5038
6330
2197
1834
3252
4815
5211
4449
7213
1681
9160
4549
600
1223
4602
4865
9212
6359
2788
5816
1104
3177
2571
4829
4257
3420
1927
3212
8704
2504
3820
3360
3662
3643
9299
6858
100
2664
9840
6638
7481
3587
7803
7997
66
5973
9597
3127
8104
1596
2425
7941
7630
7369
8224
4064
1204
5656
8575
380
4933
1741
7049
725
6668
2994
791
6199
2256
8699
7256
3655
167
6752
9817
220
6864
6033
5680
8594
4249
5074
6243
8249
8589
9039
273
3288
7960
1048
8895
1096
7501
5245
5262
622
7824
1457
923
3047
9857
2622
523
7674
6381
891
3737
8007
5769
8083
3404
5484
5915
3095
9842
6944
3615
4849
4039
4329
8611
8621
2406
4530
3147
619
7283
1457
5309
4802
8576
9773
7000
7664
8070
7201
2694
2360
1987
1651
6392
4306
6112
3294
6585
7345
8336
978
910
3313
1893
2969
4259
4171
6577
8280
6973
7428
8108
4332
1159
4456
3546
763
6721
4012
1440
9749
9881
9092
8211
1662
7516
9415
6278
9898
9676
5256
7092
8048
6222
8244
8528
6282
7180
1452
6917
7086
8894
3007
9158
6570
4643
2352
877
9622
2945
2597
4733
9700
6039
8343
3823
6777
4231
3744
7930
1408
8949
8771
4852
3364
3231
2883
1164
3258
2265
1907
7950
418
7899
587
579
9506
3681
775
2101
5790
7941
7984
5698
7996
4646
3349
4874
6148
2206
2893
3668
1800
8356
2489
1824
7213
256
5400
289
1708
5301
8709
6748
17
2151
3246
1990
975
7113
4758
9996
3753
8664
1291
4306
6077
4485
5193
7005
236
8888
7009
6309
1533
2287
4152
1605
169
3340
9995
1144
6291
7770
6227
8933
7793
4342
1064
8987
3310
272
8584
7647
3227
754
9871
5190
4315
2529
579
6466
3396
9146
2381
1439
5866
4909
2073
226
1347
322
9665
6999
381
1435
8893
3562
6723
294
820
6736
5600
3730
5549
2083
738
8274
278
6093
7832
9640
2697
6201
4259
8932
4005
4930
4656
1754
3921
7402
8868
4264
6536
8516
6597
1798
436
6679
6051
892
1427
7559
4715
8800
4178
8952
4691
7428
1001
3540
555
7043
8457
9251
6108
5437
2308
4938
5387
5711
851
4161
5567
3441
8520
1335
9244
2184
136
9445
2366
8414
9546
2751
4833
9429
2189
8779
1960
8683
5367
5937
2949
3617
2058
3663
5331
9063
8545
9454
4649
4616
7813
2868
942
7207
6737
7891
2941
3825
2293
7250
5170
8922
7010
8638
3541
4754
5941
6837
135
3099
4122
2344
8442
5259
4223
1245
457
5130
2649
455
6142
2666
4276
5436
6909
2761
9445
4467
7041
1304
6918
6047
6791
292
2069
8617
4516
7684
5409
3741
7721
1860
6238
7764
6781
8290
5642
6103
6197
1077
379
1256
6338
7011
499
311
2454
6521
6346
5954
5785
5812
8749
6552
2779
1578
2856
7116
5898
62
4678
8728
1359
264
9119
5624
3977
77
8002
293
5683
4759
9514
1514
6009
560
4436
3595
2709
4026
178
775
8693
957
3157
5888
456
235
2488
9939
6143
6517
2294
6373
6712
446
5552
3649
873
7878
9124
6562
9886
1976
4978
4050
1815
6896
6221
4909
9542
2767
1256
4444
2558
8526
1341
248
6878
7716
9974
4033
6460
8312
7680
2752
9426
4947
5980
9358
6961
5383
4303
6120
1896
7480
2725
3089
7504
6210
3441
5470
9367
310
1997
7760
8449
4430
8652
9623
6841
1
7485
9357
5960
5748
5413
3949
5199
4145
7821
5006
4000
5185
2134
5858
8880
7107
5216
3425
2486
4868
5335
6142
546
280
5488
5588
3469
6778
533
7873
5751
1355
8565
5158
8264
6389
270
5198
5697
9969
4142
7185
8665
6777
1428
5007
5432
6070
1202
9221
1027
2155
873
9145
3997
5344
1198
9683
6342
9696
2109
1486
464
9893
3364
9556
3906
4865
9165
9092
3217
5611
412
3965
5385
5358
8102
7099
4382
7690
9353
524
248
6519
3852
7808
7834
6128
1773
9590
5413
9984
4683
7736
9082
4927
1553
901
9088
8406
5471
4591
3723
7231
9561
3869
1301
8458
4851
5479
8325
5368
2104
1615
2549
1472
4361
3519
3921
5963
7518
1917
1205
2522
5917
6246
1014
8818
71
3384
1399
2254
8946
6352
5598
4030
3217
6126
2226
2346
2542
4415
4623
9143
127
5008
2539
9564
3717
905
8142
6392
9556
1172
8258
7737
4014
2942
4062
7985
9004
5558
7558
1108
7645
2199
9200
280
8319
8323
8906
8161
4429
2728
3762
9314
3815
2805
9540
6867
4054
8877
2602
5843
1211
7935
6942
8852
9888
6641
4503
9879
5913
8152
4966
3453
4094
9631
1186
1592
108
5919
8118
7990
4401
847
3099
7561
9710
5173
9884
6335
1723
8978
7585
8251
8685
3031
4278
3317
7558
3499
5808
9480
5134
4235
7530
5576
1738
2436
6130
2754
8504
6585
5483
8631
5384
456
1755
8482
837
471
577
4101
531
1951
8592
7422
4765
5284
687
4789
8792
2784
7363
2682
7303
743
9196
5868
3178
5194
3121
7629
6481
5864
9276
7321
2689
9102
9015
7747
2225
8760
8420
917
8631
8437
4350
1607
9139
2058
5425
4056
5598
9009
6367
7520
3856
9130
4345
5098
5319
4257
902
9546
8175
3919
941
193
5614
4758
1119
8425
3357
4073
6708
1082
9053
2808
1161
8216
8326
2587
6883
9020
7012
7634
1305
6936
2925
1862
8404
1234
6537
5228
2934
6338
9776
452
7674
729
151
9243
9603
4153
3216
4763
5155
2490
943
5550
4181
1413
3355
7287
9349
9285
771
5170
6132
9089
3040
1903
863
8233
1586
7908
9864
4738
6681
3999
6264
9025
1918
4109
4270
8671
5805
5663
424
5171
9355
1401
3352
4004
4565
5935
2933
7062
3940
3813
2238
9892
2314
3291
4
8505
5036
4577
5965
3544
4239
3065
1708
9515
2439
8169
231
2829
2342
951
9121
3162
7219
4266
4650
7704
9238
566
2756
6561
1881
5998
8840
916
4448
9258
3497
3711
6440
9594
5600
4721
9969
9155
7035
4882
9867
6480
9147
9686
7111
920
7743
4060
8212
1822
7317
8100
3001
8877
6084
5997
9229
9420
4177
6024
6556
5895
4803
6402
8270
4297
7801
2580
589
7692
4940
6464
5299
6990
5526
2943
5204
2597
3539
556
323
1052
9345
8320
4575
4778
5127
5069
7273
4021
5947
5103
9871
117
5567
3339
5066
1249
5914
1293
4222
8182
708
598
1116
3069
7214
5711
9876
8543
3086
7303
438
1022
8861
1889
4626
8318
8992
5680
9639
142
8356
7840
6168
6313
7079
9133
4097
7083
6517
5470
2837
5123
4927
6513
1436
4664
7540
3785
1152
2479
5885
6769
9630
2269
168
9212
5591
6720
6226
5888
4126
2388
4588
983
989
2267
3852
168
22
6479
2298
2355
136
3336
2008
4123
1935
2356
5421
8129
9379
3226
7728
2198
9541
2640
7653
360
4231
3387
318
3802
4820
5841
4109
4247
8528
1829
5979
2691
1185
2164
2482
6842
6387
6229
7884
7377
4317
9673
7243
4605
1678
2870
7716
919
7242
1248
8153
1084
1915
9509
6040
6691
9282
7951
5418
4193
2949
4423
8845
1241
7729
6783
5383
7593
84
8825
3397
3723
8681
1460
2686
5186
5861
7867
6258
3974
8509
2531
9361
7841
1468
9134
1270
3337
3098
9988
1099
1565
8160
7392
9936
5606
5528
8112
7494
4297
9251
8268
7610
186
3503
8830
5466
9111
453
7150
5497
2544
1444
5439
2382
2189
6744
4221
7178
6126
5791
8756
4748
9439
6293
7131
7922
8067
1877
8758
2662
9283
7270
9
5473
8884
6069
1282
2273
7090
807
3256
6607
5502
6597
8660
1148
5333
3129
2279
6463
3833
6470
4050
7960
4441
2568
6940
4066
5965
3040
9864
3414
7319
2323
1080
1885
2852
3512
6548
4909
5014
2411
7757
2562
9278
7172
3099
2710
9559
9719
646
6454
1612
616
7054
367
1502
524
8199
8310
9477
5694
627
5152
8492
5035
6304
1570
9329
7751
9943
3791
681
7730
540
40
2294
9598
2651
3075
3581
4148
2265
2261
6394
8460
7661
8805
3932
6328
9252
1024
3986
4801
5250
1895
7866
3807
5106
5053
4129
7313
5346
9839
4463
4217
1396
5026
3039
241
2167
3023
3445
2304
5988
7802
7517
1856
1838
1518
5675
919
66
545
53
3471
8003
9071
590
200
71
3186
3799
1865
6283
1136
9032
9264
7269
5598
2125
1238
3404
387
5433
542
7392
3836
2936
6270
6114
1865
4416
4655
2629
9961
8679
8113
619
2144
9376
2514
8538
6948
7745
396
2858
2113
7849
9966
4816
6668
2057
7402
2063
5689
4381
5914
2339
2684
789
8739
7648
7554
9196
4366
7710
5546
1548
5469
9039
745
5211
5887
5896
2519
6349
232
8215
8128
5692
9492
4829
7710
9409
9806
6531
2160
3286
3534
8843
4559
9894
3641
7524
8910
2046
9933
630
3126
8481
747
37
4591
1269
2762
2094
171
589
5557
4170
7698
8423
2171
3960
5729
1485
3192
4488
2614
1331
3327
5402
6135
7438
1772
2635
3566
7019
836
3477
6775
2781
9722
6663
1243
4405
2903
2613
4013
4280
5777
1677
6049
5246
511
8382
6199
905
9952
2141
9381
8267
6761
4507
4822
7459
3542
1699
2092
116
3632
3459
767
3883
7294
1412
7219
9137
6183
7731
2888
7095
3724
9068
7132
8172
4729
6435
5976
8141
7950
3554
1676
6609
5490
9085
2718
6198
7403
5525
9363
3301
3457
2234
4681
1967
4015
7637
989
8049
3203
2312
7689
5122
5915
2191
1992
3978
7680
1440
9997
9673
721
465
3801
8634
2603
6156
2303
1727
7893
7065
7689
2066
8108
8787
4660
9603
320
5725
3185
1548
3860
3902
7243
2500
9748
7076
6671
1619
8978
8163
9453
9612
4921
5817
4413
8948
5721
16
4027
2130
8471
7079
4840
4323
4433
400
9437
4175
3386
1194
8926
4913
4140
5958
5657
7199
3962
933
1759
6535
9968
3166
4210
4407
4941
1789
1651
4163
3103
5747
3600
5074
7226
157
5294
5514
423
8930
6609
3217
6669
4780
3762
3842
1072
9848
1933
4892
2187
4536
5718
6640
4647
6881
6693
2504
3761
4701
4411
808
5339
5996
308
2190
9336
5893
608
8298
9852
2430
500
3950
3765
8786
2174
999
7812
7898
8155
2460
994
3020
4739
5932
8405
4506
920
3521
1028
2770
3691
5714
5681
9378
8852
4734
7708
3905
5951
3133
2174
9034
7930
2157
1650
3617
670
7371
5473
4057
1203
8116
8239
7751
1187
4115
5458
4480
3830
8314
7723
2181
2020
8301
4467
2790
4615
86
6920
977
1176
5478
195
1604
9454
4893
4959
336
3591
8803
2544
2697
4039
2141
5371
5306
983
737
8152
2705
4119
3366
3892
7454
2283
9658
4366
8223
3191
5347
9882
5627
2149
9372
1344
5460
5871
6349
6105
7656
1445
3258
3839
7380
6002
8144
2304
1031
7765
1204
8950
4762
3300
1666
2676
7742
896
5263
2427
3481
6660
2
2636
8460
7875
5167
3509
1200
1227
8368
8324
5011
1887
4251
3105
2311
5151
5719
6931
7760
770
3623
8613
4586
8474
5598
6330
6256
1564
4530
2827
2042
5222
9530
3934
4152
1867
9884
2699
7062
3051
5737
1658
2713
459
2828
5435
6306
8361
5322
3135
5880
1431
3646
7620
7326
3495
5304
8464
1336
4236
8297
8643
6155
5967
3545
6585
8556
8517
3693
8809
1665
2550
2906
8181
1538
888
7868
4760
7711
520
5560
1486
2624
3690
6012
8324
8847
429
2969
7840
8800
6469
3957
9219
1528
3827
5299
1722
1286
3775
8871
1188
9978
3949
8019
8711
2910
3303
8131
3945
366
3373
8255
8990
4492
5789
1065
383
638
216
3540
9129
2370
4077
2140
2802
6942
4662
3574
3676
419
6743
2499
9519
4429
9649
9756
9811
2207
4401
9309
2658
5499
1056
7935
3776
910
8127
2899
8956
9622
8352
9711
3894
3506
2042
8189
5100
4801
6287
6268
9727
5072
6038
8019
1897
9163
7021
6607
5227
1261
7530
8404
715
1291
4751
171
36
7033
5453
5058
7045
9438
2773
616
3311
9048
2680
5221
687
78
5444
6981
2967
8069
3336
9337
9084
8945
8136
8253
8029
2528
8706
5186
2600
2166
9518
2456
2014
6480
9701
5349
7605
3464
5770
33
3006
5855
4173
1866
1934
5871
2322
2588
7422
1159
8275
5041
4257
1220
3818
107
9888
1335
4819
1817
8826
5850
2114
5269
9043
2130
453
4601
7317
3880
5864
7092
780
4630
3742
5235
3883
5409
6161
8253
4780
2651
9408
898
2394
9522
6655
2792
8207
3415
2465
2207
7913
2584
2488
6691
5690
2267
9354
6958
7451
7366
5577
2773
6802
7826
9013
2278
1102
6747
3783
3771
2589
4816
3876
8916
8931
3966
7050
8484
527
7865
893
9317
5934
1082
33
1471
2587
6474
5646
7066
3038
929
2457
5107
2459
2530
5290
1572
7840
498
6148
6597
8801
1010
8852
6465
1917
2080
74
4945
8650
5352
7866
8638
575
1813
8899
9715
8543
5617
5852
5537
6149
4446
1011
7278
4566
4667
5764
5119
4363
6928
7514
1181
4374
1259
3911
3877
9875
4041
6713
7095
2908
4814
5922
4741
2319
1237
2408
8441
683
3801
4570
4430
3438
7073
6375
7210
3097
1315
5107
9603
6232
1015
3581
3910
8806
5295
6114
1122
3490
8813
9362
5511
2767
3849
7555
1369
6627
9974
3721
2903
2609
2926
4416
7740
8280
3224
511
6857
7923
6541
3207
5893
3195
6050
4790
5081
6523
4944
2339
130
5336
2159
9372
5321
9512
2890
5314
2456
8616
963
7902
6872
9039
4988
4526
230
2943
8450
7804
7388
2843
4288
2452
6699
7744
1976
6451
4316
5764
8685
2562
3099
1753
1550
3350
6484
2915
86
900
3395
6280
3239
1409
4550
6640
3832
5714
92
2072
4866
4852
6094
2254
682
3580
3911
3046
3655
8750
4054
1774
423
854
9232
1540
9246
5581
575
4055
3618
4157
9405
1831
9069
8687
9755
293
4721
7947
3650
8946
4260
7136
94
7192
314
8263
6258
1587
5263
2708
589
4160
2888
9262
6686
4702
6007
2776
7338
7772
7388
418
4993
6370
6649
3887
7389
103
3959
2345
8618
9528
5023
9107
5547
2879
6889
4794
1426
938
6391
9503
128
9144
6743
7813
6801
8587
8234
7254
2078
2265
1917
6971
1963
9226
1020
2729
2462
1303
430
7443
9911
454
8620
9112
7322
1230
6075
8713
4181
2281
4774
5206
6870
7164
9359
1528
9733
1173
2728
4025
9428
7252
8013
4948
1747
7836
9469
7596
8955
1040
6203
8724
3628
8056
8224
2627
1217
276
5575
617
7676
3472
5271
8959
3618
413
8213
1566
3319
6288
4366
730
8569
929
2680
1768
8940
5727
8196
8193
2578
8804
874
2613
9092
5422
3561
1531
3424
781
1394
2853
9693
4205
5359
9429
1120
6444
3822
5208
9625
6441
7177
1392
4876
3216
3283
2097
2397
9461
4313
6974
1866
7894
41
2108
3356
9768
1182
8817
3095
1214
2470
6569
912
8464
5170
3680
9372
9396
8725
4668
2129
6356
5102
3162
1024
2256
154
715
3290
7481
925
7727
2609
7805
9152
4930
889
1131
3906
9523
1587
1779
8060
9821
3888
5638
3514
3114
5616
9470
4541
2294
9140
2235
1490
696
1967
8030
2123
6630
5824
7085
5650
1443
5937
4074
220
4822
1491
2355
294
8619
4173
1692
5041
5988
1418
174
3089
7731
2971
1855
582
203
118
3632
3428
2952
1049
1494
8427
2281
6254
7572
2086
5832
4459
7189
4600
1933
4519
9902
5121
2040
6522
3290
4457
2946
619
5594
2755
3490
3818
5381
6645
91
9131
7460
5639
2307
9532
5615
3980
2112
965
1206
5995
4981
4152
6611
1701
7197
5344
8635
2518
1314
6999
4112
3532
9212
9510
3624
1869
3231
6504
934
495
1519
7088
7417
4373
8713
1635
3100
6472
5957
6972
5581
9580
1839
4580
3785
5795
5617
3586
931
4447
5708
8503
6373
2179
2220
1244
6270
5974
7278
7336
6978
1403
2179
8616
9169
9161
1100
3125
6746
8198
1902
684
3895
8821
2753
2500
1338
3053
7865
1596
8849
9628
4126
1523
4875
8540
4790
1383
2835
9960
3605
8562
4701
4485
7845
3011
3896
7268
7545
9663
7734
1694
1016
9405
4779
8784
9926
2492
9758
6281
8697
8702
8241
1552
9653
9497
6143
5773
3647
6740
2069
2856
2111
1935
1216
2104
7025
2086
1495
4731
1207
2135
8185
3558
3301
9505
8014
6176
6553
7539
8759
7491
4280
8134
2898
6898
2907
6321
5792
9628
3308
3711
9327
6845
8751
9246
7292
2543
2066
1407
8588
2704
1911
9412
3536
7748
4010
4731
5853
1461
6659
7291
2042
5257
1114
9739
7033
4598
5867
4935
7122
7212
6897
6521
9201
8460
6077
2501
9739
238
6861
639
1899
8666
4815
4130
3101
5441
3945
6736
6588
8010
3733
1282
9352
3381
203
77
2145
1182
7176
3335
3437
6831
8789
7023
3911
7153
6469
2689
5633
6374
5150
8411
7529
370
5573
317
9211
9243
1006
1429
8765
8055
7651
3366
5465
8327
1803
5418
4257
3127
4219
2434
5238
6373
7029
3258
1654
2899
3262
3690
4121
3036
4374
9657
9564
9773
7082
1560
1114
4483
2675
5653
7051
5684
8732
8752
8355
8726
1292
6826
1221
6704
3888
1284
1563
5175
859
8793
5449
1417
1402
4968
2841
671
9481
3889
1027
1490
9196
299
676
413
9425
1362
9517
8907
5058
8224
5374
5368
1546
2738
804
9426
1699
2635
9247
2690
210
8334
2974
5303
3235
7051
6275
8435
1279
4285
5636
2245
6656
633
8526
9822
3672
8628
9006
3590
7075
4568
4849
3373
7321
5581
290
6050
4340
4216
2827
6569
7378
4045
8790
745
5054
5046
7756
1762
3825
2001
6579
9761
5088
413
1083
5868
1911
1994
1911
7087
2495
5497
3817
1462
8592
8395
7190
8846
1453
8337
4675
346
6578
5397
3321
2939
1727
5954
1041
5605
1159
424
8173
5762
1418
4209
3907
8051
4372
3943
2096
2601
384
1951
4375
4553
4354
8304
6941
9882
6685
1718
7398
8227
8965
2068
7499
8258
3047
9485
9839
4265
2580
2363
768
5294
896
9318
9156
3270
2935
1333
6019
4827
9852
8464
6762
8567
6630
8503
4181
3895
4000
5662
6326
6275
8080
5152
7319
2682
2966
986
7559
5233
5601
8592
2929
6089
9350
733
7421
2341
1946
5840
9643
3441
5502
7209
992
1151
5176
9195
5453
5275
5085
4068
1943
9109
3292
164
5045
8677
2329
4209
9773
4890
984
7676
4554
1603
4569
4860
2755
3501
1026
2258
2105
9831
3983
1607
9946
260
9539
330
7614
152
7037
5824
1046
5413
2318
9196
2854
6002
1199
8864
359
7272
8402
3220
1206
1265
9294
8393
2659
4487
3065
9768
2126
2463
3487
9403
6984
2657
8951
3315
967
3365
831
8542
7475
3813
5573
824
2491
8820
1870
8162
7608
2028
1956
2549
8818
62
2477
1733
8104
7659
4545
4401
5381
9642
1976
218
586
2432
6991
7814
9240
1935
1788
9504
6253
7691
6945
9413
953
5888
1180
6387
4819
6365
4310
5391
8447
7330
7387
4737
9184
7392
1787
1274
6751
2215
4840
7093
882
1666
4804
4453
6504
9990
3952
1381
2172
3551
6808
7787
2423
2592
1423
5671
1109
3445
8033
7925
5592
7362
5401
3499
1272
9624
595
3237
9450
8737
6291
2184
775
6637
1462
6729
6800
6977
7798
1123
6494
5149
9496
9808
845
5962
1807
2337
450
3679
5204
56
9792
6314
200
2270
5
6449
8725
1455
5814
8797
4569
2629
9613
6714
6083
212
1976
4440
4264
1833
507
3428
7874
1982
8520
1988
463
9468
4
7409
9964
8745
6721
5705
6298
5098
8774
9794
9037
3920
6938
4389
2193
3017
3882
9423
6375
4562
5670
9968
1576
1944
7999
7815
7495
6096
5618
8536
1826
8297
5745
1802
8829
8261
5485
4112
1750
6124
1499
8277
4145
8264
9713
1432
9604
7808
5605
2896
4554
833
9782
946
9517
3548
5952
475
5215
9688
7166
4484
6300
2392
146
2857
7286
253
4639
4270
5512
5541
5184
9254
808
5453
6994
6578
1971
3590
5140
136
9804
6884
6401
9961
5824
6060
5339
9329
5523
7466
1592
3631
5336
2493
3902
5650
6943
8678
7335
3293
9567
3731
6635
4195
4286
6235
1205
580
8138
8964
8650
639
33
874
2508
4473
7159
6546
3164
7645
5371
6411
5910
9799
6970
6019
6483
8193
3195
4435
218
7797
4203
8690
7419
1122
9076
8799
8366
1651
9265
660
361
7699
8
6612
4976
5430
649
913
8809
9
9118
9521
5664
313
2042
825
1491
6572
7129
7639
8259
3526
2889
3895
3998
2675
7228
5538
3883
7215
4587
9245
1494
7446
6137
7257
9230
3497
2735
4327
4626
9746
411
8442
9474
3617
311
3604
1435
6028
1837
3862
7989
9260
6299
3659
3557
1744
320
9628
9456
4696
5744
869
5452
4004
9129
5290
4812
7372
6540
3163
7235
7723
1547
9190
7466
6959
3266
7859
1687
6386
2526
1300
133
2876
5147
3099
2499
4329
6697
3555
412
2431
4670
8099
8233
7137
8016
4584
4058
3839
5616
3492
3315
7444
6184
5993
6936
2028
4327
1562
9560
4812
7592
3236
5784
4821
4440
1814
9681
8806
9488
3444
6832
3964
9034
2621
1522
7555
9176
5806
5718
2633
9111
2511
5545
9609
2895
9366
5507
2047
2928
7394
3540
1158
5162
2309
1168
9201
5213
2793
2674
1717
9721
2292
7576
9238
7127
2979
762
6289
5851
6240
3714
3755
5935
3607
6342
6306
422
2908
7102
6036
8607
4869
2744
3858
1620
7615
8702
447
1605
2030
440
8693
4289
5688
2419
5124
3574
9318
9455
8856
171
8673
6026
6190
7381
9314
2917
1562
3235
6790
2387
9415
4403
6308
3348
2982
9563
6175
4267
554
7811
8118
8529
2115
6305
8902
8165
6160
3913
656
9071
8721
7866
5154
9412
1184
5431
3498
9267
1833
8957
4360
4607
179
4547
4211
7404
9110
794
4081
8203
6176
9985
8024
4591
3289
5745
292
9676
1882
7156
9185
9741
2434
2192
2624
8507
3796
9048
5504
6013
9077
1537
9853
8149
7356
3724
447
6225
5186
742
8594
7464
3048
1901
198
4956
1767
566
7234
1850
308
8746
4921
9072
1979
6159
2776
885
7669
4462
8335
5503
433
2713
5383
3095
5525
8777
1150
6401
2894
6308
2456
5972
5223
8986
7501
8443
9080
439
7347
9881
3614
7065
2992
3744
3434
3626
2470
9637
1165
1480
4706
2756
1952
1717
8435
5899
5912
1848
8079
5953
9939
1489
5778
1211
5082
6688
5995
5194
4242
8085
9869
6769
5983
2988
1080
270
2298
8537
3837
6174
258
8422
9925
2612
2061
1974
3160
2145
3809
7056
805
725
2609
3101
9113
7975
8470
4765
1635
5922
3294
7017
9911
9615
5095
467
4738
3740
6430
1224
5587
7976
4491
154
9455
1275
8792
8015
3587
8840
540
5122
5639
3555
8034
1138
9121
2248
8971
1531
7188
5161
9400
4638
321
1225
5688
3116
9152
1459
4731
750
153
9500
724
5234
93
9411
8393
5689
8088
6876
5910
2806
1765
7948
9253
9343
7240
4798
6038
1830
3892
506
5674
2738
6582
2372
5975
3459
1498
5882
7190
657
7924
6767
1703
7485
8696
6401
2290
2274
2661
6185
2182
7747
1364
3859
8956
8124
8208
7780
1496
891
3851
9296
8036
8062
4801
3166
7359
5302
5277
1087
2235
4942
9601
3306
4193
6858
2051
1661
4113
171
919
3113
5411
515
7052
8110
5371
3247
8760
4608
5708
2511
4398
7142
5079
789
4252
3875
565
664
3830
8469
6902
1846
6087
8984
5729
7574
3466
9487
9575
6291
1599
5866
7499
5101
4008
909
6295
9373
9655
621
4490
8929
4145
6144
698
136
9960
8532
2217
9694
3290
9511
278
8516
3994
9421
9276
8404
5212
9882
1498
1747
9543
476
7639
724
171
8226
9951
9326
7842
4404
8611
3023
8940
8251
6361
3452
6913
2951
7314
1869
6713
1854
325
5158
182
4771
7838
5050
3685
8153
7306
8994
6764
2743
4097
228
7164
5896
3662
8966
221
8798
3926
5797
6721
8842
2997
4816
6372
5154
4424
3574
9045
3889
1136
4327
2586
2509
8963
4575
6467
3076
2523
7793
2359
7329
1460
7066
3035
8368
9861
5380
1281
7379
6723
8526
7964
5172
4684
634
8673
1819
9905
727
3302
3633
3798
7246
3429
3883
3398
7991
3302
5222
4387
5147
727
5634
845
4212
41
3831
1384
8157
710
2045
7733
4163
2345
4503
5051
9612
3700
3054
4444
3189
4039
5264
2264
5756
4031
6116
688
4617
8610
4598
2745
8205
3450
4082
238
6456
2542
9864
6079
5353
8902
516
1477
1385
4266
1535
4673
5822
7268
8644
9939
749
3913
9007
6880
9642
1966
5617
4615
7730
4529
6221
4418
8103
9734
9318
4342
2466
5923
419
9042
1625
2190
2065
9475
4414
4417
8182
1945
9001
9593
6384
8877
5911
8857
5842
1020
4445
7430
3029
8499
7903
9247
9616
2165
1418
3854
3141
4775
4895
3394
4074
478
7066
3219
271
981
6680
1588
5171
4731
6338
4111
6396
3865
9179
8843
9436
7633
8502
7561
8729
2748
2721
7573
9719
5654
1551
5647
9435
9304
9727
9607
8246
1503
4676
5220
3806
3090
3909
830
5670
355
1862
6292
2235
4127
5989
1875
987
3197
6442
8540
2631
2561
7859
7024
4182
5872
3960
9322
5587
2489
3107
8336
2247
9395
7886
9964
2931
8388
4834
5984
1274
1195
2786
4806
1632
342
7048
8117
3137
6186
5217
6404
4292
1196
6462
6462
8555
785
5050
7711
3337
1809
3658
8430
9942
8057
7334
1962
6516
1152
9742
6719
9879
1337
3700
9474
6506
3754
86
15
2226
7806
3913
46
1253
9462
9331
505
4809
2810
5772
5337
3926
1831
7384
2464
625
6107
4312
2681
7096
4606
9124
8384
1412
6691
4159
6401
1863
7140
7390
754
8576
78
6325
975
781
6174
5785
9656
1471
3886
7625
7588
4895
8198
9098
5396
7661
5814
5260
3510
8576
5769
8211
6535
8576
2760
2498
2147
3311
9911
7376
6579
4425
1472
4634
7275
2244
6477
4606
4213
2361
8371
9320
666
4731
1400
7180
1493
1300
2043
4689
8518
701
1776
1371
833
2501
4579
7536
5902
3747
9797
1658
4051
7425
2933
8978
4168
7541
2912
9833
7714
4421
1365
8803
1886
2580
2782
2821
5197
9443
5676
7308
6484
2672
842
4395
4506
1178
4146
709
179
1728
8886
5824
876
8262
1565
3814
6374
9039
4537
4241
5566
1819
8622
3152
7207
6623
9113
3318
518
2147
377
8000
7887
4576
6429
1355
3078
9040
5070
9942
531
3736
74
7086
1850
3376
2738
2017
5830
5975
5048
9688
518
2054
7353
7002
8697
9292
3510
9369
6124
2348
7039
4657
1585
133
8996
9740
1210
9515
7129
7838
8151
9753
5117
2017
8165
1185
9094
3361
2463
4651
3631
8588
9531
230
1421
3493
338
8890
5407
7886
5123
718
6596
9072
9592
7526
408
7133
7516
4377
3829
3944
1558
4609
7972
3964
30
2534
25
5035
595
4916
6904
8541
6911
8763
5128
784
6551
6009
3452
8773
4896
9647
6604
1539
381
1162
5491
3374
4799
3103
3244
6881
5125
5853
1464
1182
4219
6408
354
9063
3440
7778
7921
3264
6432
2866
7029
8773
3560
4468
521
7877
7523
7657
3943
4444
922
3689
23
2743
7476
7377
1314
7290
8369
5118
8583
8636
546
4374
10
4667
8008
4087
8607
5171
2769
3146
8844
9233
253
2421
3183
316
4401
2431
7348
9808
70
7079
7157
8859
8919
917
9799
2462
647
1822
5591
1880
4690
9252
202
1554
8965
9600
608
8716
904
4778
8330
6590
9552
9447
8996
1176
1364
5053
1084
7879
7053
97
4077
939
7594
4773
7133
5696
5949
8936
5040
2913
6785
169
7985
6958
5829
8920
3848
6742
4803
8373
3777
3830
2439
8912
1347
2728
5973
1935
6690
748
5233
4720
9626
6663
171
3697
9802
2365
2440
3788
7222
7430
8500
2898
2016
255
6405
3427
4551
617
6832
9547
8985
3642
806
9693
2819
2058
3756
9127
9261
785
8878
7996
3240
3647
8230
7318
2633
8062
3146
8914
2723
5531
6238
7443
3813
4317
6772
7660
3572
6153
6925
2402
346
4011
8619
1600
3706
2093
3930
5371
2881
3024
2517
9721
370
2729
9053
3755
8871
2134
5220
3933
425
5169
3336
2677
5127
9788
1996
2306
5532
2034
3863
2687
3150
4688
1117
9624
9905
9889
3422
9672
7051
7702
9293
213
9459
4588
6894
3983
521
8889
7508
2535
4084
3775
2503
4967
6160
9366
6787
759
6771
5190
5221
685
6318
1742
6774
176
3084
6073
4560
9115
5583
8589
832
3130
7007
5867
7115
6173
3530
2816
8935
6083
6213
2250
9630
9985
4626
6787
3884
2375
3984
7168
4762
7415
4547
1208
5502
5097
8225
2464
5327
8241
9449
2991
8210
4232
9193
1244
2203
4913
8278
8558
750
3033
2405
584
180
1716
1158
6656
7650
8263
1058
4842
5573
9245
705
2095
8631
1708
8413
9247
9150
274
9391
2932
6822
3617
5703
9468
3081
4445
971
5254
7131
4860
5045
1200
8080
1745
1147
4941
9320
8126
1822
7856
4715
7500
4
7178
113
3373
2079
4423
6104
3005
762
9591
3561
4353
269
2903
992
4475
432
8160
8390
7390
387
2066
4121
9434
2350
9812
3441
2275
2946
4275
5786
8901
465
3222
2248
3139
8187
9256
6023
7226
7664
7967
6707
2661
5073
186
5081
7620
4630
5141
8004
2462
5650
816
5992
8593
9488
8450
8258
7209
6761
4566
7650
6641
4743
470
2692
7269
1718
1794
6917
2852
1357
5583
277
4387
7179
484
8657
9852
1893
6069
638
5360
7760
4483
8895
5246
933
5716
971
8135
1999
1589
339
1952
1653
3370
9972
3205
5263
9978
6707
3424
4610
235
5490
6395
7931
7886
9803
8041
4586
4944
6272
3590
357
1862
4019
6992
4051
8427
5359
9250
4117
7196
6038
5944
6408
4105
6303
3950
5028
5338
1001
9170
7318
9461
7857
6816
4897
4968
4999
3960
497
7765
1111
7561
6680
1408
6673
7045
8763
6696
9174
520
524
1718
3296
9059
2325
6776
8237
3365
6656
5388
2536
927
6230
4521
5035
503
9307
2723
1221
9786
1139
3112
225
571
4240
9581
7828
523
487
6566
7452
8901
4349
331
5321
3831
897
4776
6293
7256
6234
9607
2696
1276
4472
4735
2683
2499
2713
9079
5495
3789
4820
7807
6333
9915
8709
2886
3014
3590
592
926
2325
3454
7447
4520
6839
784
4570
6282
3659
3363
4909
4569
4936
3593
5982
3775
2777
9275
5143
3183
995
519
1634
1556
6467
7236
9196
6964
9103
8896
4792
2294
2659
6750
4931
7487
7841
1540
3691
2499
1000
9328
1142
1861
8592
5739
293
4653
3834
5836
45
1160
3222
7338
4187
4304
7937
1931
1785
4638
2227
4371
8480
4
6636
8
9814
2544
7740
9028
9138
6435
6645
8009
8984
8412
4542
5305
4156
2744
4022
8976
1011
9288
9775
6712
7808
9216
8469
344
1620
3369
7437
9137
645
7688
5459
2120
9057
3162
8107
2532
3787
4540
3042
7280
3092
5989
8084
5384
540
101
602
6877
2473
2704
3037
3431
7180
806
9582
520
8173
2669
5520
1980
314
8400
9661
4153
6719
7114
2084
3467
8868
7195
1642
8930
8403
5048
96
9375
8807
5854
527
5471
204
1738
8159
897
1823
81
7905
2849
5297
603
7065
5971
9951
7066
1222
6779
1761
57
9442
6446
1711
5288
1556
2720
2988
2004
6984
6360
2119
3253
7654
7985
1273
2545
2664
4623
1535
6912
9837
755
782
1120
8206
8772
6517
146
7498
4626
7498
5667
4883
4610
2520
4688
2747
5354
5853
7449
8693
146
2537
1473
1821
8510
5051
5275
5460
4188
53
7708
9551
2485
3644
8706
1543
5949
5472
9795
7579
1798
9255
1220
1332
6745
1699
8100
7189
7026
3361
7913
7554
9835
6820
7088
6196
4035
194
5363
9193
2974
4928
4214
5262
3810
535
5528
9575
1181
4065
4534
2837
919
6572
2169
5844
2783
300
7482
2649
8538
6901
518
6659
3695
1049
4659
8175
6458
3922
1160
9698
7366
114
8926
3650
4275
8630
4999
7019
8639
2729
3823
165
8096
3685
8469
5586
7507
8224
2706
2664
2390
4815
3462
8089
9689
8956
1474
8267
5329
1893
9858
3201
1443
7281
5935
9251
6230
378
4096
707
4964
1347
5170
8807
5288
5649
5370
549
1988
9107
1860
5095
2404
1278
591
3032
8056
7170
235
5292
8733
5568
1399
5478
5712
820
543
2707
2181
1375
1045
3459
1132
1856
8586
3114
6528
373
6812
3854
7525
4171
3571
5209
7666
6609
6640
8646
7696
7495
4434
3741
6985
6232
8413
8548
5788
2479
5474
9838
8807
1010
9029
4743
5892
2448
2508
9957
8954
4200
1284
9576
344
3218
8010
3480
4675
1724
2870
5651
653
6167
1050
9702
7839
4230
3450
4353
3713
4678
7211
1719
638
1222
9428
8414
1555
9387
5938
7054
4574
7363
5106
134
7631
216
718
9223
9731
8175
6734
2338
7034
8950
56
429
8680
7128
9397
8922
3805
7556
3343
3429
8817
63
7597
6670
8367
7891
815
7378
6810
8611
9523
8426
1391
6008
7022
4587
8719
2962
92
8644
6824
9672
8501
6590
7974
8641
118
1751
2262
7390
5394
8125
7409
3945
2950
2777
6004
8731
7180
7287
1396
9860
9230
8897
1349
1975
9859
3289
3251
4143
8517
30
192
487
246
8973
1853
4398
2436
7745
7115
4775
9299
79
393
1235
1353
8902
9075
7566
8892
7432
2154
7059
2633
2808
2761
6515
1774
5364
3881
8482
5574
9612
3512
9571
2684
641
2160
2160
1758
9920
1830
8770
1929
4706
243
2641
5659
1494
6948
8547
3898
1724
929
9241
204
2083
2488
7910
7587
4495
867
6083
4953
3471
5920
755
1970
6732
2057
3064
8514
3881
2265
4919
144
5090
6607
6697
3168
8271
9893
1588
716
4593
2869
9006
8953
7571
1158
1118
4639
7835
5185
6144
9671
9541
7711
9254
3106
413
2118
673
6069
487
4824
6233
2873
4309
3912
2041
7593
9907
637
9199
9593
3565
6331
2694
1636
2020
9367
6221
9195
773
7646
8382
7581
2864
8643
6211
1157
7975
9633
6657
3753
1064
7231
7378
940
2832
3307
9057
3775
2849
5421
123
4365
9456
5399
6358
802
4510
5316
3159
1713
5181
7377
4742
9258
4582
611
4877
9025
2164
2040
7826
5045
6646
3169
6216
4326
7047
7991
754
5014
6050
8102
1381
6359
6486
6443
2649
4101
5694
5541
1216
3340
5444
5807
5212
8645
2011
6543
458
613
1197
6555
4184
3864
9458
7875
2517
3593
7607
9178
973
9481
5621
955
4841
4930
3048
5300
2833
9799
167
2860
9839
8530
6911
2215
453
3260
2204
4092
2101
7370
8055
5197
7152
3443
5664
599
8933
2954
4433
5409
4610
3784
9570
301
6817
4685
2474
9905
6847
4955
5218
436
5546
130
848
1413
4120
7086
7936
346
7533
7425
8949
2828
7324
6834
4070
3241
663
8387
4803
2138
5104
4072
3431
6926
6413
3869
7388
5277
5642
7773
7749
8813
3929
312
4308
5493
6109
4576
3679
6086
6045
4062
5444
10
5390
9718
4602
9979
1639
3999
2691
9716
8956
7534
1125
3163
6254
5720
4597
6653
2209
6460
5480
8533
5146
9304
4343
4484
269
2502
3590
4730
3040
6363
9611
6887
6104
2414
747
3022
191
6756
7590
8476
7411
2776
6434
3574
6535
7739
5298
4757
2084
1994
7658
6472
9434
9417
2722
2643
375
7215
4414
339
1530
8827
3956
3810
1043
5514
9457
431
9595
5915
5388
1214
9340
4430
180
9505
6351
8652
8764
2808
3965
5839
8064
3997
3240
7226
2510
7026
6263
3198
7387
3409
9399
324
5031
1426
1413
4345
3096
9879
6450
7325
2636
2666
6047
3464
2854
1106
1307
7601
144
7662
6261
8012
9021
5830
7524
4461
5314
5120
8534
1565
6918
9988
9527
5808
3588
7321
3288
5046
1029
5218
2464
4229
4386
8577
4147
6430
1995
2595
7315
7754
4764
6431
6105
9934
9470
7101
6326
4933
9041
191
3793
92
6044
9668
4216
4951
4153
2762
8441
3448
8688
534
7990
8105
3572
6454
8893
1634
4541
9093
1052
917
6131
5511
7071
7648
3451
3681
2431
9297
1607
9569
8285
701
6509
7337
2076
4845
7633
4093
2495
1877
2627
1535
9405
7987
7254
8867
2467
2343
1978
2449
7410
7492
2821
7920
941
2232
4092
6488
1759
9128
122
3242
4249
2141
8827
3044
6518
7165
9675
5807
6280
5755
1906
2315
5216
6863
4699
9543
8588
6336
6710
5566
5571
6459
2352
8793
2353
9145
7342
5771
8613
936
5793
5498
6115
6113
8141
3573
3478
8349
1768
778
6682
3245
9886
6042
8343
3280
1599
9981
7631
841
1806
558
3431
8177
9169
5845
7274
453
2646
7099
2663
5263
4808
1607
9466
8403
2055
1151
7531
3581
5065
3486
3192
9018
6611
2763
2118
6943
3200
476
2846
3596
7873
85
7486
2580
1577
3871
5164
2399
2453
100
4546
5980
3951
7539
276
7048
5044
9790
589
1253
8747
240
3794
3792
1271
509
9057
832
2019
6770
1602
8883
304
902
8895
7867
4284
7213
8604
9255
7706
9479
3430
589
6181
7612
8680
7079
1384
585
9873
1628
1645
7821
4401
9026
8219
6428
8948
7839
6378
2025
1620
2081
361
1421
9784
1725
5685
2848
3214
8394
3103
4664
8142
7100
3424
6538
8512
8110
4198
6631
2422
341
9408
7091
4563
9925
4339
8980
8607
1609
9587
4549
1519
4691
4352
330
7378
1220
3079
4185
6237
5435
8578
5877
9100
7550
4442
2811
4942
2376
8824
3457
9169
9265
9610
6853
610
5082
6797
3237
9415
5041
3598
4554
102
6190
3265
2647
7127
868
1728
3739
3310
7745
3672
8788
7301
5172
6433
7810
5438
588
2819
2233
3567
770
1095
5486
3246
9935
4121
4308
2341
8264
56
8392
894
923
2330
2988
3318
4401
2237
3812
480
4882
2658
3939
1992
5245
517
6041
1020
7230
5090
4833
5699
8604
3867
2867
679
4728
5358
8264
1318
7303
5143
5126
3202
3259
7863
4514
6471
9610
4120
2520
2986
1211
5651
5415
9542
2172
5137
4716
8892
6439
6054
3453
7457
1737
1003
2023
690
8558
8591
4112
8480
5703
461
7624
5120
2144
8517
6363
9296
4264
8811
3459
8489
4259
8293
7502
1879
1621
9560
8060
8756
4166
8441
9333
8039
1092
1221
1848
9799
3004
5209
2131
995
3330
2417
1890
5149
4968
6169
2318
7878
7637
7266
3222
3058
2853
5328
1386
3303
2703
6000
8483
7215
9786
8847
1560
4372
148
376
5980
2516
238
3989
689
2209
8067
8293
1727
6850
4625
6694
190
7888
2209
1099
8053
1483
5550
7799
3903
9419
7243
8407
3594
5833
6521
9908
3189
4691
314
3546
4975
7069
8147
1355
4436
8982
5850
6031
6874
5438
5928
3295
7613
1499
7211
9688
1125
3530
6252
2779
1182
4406
6136
4828
9964
6991
8403
3356
5629
342
2440
9499
2874
7841
9793
2864
5478
8802
1777
5281
7998
8664
7343
9520
33
6822
1986
6245
7119
9082
2041
9262
1157
5215
3232
1992
1536
4955
6549
6409
8321
6158
3429
9351
6257
7458
5918
9935
7509
6119
8522
8455
4555
343
7152
454
2414
9639
8396
1355
2834
4027
4925
852
9922
9707
7358
6965
6820
5
9452
9119
5514
1909
9647
8470
4522
1489
1696
6290
6594
8768
6974
2893
5249
2806
132
2494
9137
8945
5912
3140
5626
4162
195
428
9902
2235
5057
6519
2476
955
8186
112
7312
6242
4108
4530
4406
2179
3539
8158
2018
6213
1548
848
4629
9850
2679
5960
985
5633
5442
470
4001
9237
8713
5668
4020
8848
8105
3737
4986
9258
6886
2685
8752
8232
7212
533
4805
977
9140
9514
8059
5225
3012
200
9763
555
2937
5162
3795
8521
1069
8784
8201
7613
6549
4972
5160
4935
6216
1973
4186
3998
2902
1140
5016
4549
1764
1580
4228
7079
1705
1080
8826
1832
6508
7844
6227
4769
8515
9938
9078
1653
4651
2904
9433
7562
2369
6118
6741
7484
48
6438
2860
8632
8576
1782
2278
1393
1273
8694
6631
6576
2923
7355
3589
849
308
9522
2447
2907
3470
6957
1193
3269
6458
68
3501
5595
4268
3332
8274
4146
7211
1600
1608
5934
5537
1582
7559
7022
8440
5025
3060
1428
635
9234
112
379
4796
4739
5283
3721
2849
4665
7638
2353
7987
2088
9422
3540
3444
9901
3288
2940
2973
4040
8083
8324
4117
2891
5074
5378
3746
5971
5562
5230
2892
9239
8605
6734
7604
8826
9078
2045
5394
5134
5081
1169
1729
5497
9177
765
8185
2378
9619
7716
861
9595
7155
3551
6568
6049
7378
2757
945
7438
9056
9131
5335
2612
571
8171
1809
7814
1921
4553
9654
7712
4507
400
6434
6185
4768
2699
9333
9180
2654
4783
2670
7490
9906
6879
9639
5662
9827
7629
9511
3182
3391
8691
2839
1650
1740
8071
9143
2848
4103
9140
2595
5578
8905
4696
1983
4760
1644
5517
5157
6785
4944
4485
3130
1083
7562
981
5004
646
3195
3858
7105
6628
5000
9057
8594
4063
1950
7237
6427
8476
2360
6782
8733
4354
5389
5091
7175
502
4457
1126
5499
6436
796
7371
1399
7462
6849
8898
9450
6446
5421
4731
8735
2468
9507
4490
2655
2324
4395
2720
6927
5754
9180
2760
6832
6088
9676
9587
7065
6222
2031
3926
8303
7489
9762
8707
4160
521
6220
7291
9120
340
5024
460
1528
6116
6549
1907
4605
8361
2126
6016
9106
7137
4829
1848
200
3670
5650
5739
5730
5154
7321
8902
2992
4286
7140
2009
2602
