1573
9471
3452
3046
518
927
6913
2312
2631
8093
2160
6730
7495
5151
4432
912
9642
8095
3493
6377
130
2261
2105
5548
7114
5470
6355
413
2530
1503
3448
3750
80
213
3505
4443
45
384
6926
5881
1622
7048
2328
3360
1506
9573
802
1533
9321
2941
6754
9527
1883
9124
7009
4290
8372
960
7226
3256
9380
7158
4313
1008
6471
5736
4275
6084
9725
3323
4376
7070
8128
5100
6331
6633
4436
5222
2252
6769
128
1559
8969
3087
3988
428
5730
3615
4086
6428
7018
471
6326
9701
1672
8733
2118
977
1501
2739
8429
932
1775
6244
3408
9166
5553
3850
7786
4668
3879
3039
4109
6939
6313
4002
3202
2117
8172
4359
7905
7308
9761
5548
2028
9850
1505
2961
4998
3064
3319
9510
6738
6632
55
5501
5339
6072
8196
472
5045
2274
3426
1177
5820
3242
2753
3384
2936
8328
7041
3860
9888
8708
2264
1389
9657
5641
1484
1712
3671
6919
9493
7425
7541
616
9373
6279
3647
4663
5833
3967
8457
1137
6305
9474
1124
6414
3430
9435
7126
1832
9375
7915
705
4969
579
1632
1949
8793
4114
180
1042
7801
1238
4395
9863
9018
3841
7591
8980
3852
723
4911
6953
297
7989
9843
5676
1783
3220
5729
6857
5873
3880
3578
6847
2293
3027
8937
1186
1937
958
398
2303
1664
4546
4
8354
3284
3619
9635
401
2355
8167
4813
5052
3814
377
217
1291
6971
8132
8769
8640
6159
6959
5852
7704
4869
179
2998
1442
1780
4552
7274
2360
7516
5876
743
5168
9551
6081
8842
8629
9046
2728
4933
6286
6750
9356
3697
5327
7968
2500
4468
6922
2041
6919
27
4292
8757
6953
1628
7732
2220
2983
9297
3193
5927
3191
7876
3713
3898
8013
3571
6284
4284
1053
9326
442
2488
9752
7465
221
6419
3956
4717
7041
5096
7898
9477
7177
824
8909
8784
8343
2921
6837
541
3498
5806
3339
9776
6884
598
7112
1467
1402
3760
5973
5857
3083
9049
9861
2474
8645
5556
707
6346
8804
2931
2167
7388
3916
893
2229
857
2201
8970
1696
8632
7560
4688
4381
7065
2997
3017
4744
7574
8134
6105
8621
1407
4514
6585
9747
9166
1767
643
5952
1338
7371
9761
991
9497
8309
971
6743
5455
9224
7781
4366
6515
7795
2701
3937
2972
2257
7424
346
3468
4312
4987
2402
3878
3162
775
1132
5088
2371
286
9385
3289
4693
8361
9253
3193
2047
6198
5547
3775
8435
610
1219
84
2199
3884
2487
429
8199
864
1006
3030
9914
2209
3230
2540
5985
1567
1487
6450
4084
7317
8037
3606
4621
7083
596
1591
1587
5970
3196
8260
5281
544
248
6770
835
5510
8513
3555
4173
9191
6237
8941
1711
1819
1587
7251
7394
3771
7708
9459
9717
7075
7481
5246
8022
129
7225
4820
9353
3251
8131
1637
2185
2467
427
3435
1661
6813
5682
6213
4936
375
7166
1007
4984
4709
1679
8696
9113
2005
7695
8024
9867
3199
9966
144
9261
7896
1471
5976
9259
5778
4397
3293
9794
8903
4663
1398
8035
978
1905
3526
3677
2969
8092
1475
60
6080
7225
285
7871
8851
7288
3976
5551
2889
7002
2137
2200
7904
6394
9055
2993
4704
2297
7579
9726
6699
8195
807
5117
4926
705
5969
1170
8399
3929
1061
332
3305
2066
2944
9627
7842
8037
1017
1862
8212
5284
4183
2596
3611
5599
7445
2258
9215
769
4090
5903
2069
2379
1461
2297
5684
1704
2117
7964
2644
8773
2298
2016
2155
9136
4131
7876
6247
2401
3285
9134
4326
329
6925
1100
8509
2797
1258
6677
861
6490
4189
8156
2941
8829
1950
4418
3329
2936
6819
3416
7733
9143
9964
886
6145
9060
2984
2984
2704
5503
6340
3647
1605
2596
45
4
1758
8788
3427
1188
4670
8846
4741
3322
4578
5406
9693
6234
530
6931
4094
9765
6672
4968
9342
5156
9534
9507
7129
5115
6054
3523
1022
4840
3427
5623
2755
2836
223
6341
1403
624
5084
3648
7695
7005
7304
7629
7859
4029
196
9887
2049
6
4493
7854
8677
8697
1549
6496
713
605
4801
366
9701
9447
6575
7330
889
5074
201
7560
2948
5214
8236
4799
4543
2275
8702
8124
2123
4204
4480
419
9971
5736
3675
6767
8243
1474
8950
2170
1213
1032
7887
2209
9702
3256
8758
8323
8725
9067
5084
1953
6633
5512
2033
482
8178
1800
6201
700
2316
6179
3998
5205
2715
7990
8331
8606
3873
5332
4958
8304
9827
5856
7326
6082
316
477
9877
4615
3309
3553
2460
2176
649
5448
5225
9498
9621
1827
4864
2216
9234
9336
5848
7422
3490
4397
8820
403
6262
9677
1130
2276
664
9847
661
8645
3693
2642
7093
3852
1058
3703
6109
6588
8103
1278
805
6861
3892
5893
5754
5388
595
6591
6412
4151
3616
6181
2335
7316
1602
5705
6361
9442
8096
5144
9345
2949
6985
3332
6059
4215
7968
9001
9172
5003
1863
7341
5784
5390
7778
8884
8966
5886
9407
9039
9911
6515
4168
5790
6318
3489
8696
7053
9750
7628
6006
8882
7938
8925
6625
7537
8767
7335
6328
9133
1361
4055
639
6602
206
4060
1243
2194
2282
3249
6070
1456
6380
5618
7951
6399
5244
4564
7971
3016
6212
9945
9706
7950
6330
1769
1415
7685
6443
7807
8094
107
1129
1750
412
9417
6381
8947
8540
9744
9109
5839
1979
2271
3696
5255
3743
7012
2089
9582
7971
8130
7314
2871
2004
1013
5926
6196
722
3385
5328
8340
9845
4542
4163
1788
4811
382
6470
0
392
2279
6014
5827
9113
5412
7487
9248
7055
9922
5499
8914
2107
1445
5046
1905
9983
3549
4199
2420
6645
7145
7234
5538
3706
8381
5745
9971
9663
7261
330
1438
7789
54
6655
9437
3668
7799
6346
8434
5104
3715
2421
4897
3701
365
410
882
868
4383
666
8965
6013
5335
8470
8715
2094
5109
6073
6683
3040
52
6686
715
7483
1075
980
4795
5006
709
4426
6748
2345
3787
9197
4058
3107
6971
1733
5560
6193
5735
8530
469
88
8530
3722
9502
8926
9783
7113
6965
4012
7231
8262
2810
3369
2664
3232
3557
2043
1844
4000
4586
3375
3624
1287
9045
9399
58
205
5122
3015
9218
6527
8833
647
6220
54
3892
9613
9001
9229
7713
6422
6365
6006
644
7883
1366
215
6947
3227
3143
6537
5545
857
6961
1561
6643
1483
8794
7780
5075
6094
5784
1510
4833
6659
1760
3092
6228
188
8768
3699
5044
7806
3858
1121
9953
2048
9082
8824
1132
1323
4760
6550
9438
5402
1961
9485
8056
6480
9371
6384
8197
6829
8223
8413
4078
749
7053
782
9233
8644
5677
5086
7025
2906
9225
7572
9826
6464
3151
8188
1420
2761
8057
2468
3844
1871
8393
3113
7005
7506
9353
972
6000
1599
7057
9279
9566
2013
8318
1699
4162
1336
7976
7192
7904
8498
4965
7114
451
9560
5689
9094
5756
5295
2549
5040
3019
8381
1931
3270
5405
9476
2214
4413
8985
6685
2063
1631
8920
7060
9220
2836
4278
723
7513
7073
6097
8885
4786
7621
1044
6361
1593
4620
7792
1061
505
1763
4211
6003
2275
8323
8083
689
3487
765
3983
3965
9454
6672
279
8962
206
8298
6020
9552
7508
9776
5530
8356
9601
1044
4903
806
5905
6064
2965
4922
9359
7150
8203
7924
330
8636
7516
643
6672
5368
7174
249
6911
4302
4290
9045
2588
5514
3288
2637
4505
3992
3659
4328
9995
4103
6097
9324
388
5337
1330
4421
7125
5091
966
4559
3895
135
7635
7428
5675
5282
7178
9809
7848
4494
106
8741
9250
5531
6197
635
7182
9140
3525
3203
9286
9762
7534
9583
1970
5188
6509
9491
8628
8021
249
7848
3277
269
5249
4224
5469
6173
8517
3894
4333
6943
5478
8760
5796
4981
5393
8541
2638
7305
5228
8113
2691
3214
2476
7170
1918
6231
2314
5093
5890
6433
4535
6734
8964
1303
6621
7721
1778
3847
974
1548
2388
7416
4273
8050
9747
181
8780
4823
1461
6493
2882
4989
6698
3945
2693
6523
3419
1637
1972
4352
3516
412
9048
6699
8011
3687
7983
8992
3815
317
2458
2858
3823
2491
5964
8638
8400
505
9190
9017
7742
4290
24
5649
3379
4549
4057
3181
1784
7253
8798
6385
3102
2897
9761
4614
3343
7616
6895
4915
5538
3514
127
8150
37
5927
423
5947
9714
6262
7855
3707
7114
7716
6803
3515
713
9671
121
9784
8706
8772
6728
2040
2907
6954
3423
3578
2467
6233
9052
1573
1723
2615
3053
2434
4053
2485
5379
8760
2441
2438
4427
7038
5194
9167
7847
534
6474
1771
8847
7961
6574
5450
4911
4184
3912
4384
8069
568
2352
4834
362
342
60
4219
3476
985
1241
1952
3851
7992
105
3617
6878
1743
3984
6809
1314
3006
3935
2056
8535
3775
4672
9133
2658
1997
8468
8815
2633
7674
3181
7603
3817
2040
5739
3362
8401
2276
987
6212
2243
2384
8694
1803
7510
654
8204
8735
8701
2900
1991
3068
5489
9609
4851
3982
9671
9623
416
8466
2826
2869
8544
1978
3298
2981
1030
9121
6406
3497
2293
4529
2353
7984
4932
8357
5984
8256
2305
2064
3159
9438
3483
834
1960
2288
3048
6361
4064
7319
9464
8681
1881
9381
6944
4887
832
5008
321
7667
6703
8624
2089
5625
3252
3644
9572
5434
3848
2862
7485
7008
9573
6742
5047
4293
5763
8858
3907
4453
3086
4459
5941
9827
4092
1086
7929
651
9272
9485
1600
6708
2960
1510
8883
9604
9607
670
5085
4311
9927
5148
6196
5939
4926
7481
431
7388
8663
8877
4904
1992
8789
7274
5412
4339
2608
301
1108
4454
5844
7349
4856
388
3382
7081
5076
6294
6098
3070
1589
5237
8991
2494
8042
9582
2629
3351
7080
8407
2755
7739
2993
8915
6460
2720
9677
5485
1505
9530
7104
9901
5105
511
5679
5046
4859
6103
596
4817
8868
7733
3427
4782
5691
3144
6923
2065
1126
1099
4951
1616
4314
6528
5083
4029
5378
9074
4223
7
9296
1686
848
5171
8078
8803
1250
223
4843
490
5070
497
6429
9242
1204
7602
5054
3703
7747
6764
203
7044
1422
3463
8292
1734
2762
8339
142
7979
4518
9291
1239
406
9945
8235
8528
4278
8949
3062
9289
9049
8757
669
5577
4744
302
4978
9778
1620
2619
2178
7307
3586
1628
2949
2639
3636
6013
6912
8564
1473
9695
3386
7938
2450
7913
624
7020
671
3284
9023
3168
8716
2800
3802
2820
5574
6561
8341
5800
6471
6908
8722
1294
4854
8754
5790
6116
9767
6856
5910
2111
4645
2311
4193
1714
2772
9128
5574
5744
5734
9530
1908
9263
7563
1132
77
7971
7587
6572
9347
6997
1659
4970
7814
2644
2258
185
2716
8839
4640
1517
161
6503
6543
6392
2675
5531
7850
9544
2539
7319
8475
7167
1420
7991
8112
3817
153
7986
3239
3404
5916
7688
5255
1831
4384
6714
4146
9844
9364
1441
159
1099
3641
4748
8308
5587
972
2165
5695
2177
7829
8773
8891
8933
6886
7325
7168
6654
6796
4879
9214
3128
8681
7589
8942
2561
7956
4567
4425
6370
6518
3658
6477
576
2249
8695
4
8205
846
6205
9615
5266
6831
39
8403
8477
9788
9256
9195
2031
3716
5753
4876
2221
5954
3446
2983
2658
9802
9254
9616
5047
4528
9585
7563
6360
6056
233
9679
2363
5972
7809
2744
9268
352
564
2517
6951
3645
9646
2018
1345
5310
6079
9109
1447
5654
3380
550
7679
6088
697
421
2757
734
861
302
7827
4475
9746
7478
981
3269
2693
6201
8034
2516
4022
1662
4526
8330
2746
1005
7649
2726
4126
4319
9134
3908
341
82
9261
3215
5909
6104
9338
4797
7806
7358
5153
7643
5853
9991
8506
6695
4204
9958
5736
3626
5624
3536
1316
3546
8457
6583
3691
4891
8957
5597
3577
1813
3644
8682
2242
5336
2048
9909
717
7180
7646
819
9056
7452
8961
9706
746
4089
3344
8950
3296
497
7776
4680
1428
3526
1619
4745
9945
7138
8018
473
9219
4159
107
2804
9841
1715
2790
3640
6343
2987
7819
5212
988
304
7947
5626
9962
2476
9100
2528
2868
4620
6662
516
4762
1498
3417
6738
6569
579
2780
7533
7798
1815
622
4862
373
5923
2267
2893
6398
1535
6918
5336
3620
2296
4256
3762
3453
3563
2613
7116
156
7334
3904
778
4523
7540
8146
2060
9281
3257
4604
9232
6424
2348
3898
4124
6164
6875
3478
3854
449
3040
4820
6226
5505
1059
1493
7558
2899
7126
3633
6884
5830
7263
2444
9218
3408
6349
2982
8632
7185
9609
2368
9580
7739
8526
6225
1741
1056
6275
6029
5011
1069
8443
8449
1142
8813
242
2838
8271
1827
6904
8314
4632
6393
6406
6348
3387
432
4452
2880
6979
1630
7339
8600
686
2488
3733
8192
1026
2023
6906
7811
6047
6464
5959
9453
6726
3260
116
2151
6174
185
5170
8545
841
8951
3191
9589
7964
4657
4847
7633
6249
3246
86
5763
2117
522
385
6797
6506
8660
6891
321
7196
6582
7749
7099
6463
96
7983
4670
4991
4935
448
9190
2542
4230
4202
5248
3649
8421
7713
2775
1349
7277
7569
9612
1178
9894
6496
4275
6989
4244
8980
631
5935
1721
5667
1620
1462
3934
1855
4570
3118
9308
4363
7084
2058
3357
5755
254
3689
1786
9419
2808
8860
5068
7581
5156
326
6237
6027
3724
8025
9809
4304
5985
8166
1321
6424
6350
6206
2376
328
9230
4166
7726
445
203
5043
7097
7828
9323
6337
8763
68
640
2306
661
1498
9074
1974
6315
9832
2339
2393
6038
7237
8636
3942
196
3590
4946
8206
4168
8812
221
581
4199
7299
6809
9895
3980
5782
913
5073
8707
5473
5373
7092
2936
5336
2978
533
9091
6823
9978
7716
6034
4070
7623
8499
4504
552
5401
6042
6968
4383
4130
1453
9116
4534
141
6850
7463
4442
7249
1461
2934
226
8320
4292
6296
4067
8974
8068
6318
8789
9056
2432
3610
2724
6124
2362
1858
622
2432
1500
1962
3894
5891
2294
9423
1234
3260
6121
1640
7143
2003
7842
2030
8134
3192
1997
6461
2425
697
4275
5560
1551
6485
2673
3251
1119
6944
6964
6771
6863
1152
4160
5147
944
6169
972
6092
5919
5191
3658
7951
105
9367
3464
2702
6049
3240
1846
5380
132
9001
82
6547
6693
3060
7953
4714
5902
900
7783
8445
4742
9334
3499
5498
3740
1969
8647
7035
3957
3477
8847
9817
4810
5669
8442
2673
197
9230
319
7196
9221
9060
8090
5748
4840
5213
424
9473
9281
5884
5657
3078
6322
5752
3579
4939
426
853
3004
5012
5223
2422
6768
5355
2793
1748
214
7232
5482
2933
1021
6454
343
1638
7798
8832
7358
5945
4706
6435
9025
3252
9274
818
5019
7674
3570
8429
5862
9866
6167
3526
3644
7679
5403
4990
5655
2092
5197
326
6405
6280
7651
529
1839
9142
797
5451
5861
4956
5782
3919
7600
7814
5113
9894
4738
2700
142
1457
2126
7686
8157
4008
3073
6664
3160
9775
2389
6539
3890
2568
4475
4288
4912
3552
1113
2136
3478
9487
2125
5342
1635
5312
6320
2028
8715
6039
1893
2467
1399
34
8990
6211
1236
5729
8905
4660
1403
4709
9775
9646
6577
1812
6224
5559
2712
6836
6995
7242
2495
8764
7787
9983
4003
7757
3517
672
1560
9178
1711
5263
8819
4516
3126
7713
1269
109
843
7643
775
3914
5540
7283
1789
203
4768
6417
423
3492
826
5854
5930
8465
5079
4321
7349
718
1562
1672
2549
9168
9831
5345
7897
4529
9667
9287
4858
2979
9128
3661
7436
9599
1958
3726
5411
1901
2623
5204
2940
6416
5111
8983
4777
3818
2886
3346
2163
4193
86
544
1689
8645
2007
2666
9051
8054
5202
3519
4296
8156
1739
1079
8167
7475
9504
9966
7218
7462
5705
5144
5140
2398
8558
2258
2759
3455
7435
2733
5458
9924
6977
3332
4659
7874
757
5466
2039
8718
2560
83
6256
6878
4929
1054
8735
8387
7323
2157
9637
5880
811
7595
5467
8732
9511
1866
7284
273
4649
7269
5762
8699
5162
7084
6944
718
4229
9675
9092
3019
5075
8043
1858
6962
4851
5432
7663
7090
3127
8858
1794
6513
3366
8820
1597
9780
2248
4108
7889
5868
2905
5362
8062
5539
2558
9835
1150
6281
9730
9966
7759
1519
3623
4559
5156
5318
1059
9756
2696
7202
4665
6803
6858
9949
3006
8137
4306
9467
2396
716
9214
634
1752
77
1880
4067
5743
8680
4331
4382
1006
848
2514
7975
5516
3020
1038
8706
3118
7537
3207
6412
1118
1303
5651
23
8039
2072
4113
7730
7436
266
6075
3626
7818
5302
4089
1496
2927
8534
8013
269
9033
2585
7053
698
5273
6123
6170
1342
1426
5670
8191
3412
6012
5088
2275
7433
8130
2298
1917
9353
1370
3984
5597
4508
8401
9379
4140
2763
3850
5336
1623
149
9525
832
1297
9931
6682
9064
9790
2061
3623
594
319
9378
544
4891
5559
246
1016
5702
2283
244
1421
2942
3622
1620
2233
4328
7641
6710
5941
3375
1905
1000
6879
7145
9593
59
193
1394
4300
7768
6260
9849
9911
7960
5052
5801
5697
1428
8715
7837
6809
9422
1614
3419
4997
2899
9214
4925
1033
3085
9926
4400
650
627
4317
1508
5787
7893
5899
454
7301
3829
1450
2682
8165
1183
4373
9125
8416
9351
4573
4695
2722
3217
3122
6773
7903
8039
7739
5145
8491
5644
8311
5313
4153
9044
3974
5220
5491
2014
2930
7195
1337
2035
5992
9682
8674
8041
5579
8970
5752
331
7669
5910
6615
2826
4755
1891
5464
4397
1509
9958
1537
3715
5869
6234
4498
6256
419
8829
8374
3281
5519
8640
995
4590
2829
9405
5499
6095
3425
828
2823
7608
7307
7629
4157
2244
4426
2085
9218
1804
8179
33
8506
9685
8117
3329
1606
9021
9333
1552
4956
5110
7588
9718
5116
7045
7570
6756
9072
8816
7458
3453
4772
1282
3436
9459
4096
9201
6955
1154
9188
6946
8515
1818
6903
5220
3424
8048
7245
6049
7373
2378
650
546
4479
8854
9751
3169
9812
698
3592
9696
4550
9857
6416
1545
7249
5845
4271
8272
9370
187
6534
7223
4051
6948
1824
9781
4507
6956
9853
3156
3151
1404
9335
3699
254
8535
8152
5050
5880
5219
9458
903
6917
932
1558
3028
5530
587
5648
4004
1896
7016
7162
5582
6985
5936
4886
1634
6281
2549
5144
4824
7758
2946
2303
6942
6556
4954
7438
2290
7066
5076
5526
5135
6865
6701
1374
4171
9671
6164
2371
3324
3942
734
1887
4968
1068
2090
1860
2517
3479
3595
1981
3315
8397
7409
1550
3674
7407
4136
8136
5568
8334
2233
4985
752
6893
2457
926
5125
4209
912
4785
6546
1478
8078
9943
5999
834
4384
6763
4036
9952
9735
9881
1270
3426
7471
451
2754
6964
5086
337
4907
694
7347
9658
7490
5077
7535
4820
4926
1153
6889
7487
6947
3530
402
8749
4691
7706
7335
156
8986
8143
3395
4731
8652
8216
1304
936
8834
3477
4152
7144
5359
2651
3285
5130
1979
5915
7095
9795
7165
5057
1070
980
2008
6238
9054
8163
569
8675
3603
3683
4659
6149
3665
4803
1488
7979
58
5489
9484
3561
5158
5169
3458
2039
7909
8378
3507
1437
415
5985
2270
1911
5164
9065
3786
4705
7978
9274
921
5134
1047
8593
3235
9497
5437
5121
3286
9289
5856
1508
3373
4886
8882
4143
4026
1085
2994
2592
8259
1392
5764
2298
8420
5719
8825
3580
8881
3070
5246
2178
9334
4445
2661
614
9268
5476
2763
8853
6805
5022
1421
7675
8153
827
1834
2828
710
471
8908
2638
5837
3481
5478
4497
8973
3862
7963
3824
4932
1451
6181
9157
6247
6879
9011
6954
7625
693
620
1921
2735
3110
4694
4287
9521
2183
4049
5290
4800
6153
6360
986
4652
378
7794
9709
3116
699
6372
8425
9747
6625
2433
5963
275
5988
3877
7765
788
2982
9141
6619
9702
6069
6258
3258
4582
2484
6231
6270
397
6147
4065
1312
6464
888
8075
3499
4313
5586
2305
7362
7685
7798
6673
7357
1549
8994
9598
8133
7084
4143
7717
7821
1426
2525
541
6952
7725
3210
4971
2719
2987
6979
6875
2810
5935
43
955
2374
8274
1314
9493
948
5344
1392
6690
3954
4499
8993
3262
7200
1455
8995
5252
9563
6049
290
7403
8069
2365
6024
9697
1729
9400
4662
2544
7343
6789
7514
7550
1149
61
9503
7415
3234
2383
5720
9288
363
1141
3009
8183
1646
8941
2079
9813
6197
6437
8815
4073
2523
7027
6369
5632
1169
8349
8971
6886
9076
8301
3518
6794
6814
5031
7648
8164
4290
793
5848
794
7669
5772
1521
5457
1114
5279
3432
314
3783
817
8700
1129
8468
325
5294
1924
4382
6011
5785
1099
6293
551
1661
2962
9453
8420
757
9016
1869
102
1832
2238
3290
6207
7675
575
9331
340
363
614
2342
1457
5639
3812
4718
6411
5646
7839
2974
4294
844
6455
3158
7499
1347
7009
4980
7538
1631
5068
6537
9372
3729
2734
6616
8420
3411
4158
6729
2118
7155
9855
9693
189
9600
1954
9089
6551
5251
488
8206
475
9069
8843
1090
6503
5260
9836
8512
1443
910
2513
7320
3900
966
2328
8361
3148
6191
9736
7677
2900
34
8710
2827
7663
6352
7916
105
6593
2394
3323
6778
1425
8673
9686
5433
8341
4423
4974
2413
4546
5804
8369
8568
5568
9099
1804
4373
9395
6175
7357
4283
9628
3160
5531
4558
9863
6092
5600
6060
9283
3552
5983
193
4325
8390
9768
662
9073
4396
4960
6272
373
6003
5931
8508
2230
9608
3066
4363
3749
1352
5237
3650
5162
3311
2607
7824
8184
3786
2459
7106
3
8671
5434
7631
5043
3748
9753
4689
5554
2132
2721
6414
7974
13
3054
3437
292
2209
9134
7926
919
2449
7210
7245
6652
3808
1901
5279
2746
9331
659
7463
470
5335
7
8462
8951
2884
1055
3929
3420
3470
8782
9739
8169
6773
6311
895
7243
4582
7830
181
5797
4794
424
9666
5529
6869
7682
9379
6997
867
4978
7593
8718
5688
233
5576
4682
1340
7508
5535
2973
9460
1122
3119
7058
6527
8537
1150
9240
781
6990
7454
3695
9288
9165
9123
5826
6177
1511
2853
6239
1840
3683
5232
4698
8481
232
851
5334
42
7987
5602
1147
8877
3719
6596
322
6910
5038
343
2864
8482
1111
8604
8779
8990
6716
264
344
9973
8245
4898
6951
2458
7216
399
6993
7972
649
5713
7470
6608
5168
8818
5560
3305
2542
2373
459
3620
5857
525
5544
7175
8706
4371
8994
760
9561
5726
5864
2148
6720
6710
9193
2438
7195
7223
8615
4354
2844
8355
1794
3898
7537
1820
621
3217
4714
8035
1231
7582
2794
7642
3856
8168
4755
8044
1640
5100
4522
7481
1777
4604
9260
5991
4681
7754
5215
7842
2981
4474
11
1378
3696
8590
6817
6475
7908
5787
5429
2082
7343
8342
8432
6856
5472
5458
5126
8804
6574
6922
5069
5024
6355
2093
343
9239
5502
3305
480
1304
8953
144
4587
7902
5055
752
4277
9916
7849
8994
4056
5703
8879
5764
140
3801
8219
7379
3167
1652
1000
5692
222
9859
6047
4323
9392
7042
3222
359
7828
4299
113
1433
5014
4847
7572
5076
2725
100
699
7116
969
3446
2668
449
3269
1914
8909
171
9112
2332
9517
9148
1703
2327
1657
3093
2174
4046
4316
9608
3511
6762
1123
3620
5325
6079
116
4976
1832
3940
9524
7479
3777
9580
7460
6261
5315
7840
6308
3684
7796
9957
5992
4117
551
2237
5848
1476
1652
3439
3491
7408
4875
338
5050
9860
1987
722
6205
3560
4654
1486
1864
2955
8999
333
2338
8000
741
6820
2201
6125
9391
7658
1799
8954
7611
1303
582
6634
7742
391
2968
6662
881
453
9722
8986
1921
1304
4083
5960
3592
5427
7327
130
6613
7059
1091
6467
2458
8635
6841
3091
5680
783
8087
5458
6028
7539
9060
3920
1824
8294
8860
9291
7663
7474
2263
2517
4411
8067
9036
5804
1625
6309
1747
1937
7884
4175
6791
4338
1633
2409
8683
7419
9747
4839
3186
4024
9007
1577
3620
6294
4072
5732
5442
8940
2284
8241
9503
3910
5402
1628
6994
4034
556
4285
7910
7826
2472
8329
5479
320
7909
7969
2832
4609
378
549
6757
4938
8278
4907
8608
2799
3043
7035
516
8318
1098
3747
7458
9172
586
6951
7876
4498
3525
4163
1876
4606
357
3670
3027
6514
4702
811
5106
7741
3596
8195
6818
1474
9379
3306
9843
8545
7113
6221
5829
0
67
8805
5774
1644
2233
317
3660
9758
6334
9270
2298
6354
6778
1738
5384
2942
4675
804
8398
9701
5761
5226
5370
5897
2406
5034
8844
795
5705
23
9505
5730
4637
4049
2245
5870
9733
6451
2943
3428
9877
6103
4793
6909
5169
2170
4205
6905
6817
2108
3328
2941
3196
4571
5641
2884
5859
8927
666
6200
726
7329
368
8970
4832
8257
2925
5628
3753
4211
6241
3067
7045
1910
5663
3117
2467
9841
6151
7507
8080
3052
5510
5931
1107
778
615
2204
9500
3543
8949
6386
4327
6860
7616
9595
6701
783
4710
6307
1054
7941
1769
1104
1172
9948
8171
5668
6158
2084
5826
3093
6509
8887
1204
7026
3111
6836
6811
391
1088
6835
5358
5890
7665
3537
2226
7723
2894
273
9135
1897
7401
4727
9591
2810
1298
3103
6136
4849
4445
192
1555
6140
830
5814
2660
9661
2407
9490
7935
8109
7574
4695
162
3009
5633
9230
777
2334
1484
818
7987
2579
8155
807
6474
9777
5123
4766
3759
7746
9794
1538
8836
5251
1747
1924
3927
7364
1301
4173
7908
877
7700
6486
8839
6834
9310
1972
5446
5879
2266
8931
647
3731
623
6491
5005
7662
7201
8912
4872
3213
6700
8409
7760
6142
227
6814
2859
745
5513
3484
6720
5101
7769
9457
1367
3373
1709
5390
3301
9894
8545
3460
5517
952
1744
1655
6095
5915
6461
6813
9721
2768
6659
3195
912
166
6823
4817
7504
3929
9292
3094
5306
8584
7953
6291
4218
2180
6948
9834
6823
2074
5360
9509
1507
58
3170
1213
6889
7455
457
2057
1365
1102
2201
9810
6228
3444
6774
996
1
3953
5069
9282
115
8766
1004
8197
6242
5460
161
5741
8021
3198
5548
7312
4945
4679
8369
5682
8573
6700
970
7726
7907
7732
5643
976
6354
9891
5776
7296
3493
7528
3130
8898
4661
5072
1021
8658
2011
5535
4322
8388
5354
4676
149
1631
4110
5857
1499
3152
5539
9552
9159
9882
4647
5307
1051
610
5918
4727
9206
237
1027
8122
7643
426
1098
5679
8184
8805
7652
8196
1334
2475
6479
1665
9552
7852
1887
4682
8519
5232
466
2260
9752
1510
4014
6872
4567
3496
4885
5694
6528
7446
2867
1916
6088
2715
9290
6188
3416
8255
440
4445
7699
5044
4798
8611
8069
7084
7900
4339
4832
4521
8419
5073
6730
5079
8195
7366
5411
3688
8871
1874
4088
5593
5411
3490
2421
3566
8127
784
7989
7540
3068
7062
7747
2124
9085
2350
9667
6327
966
8640
6975
3466
3619
1308
9657
1524
874
9999
9469
9195
5489
2247
1612
3598
8371
3082
7693
4808
9335
9408
5138
4543
3901
608
6848
6493
4305
7280
4627
6669
2379
6623
5877
6661
4171
2775
9822
7962
1994
4348
5757
1747
2662
8715
7433
1207
7605
6839
5468
1465
435
2180
4098
5487
6589
836
9982
7115
6098
3810
5931
2769
4459
5607
312
6862
2934
2199
340
7771
5525
9516
5917
8495
9308
7079
6705
7859
8702
7632
4808
1005
4097
1305
1975
3856
3978
7242
8738
9128
1670
9567
3795
1312
1738
2088
5411
8492
7180
2211
1074
5764
6085
4249
7839
7250
2541
8694
4831
1619
4215
4594
4646
625
3658
3804
8114
8347
9896
9820
3899
7883
5713
4839
2622
2647
7015
1958
7014
1521
9781
9991
8756
1574
1177
8814
9001
4332
1020
9361
9113
10
6009
6378
5210
4146
2831
1387
5202
9298
4743
7155
2072
4724
3682
7612
1626
3548
1428
5196
3913
2942
8625
6870
8961
7962
5884
9011
7747
3226
422
7650
5938
8833
5618
4902
8587
8033
2843
478
2168
4363
8047
3640
5480
8367
3030
210
4431
6617
3812
3954
3054
5740
5071
8322
8400
8228
8090
3790
9992
5465
6303
2619
9839
6758
7516
5501
1107
2903
6334
600
3856
657
3224
8807
941
8182
3540
6677
1146
745
3327
6330
5423
7583
9109
2866
3854
1814
2507
105
2280
5900
2964
4605
154
7419
3760
1806
3515
555
5689
9463
9656
7549
7330
9396
2476
5855
3292
9058
9222
166
4470
3140
2739
3275
6003
9682
8524
7652
4717
7234
4743
9859
6863
9745
8611
899
1326
4738
7829
608
6357
7831
4574
4896
3428
5831
4241
7509
2712
8259
5050
6289
2374
6796
9976
2138
5469
4834
2122
2307
6096
5767
1755
4391
4424
1071
7487
224
2208
1447
9083
8628
136
2786
6381
2656
222
3204
70
9289
5659
8244
7715
2687
3093
83
7015
2057
9029
213
4475
1833
9307
7818
9509
169
2838
9861
9609
8452
3274
9882
9096
6648
3226
7288
1301
7483
707
9394
8548
2098
9923
3590
7882
7159
5687
3840
7058
1915
2822
6071
2639
3610
7066
7691
6477
9101
5082
6374
6552
393
9200
3394
6609
1741
5399
1153
3258
9989
5538
8727
2526
8938
4314
8783
3888
8960
4415
3818
9029
9638
1959
4035
8772
9991
5302
3931
5717
9103
1379
9029
8329
2982
8796
1961
3517
860
1655
6688
7147
6261
5372
2243
6004
5338
8625
3782
1489
6403
3255
3678
4690
8673
2016
1553
2074
593
1098
3323
531
7835
8889
9189
297
5256
3488
3069
7702
7547
3491
4912
8764
6793
2961
3461
6774
553
7501
4026
2576
5978
638
7695
3099
4722
5861
3650
9019
3167
8192
6231
6780
2812
1703
4574
7712
8647
8667
9742
1889
5166
6689
192
2028
2177
8695
3227
7017
3661
7804
9818
1053
8395
3870
3441
6210
9319
2157
9699
5557
885
4799
9175
6115
3693
1350
9211
5291
6435
4912
6088
2723
6491
7951
7788
357
7043
9683
6561
463
7513
3137
7147
972
3829
1284
8312
3770
7709
5024
8104
7117
8840
5661
4122
4170
5083
8064
8847
4394
9193
614
7089
2254
7926
5635
8050
622
2818
378
9589
5560
6375
2003
8354
4923
8836
2542
288
7559
1152
2068
6395
2394
6584
5031
6083
4067
9288
8355
7053
7288
6666
1761
2656
7848
6184
1815
2902
7573
7990
6994
4870
2699
6679
4480
5984
9284
334
2952
5711
8046
8214
1525
2052
2943
9145
4135
9473
9765
5591
555
5108
7394
478
8348
906
8764
4359
6157
7783
3952
2458
7458
6991
1868
9914
2829
9400
1263
2014
8773
8030
1177
4054
7556
3122
5946
1721
1077
6194
305
1889
111
1398
1210
6087
9631
1982
815
8134
7542
9476
7386
8678
7133
8356
8193
9277
7387
1391
9285
5431
1538
9963
1004
8387
133
4989
3419
9746
3128
4116
56
8102
1674
6851
8721
2173
5237
5295
3191
6721
7308
1080
2177
7545
5548
3262
8102
613
1830
4516
5304
6844
3832
2841
3747
7927
2854
668
8692
9990
8549
5262
6477
4189
8225
455
4498
6741
2644
7854
4269
193
4836
492
5855
4992
7952
6166
9618
8570
7394
1160
1651
1142
1559
5129
4249
8891
5924
188
7537
7568
9430
294
1869
744
7167
1580
2893
5301
4791
3105
4555
588
5319
2298
2105
4376
7465
7603
6333
4235
2133
9067
6694
7014
7039
8037
7523
5566
2085
9095
8241
6317
3284
9976
7654
4513
9165
1138
4829
5277
4892
5937
9903
4719
3201
2872
384
4737
7585
6904
5989
6300
1674
1129
5609
7502
8188
8082
2395
7536
1528
3258
5699
7406
7155
3391
5945
4785
5784
9052
4267
8583
3541
8766
9450
8596
9441
6774
6804
5918
2277
2850
3590
8488
8338
3100
6107
9685
9327
9392
5111
4492
7050
5271
3412
859
1146
4166
8036
4924
7676
6235
1475
8401
2783
4100
1254
1114
1270
5161
1134
1924
1547
4614
2035
8530
4461
7740
6673
3959
5496
4776
4700
9313
1901
3299
4769
2501
5205
4588
3777
3713
3991
41
6005
8519
525
1085
226
3314
3461
1692
1052
6048
8206
8785
6624
2481
794
4062
5476
1017
2952
9137
6226
7942
7233
8223
8728
1525
9327
9525
120
6197
6572
1521
3271
9000
5768
1630
2948
5618
5575
9606
1100
2174
3221
4965
9553
7065
2299
3759
8906
3288
1597
9632
9116
4854
1245
2669
2147
4525
9396
6612
9925
36
6856
3491
1378
8869
9395
8140
4198
9606
2707
8496
1362
3052
4560
8975
6908
9453
4738
9557
4278
2777
8773
4109
7120
682
9908
8774
7390
8091
4009
6467
9446
3638
1314
8122
1858
7553
4654
2070
8076
6914
8888
2618
4280
9676
3886
2723
2222
9986
8060
4424
9466
4858
5009
3956
4296
264
941
5407
6035
9131
2577
1130
701
6183
2957
3803
1003
6064
4648
1691
9537
2367
9912
4852
4638
2676
5423
7376
9031
2442
5418
2591
9551
7666
9562
823
539
1910
177
4384
2280
34
697
1132
3813
7730
6926
1742
4026
9336
9366
4820
3348
9516
1068
7223
2412
206
8381
8203
8409
5965
5634
5128
7307
8143
9757
680
2807
4742
1369
2224
6105
8996
9789
9973
3310
8228
6065
5124
1551
5233
2460
4307
7838
1868
9741
16
9431
2278
1548
2127
5441
5246
6043
6816
3299
8676
9716
3184
3188
47
5422
8008
1348
338
9011
2232
4955
3120
6028
3460
4976
2767
2297
3760
3360
87
4779
5167
5702
390
1908
5493
6531
6222
4336
6782
5631
8239
5813
6813
6561
4066
8662
2208
1481
7450
8896
7506
8498
4514
312
5875
703
6
8234
9325
5271
5602
5951
1905
1833
3394
7587
3356
2397
3864
6536
2583
3309
161
8282
239
5185
4534
1504
9842
8114
3630
3410
7309
6485
1193
3480
534
7000
1796
6330
8572
7009
1599
6327
3788
9338
1735
6387
7160
6204
7426
6474
5937
3016
354
4209
4244
2715
3147
4673
8590
3007
4916
5206
701
3065
502
3796
8824
2792
7459
2699
1576
5263
9491
1122
7413
4831
6682
4141
1710
1792
8777
9969
726
3026
3392
7560
2549
644
6286
5378
5975
5682
6319
5425
376
8484
6434
4738
3121
5625
8548
6331
5593
4647
5450
4277
2209
8094
9032
3668
8032
6142
527
212
2713
1241
8429
3027
121
5586
6610
8763
9072
2888
4434
6761
2106
7066
1503
5324
5863
2931
5704
3845
5112
2232
4222
7179
599
1978
8477
7668
1918
3193
7375
2997
1403
6409
3835
7978
9160
9214
3241
9605
2127
189
2499
4564
1969
9882
5270
5637
7932
6706
8786
9958
5061
3404
1544
8852
2857
4932
3067
2105
5455
6985
485
1808
2520
3686
4861
7786
9396
7093
4540
4000
1257
4328
4930
8918
89
7238
8839
670
7220
9288
2362
4429
5953
658
9317
2536
6250
2406
7177
5811
9712
8182
98
5873
8927
9056
6060
3695
613
5317
9636
6980
9937
6023
4018
5119
4854
5255
9871
9556
1847
5077
5479
6551
321
961
8363
1317
6322
1790
8304
6451
927
659
1627
473
296
4217
6841
9958
1110
1241
8758
5998
5776
6825
3418
9458
3076
4556
6353
7882
5612
7446
817
1966
6155
4354
9833
5789
6817
2788
4451
258
5582
7637
960
8577
4053
3511
9750
1487
8491
2310
7107
5321
6741
7619
5388
675
5461
4390
8613
4332
6585
3808
9072
2585
6584
2680
9056
6734
6823
3171
7589
5284
6891
654
4799
5331
9697
6030
1955
3815
9888
6085
8363
9791
4474
9527
4643
8623
5595
2634
6498
1487
3775
2244
1473
5043
1198
9609
8287
6541
7609
1180
7374
5975
5483
6543
3539
1759
745
2865
6173
3107
7498
94
2938
5821
9889
4959
2059
9447
8944
4316
1169
7434
1339
7862
6351
5365
282
3953
6334
1274
2711
2764
513
8763
4532
8826
1790
8317
8453
6962
9804
6074
2150
8740
6533
8921
1855
1077
5154
9529
6174
3473
7267
9376
4141
3078
965
958
4292
8305
4875
8030
8941
8316
9185
173
2004
8487
8043
4629
9906
8135
2690
6952
659
5164
4197
6738
2603
6867
8030
7228
9113
7449
2944
7062
4091
304
3746
862
1566
568
7686
5672
8925
2829
544
5354
4534
5979
450
9189
9335
2304
9532
4202
2143
3825
2457
9976
4826
3598
7342
4158
1029
9839
7167
5003
2024
5276
7945
9264
8351
9269
8700
8027
9143
4086
6716
8053
141
6003
958
2478
3638
6878
537
4295
1135
636
3041
385
8370
1777
5741
269
154
3489
5066
757
4462
7379
2136
5607
6849
6979
611
2865
6374
1684
7699
8534
8379
6180
8998
7565
4573
5528
4019
577
4214
9830
2366
5046
5894
5012
5945
8234
5952
3528
867
4096
3235
2785
9973
2624
4575
3955
6618
5714
372
2170
6193
7787
2470
4563
5601
3028
9261
7377
7870
965
1882
2417
6878
4805
8839
9894
1972
8422
3446
2860
9529
7151
569
7217
7498
1950
3726
8728
281
2777
1887
6544
868
7091
9775
7845
7913
4519
1252
3728
4962
7966
6496
5048
1515
5702
6191
4858
4182
8258
164
2770
2431
6108
9230
274
6375
4559
6853
2984
3505
911
1142
9788
9970
1752
1041
3852
7371
1151
5078
4201
3955
7528
535
4058
2625
2562
1142
3796
3047
7122
325
5568
6006
5238
1216
8861
1128
1413
6797
9266
9206
4112
9045
4367
8280
8323
6707
6192
2477
6110
5085
8103
9130
628
6573
3684
873
5155
6644
9227
1570
7010
6778
5383
3393
6053
638
8479
125
8927
1258
2583
2975
8324
3915
168
8892
5461
4764
1801
9297
7637
9244
3073
6081
1870
9224
1570
2593
5877
7590
2506
889
347
8045
4967
8455
1930
4276
5061
4559
3291
7098
9025
9489
1624
3710
8640
7183
7337
6205
9612
5822
2179
3892
3572
4186
8408
6638
2059
6398
18
1680
8884
6966
809
2091
4325
5956
2520
5209
2709
4378
6044
8281
6990
5675
8995
4674
4537
2310
1342
3350
2742
6489
1774
9903
1272
4231
8755
3400
253
2894
8473
8997
8765
8108
697
7448
569
1542
2326
6355
9214
8194
4463
9928
5123
2405
1133
7245
5618
8226
6608
1711
4375
4349
7282
8401
9187
4837
3132
6241
4362
1204
4301
2015
3126
4992
1888
4071
9317
6065
5006
9933
7943
2959
4367
8493
6260
8678
3424
6203
113
5263
7817
3741
5144
7958
8505
2510
4676
8736
1714
295
7388
3581
4343
5453
2981
6007
3160
7619
2524
8885
8320
7567
8948
8854
8286
9608
4455
713
7523
3386
4836
8951
690
1109
6703
1921
6838
8749
6761
6
773
4037
2752
2524
6891
4907
1678
5774
7652
9823
2288
424
3931
4709
9694
2375
8990
8249
5877
570
2740
945
8599
4919
6874
3199
9771
4453
9179
6789
8791
9109
2234
8351
9084
7676
8243
5850
2100
6954
7278
3061
2047
8775
121
180
245
6672
7602
4823
3927
6117
5481
7001
7833
5818
9609
1806
3431
8629
8002
6951
4315
4748
6964
1859
7272
5091
1232
8145
5495
1096
1531
2039
6866
5216
7326
9896
2826
5318
4688
802
8258
7463
4712
9043
6826
7903
276
9486
9762
8385
1807
4161
1620
6506
6389
3819
7805
8479
5037
8314
98
9623
6545
7225
3470
4292
238
8761
2638
3885
844
9586
5060
7467
2890
4931
1755
4449
2199
4605
324
3043
4663
6464
8952
556
4361
4328
1524
239
9984
2741
4671
9518
1562
1871
2059
9898
2463
225
537
4871
8457
8574
4943
2607
4071
304
864
146
1185
2414
3720
223
8505
2378
959
3688
265
8422
4224
7224
4408
198
7150
2277
9358
8172
249
9007
4132
3481
4750
3891
9113
5323
2182
1240
3026
9479
9153
6284
7753
8323
2497
8508
5054
5956
8227
3523
1336
5905
5924
5406
7820
4515
1960
7482
2958
777
2174
5691
1177
4897
1224
6857
8928
157
9226
1299
1912
4686
7652
360
1965
7190
1857
3681
7693
1465
1491
8735
5093
254
7781
7441
1195
5132
8078
9898
3448
2118
3135
688
2510
2830
1825
5995
1394
4315
1728
8988
1275
3701
8427
5567
9967
7208
1672
8330
6829
4403
4305
361
635
8938
9340
8427
2611
390
2262
2087
5364
3029
5919
931
9204
2616
5158
1064
8318
8465
4012
5088
6492
543
6854
1497
8824
2268
3284
3443
6268
5777
2466
8934
5105
4018
6634
8784
3360
3811
7578
8671
9129
5817
8773
7704
835
5883
8381
4863
5692
9819
4690
9212
5755
8839
2830
3452
5244
7578
8545
1286
9550
6094
7022
2774
9478
5532
5305
8661
193
1696
8169
1000
6064
6228
9530
522
5926
6528
5519
7003
207
3054
667
6742
4214
2520
702
4053
3496
9284
8150
9222
8026
4826
3598
7901
9503
4968
3932
2400
402
1661
546
6926
3974
8309
9016
4182
9953
941
7719
4621
1780
992
4064
6441
2760
9707
3069
2393
3568
45
5258
3250
3009
3419
4140
8581
95
7445
4105
1895
4417
845
6040
1108
961
7596
2117
1006
1097
1580
2469
702
2853
8901
3110
9455
7168
5344
831
3224
9402
2470
2103
2847
7963
4700
1730
2102
7549
8823
8439
6107
2460
3040
7180
5149
5180
3716
2352
2173
3793
6068
7083
6248
7543
9808
9388
84
4783
1770
5972
6152
9904
9857
4780
8306
7055
7981
243
510
1674
5675
4212
6581
4005
7446
1742
4866
960
8941
1251
3858
6907
6102
775
5271
6812
5679
4606
8774
2419
5073
2991
8935
16
2065
8320
3717
1041
146
3577
700
4323
2401
9433
3783
931
2232
6978
5463
3851
7840
5488
1221
4559
4886
902
9184
9786
6973
4103
2158
4148
9696
5713
8540
7678
2409
5612
349
7864
8624
1695
7778
2451
3243
5248
7278
5120
2417
8784
6335
6013
6589
7787
5601
5935
8043
9166
3478
8304
1045
4432
8834
7563
3393
5021
6602
324
325
6755
8661
6455
5947
3105
8833
5354
4809
4508
8542
2601
6795
5620
1342
4713
5781
5376
354
4754
9286
5806
3012
3353
6994
8780
5603
2663
3382
9448
1652
6084
6575
679
4744
7408
9009
6810
383
6435
7183
8599
7585
6802
15
248
2038
9115
48
3889
8065
7382
6229
1232
5160
9102
6584
8214
3989
8517
8731
3588
5444
2522
1650
7805
2192
1857
2791
3720
4096
2194
109
9298
1557
2599
1724
2086
7684
169
1921
9286
8840
3446
3465
1211
575
2228
5280
5226
5703
4184
2309
9390
4822
7996
4895
7160
7106
7420
5304
2560
7332
8461
5410
3308
299
294
1971
5186
1876
5362
618
3419
5477
4866
8407
1781
8017
3383
6719
4252
5160
7369
2054
6064
822
7745
659
8839
2304
4927
9244
7424
7348
3389
3417
998
9837
118
435
9514
2722
2318
3905
8784
7543
4725
8871
2900
9773
1787
2104
9564
8782
5332
1877
3600
4942
5200
6683
6646
6029
624
7925
3558
4560
1393
5230
9189
7249
9987
3516
7619
9214
983
7926
3320
1605
4940
4969
2510
430
5922
9398
9753
6204
9968
5247
6927
6699
909
8660
3334
2338
1808
4050
1887
7147
1758
5112
3133
7334
5830
5353
5096
9307
4775
3013
6903
9404
2769
9595
3481
5799
6622
222
9618
662
8495
9753
2242
6099
509
9860
6778
1225
6839
2445
1634
5031
5706
6822
61
1029
3510
1538
6548
7055
8207
7576
8768
1644
8613
7222
8425
5326
7392
1388
362
56
3681
4698
6787
5262
316
281
5974
9980
1771
9966
7969
9556
534
7784
3523
5612
4368
1759
8853
6538
3803
1656
8864
9194
4601
8449
1143
8485
2966
3409
81
6459
2751
1817
2899
6403
4663
3405
760
2587
4851
4261
2870
6010
4366
8711
1159
2840
96
1979
6148
6140
3384
1457
4856
1425
5215
5872
7384
5716
7932
8206
1130
1903
2844
4108
9220
3351
2643
3849
6461
1535
3716
4309
6418
2205
5549
5470
6193
4879
544
4734
1876
9853
7498
394
1929
4483
1748
2938
212
3647
2957
3137
1202
647
8868
8837
8642
6706
9150
2183
3517
7798
9409
9208
5415
7805
9164
2777
560
9919
4593
7462
4523
9301
6200
4944
3284
1618
5358
217
6319
1064
8190
2458
234
6796
5355
3100
4515
8997
9704
9807
4239
1390
9524
6390
2593
4440
2180
8582
5368
8045
6500
3936
4851
8582
4331
5641
6396
585
6002
670
7847
5030
6321
9321
5591
8634
1301
861
7933
8571
9794
7304
9423
333
5030
499
7697
3758
6019
9877
5386
9315
8931
6074
2001
4304
1399
8494
4803
3555
2588
197
1533
1042
8048
5889
5076
7242
3421
8508
3346
9197
403
3325
4089
4389
5578
9791
3535
2294
9940
4894
4217
266
5046
700
7500
6284
7809
2887
5580
833
168
2797
8406
2722
8279
7387
382
1082
8383
259
4422
761
4067
2531
8426
7717
4070
7809
7719
3971
5400
9183
1472
7261
9078
1816
981
367
2981
1517
5665
3451
9357
1325
8670
9310
1786
2906
9957
5183
6954
8968
1790
9584
1352
690
7551
4468
1933
6671
1832
6202
8186
4489
6004
8245
6887
156
6634
1570
5123
9228
8107
278
2469
4093
5775
1229
3041
6974
6794
6909
2280
1627
8285
4253
1948
5295
3878
2950
5236
4493
8544
2643
7249
3155
3394
5111
3987
3079
2738
945
1290
4026
4613
3902
7297
1736
3280
6565
66
8784
7739
7110
3372
3578
2624
9347
4151
2424
5731
160
2711
414
467
1174
8343
685
2631
9228
3713
1948
6782
5956
9303
4802
822
662
9337
126
1551
1095
6857
6741
3801
7871
6862
7660
4646
1034
1825
3560
1060
6323
6512
2497
6753
6870
6873
2859
1478
1031
157
8176
8474
8997
7076
6097
7592
1707
875
7800
1674
1510
8929
2944
3094
6282
9010
6324
3189
5361
6105
2413
3400
9201
4967
2898
1495
3299
261
1734
3529
8336
2260
4052
9754
2815
9521
234
3237
465
7086
2017
4108
7768
382
1166
5120
221
9862
3539
4564
2503
9621
2919
5784
1197
6832
8790
9643
1369
9325
3522
3598
3693
9417
3198
3676
8747
1322
9738
5663
9925
5613
9846
2801
2161
9362
8334
7810
3115
2912
3875
4208
5473
9835
6494
824
4195
4007
9474
3388
4150
9700
2577
5250
2323
5833
832
3716
1197
127
3213
1824
4240
5531
6089
5838
9105
3115
2580
9982
3020
5075
1235
8209
1759
4948
408
2194
5139
6797
59
1519
568
169
9661
5964
8659
6024
5415
4282
367
3347
7394
2125
9183
7895
1138
863
1332
4144
7433
2781
1933
5353
9912
1056
1207
1932
565
6867
58
5962
5109
6384
6603
3469
2223
627
2158
6851
605
8268
477
631
7220
461
8000
8443
345
7300
8013
1279
6316
4144
2523
5935
4886
2819
5206
3302
5631
2667
8890
2360
6555
9030
9989
6438
767
8524
9259
5180
9086
1971
6787
3376
783
4750
6725
4250
8043
3289
9207
7215
6905
9244
8786
6024
7443
6234
3074
1231
1137
3331
5998
8310
8641
5817
3140
5642
1928
6199
701
2672
9434
8171
2415
5436
2634
6377
5032
9757
5573
6524
1874
2915
1482
9980
8550
3754
3030
8203
8637
1996
6273
5825
11
4444
1338
7649
4615
1986
3631
661
9338
7029
2442
5833
8691
3248
957
6919
659
2323
7479
7072
380
1395
8390
7261
1092
7144
3708
4968
9774
3178
4311
1388
2571
7286
5712
9220
6394
4018
1027
470
8127
4131
627
595
1575
6769
4876
4861
7342
1971
3389
7903
7308
3734
2800
325
4748
5407
552
2036
4903
3114
7739
5240
1332
9935
7669
2905
9953
1630
338
1421
8695
8005
9210
6300
3477
311
9830
297
290
9468
4883
1939
8114
2519
8808
2418
5696
6907
9072
9953
3237
4384
160
6851
6835
777
9895
2
6884
2558
5298
801
3648
3646
5135
1638
4328
7019
4606
2528
7457
125
8739
4231
7534
3444
2882
6549
4837
609
2795
4807
8544
1457
686
7798
845
8347
6800
6528
5457
7788
8125
3362
737
6038
3753
4182
9796
9724
145
8976
3443
682
7019
8870
8308
3723
158
7621
5236
5621
4318
8684
8504
6018
6225
6382
9156
8043
9778
8153
7250
2818
8146
2307
9555
