6401
4547
9944
8325
1693
3671
3254
8674
9134
1752
7759
7453
7698
9435
6398
6490
6899
7604
2983
896
4381
697
6946
8633
2501
7440
2196
9055
4335
6696
6328
4507
5322
6382
9679
9158
2267
4161
9280
4070
5512
728
9423
1569
5347
3516
3620
4838
6456
6429
2180
5082
8198
9546
8079
5788
9216
4644
9243
6827
2918
67
5520
3612
8465
7493
9409
7964
5546
3218
9619
2637
5527
3156
9376
1460
8752
7426
4205
5837
3373
3633
9920
3598
6875
3150
818
8643
6403
972
4193
8184
6367
5893
1478
4038
1265
5215
7908
1121
2696
1357
7779
399
3395
257
3479
7286
4663
5635
2609
8233
1708
5709
3876
6232
7071
2890
965
8452
4199
6650
5274
9275
7076
8640
8533
5497
5032
9750
843
1452
8688
8358
9134
3705
1399
1382
5279
4651
3282
1126
8215
4285
8999
4595
6083
7889
7678
3406
8859
851
2207
1050
1488
9271
7166
922
7285
6697
2402
6012
4670
3189
1536
3197
7192
5708
8715
5817
3089
740
4352
1024
3240
428
4271
9580
1545
9018
8017
8940
3550
3268
83
4086
684
812
4463
4294
588
8294
5567
9752
3701
9317
804
8473
3994
815
6415
5463
1972
3181
6014
4980
1336
6082
5838
9844
7040
3139
570
4983
6613
7151
7458
3543
8900
6899
1883
6023
3756
7277
6285
7609
7590
3709
5009
1373
8359
7092
2201
5200
2185
3325
5067
6506
7774
8278
5417
2892
8893
5887
7163
3438
7284
4862
6326
3391
2155
7562
5833
8647
7997
8007
9736
4467
3272
6541
7061
7992
5689
1341
3180
850
480
8447
2458
2697
6998
4076
1432
9668
3564
8396
2651
7819
9388
6037
5714
2728
9391
1356
8270
7191
5778
1618
7109
7835
4371
6806
3405
8998
4271
2375
2386
6660
3144
6473
9305
4420
9989
4868
4156
8858
3655
4936
3438
6336
5884
9121
1700
7345
3429
6085
988
3563
7176
3813
2933
6056
7061
1696
8002
5784
6996
2760
2764
6523
7565
1376
4519
5192
388
2823
58
604
3343
5448
6232
5677
7675
1740
6909
9242
1924
9840
7237
6112
9328
6169
4462
6603
1789
2293
2848
5625
1264
6486
6307
6619
3696
9134
5470
4666
5255
3636
9122
3588
7543
2960
6626
5985
4617
4661
1488
585
4070
3753
670
456
1642
9527
735
3989
2051
6952
1092
7575
9813
9106
166
139
5526
3068
9910
8889
7586
1124
6802
518
5693
1082
1221
9705
8931
2836
6733
496
8951
6516
3640
7560
128
9872
9483
2555
4068
6638
5538
6354
1546
7798
3299
5655
5694
9214
7899
955
8363
4173
5836
5378
52
8015
4044
764
1572
5005
4979
8933
4827
6842
3221
5465
9876
2027
2492
5210
9757
5457
6090
8565
6323
3837
3973
3223
4497
9917
3535
968
5488
9228
3056
8368
1944
8206
1294
3015
9642
7947
4464
3377
4335
2078
5340
8785
6120
2870
8959
4188
2961
2409
7159
4806
1493
5384
1039
3622
3845
5008
2915
2640
8321
8449
2027
746
613
5662
1557
1596
554
1543
20
754
8839
2886
6077
6692
6816
8100
3266
8708
5354
7506
3986
40
6600
8510
6330
3955
5202
6103
7099
2734
2733
8516
2233
6167
2302
2104
2618
2684
4818
7577
6481
8543
3367
1082
770
416
2036
9005
1963
2114
854
5636
9385
7797
5844
5117
8637
7261
6993
4709
9544
4319
4605
1082
3992
9411
5007
5788
1716
1191
8040
9828
9348
306
505
6567
3631
7014
9531
7076
6974
5358
6934
689
8798
1881
892
6453
229
6684
1100
3120
1814
1861
4667
4103
4914
6896
4826
2088
6385
9090
9262
8282
379
1444
1977
539
7083
2343
5946
1189
4199
4590
4207
2276
9758
7363
9943
3799
7196
5754
2588
5182
5442
2338
7064
3218
7837
5447
5042
2300
3697
9550
2156
4066
2389
1797
8747
9724
5952
7168
7155
928
6325
2828
5114
9074
5693
6911
4711
8871
4961
7143
4229
2812
6133
8108
9418
6251
3594
3539
199
4996
554
1066
2822
8141
3224
4901
5325
9387
4076
1961
1938
2643
6365
2886
5646
166
7188
2354
6179
5673
2581
7760
3421
7038
4968
2181
2277
7859
8458
7523
7878
9314
8992
2313
5471
5682
5873
1126
3607
50
4303
2869
7977
966
2971
8426
6347
7697
9142
8451
2550
8349
1055
1977
5401
9427
4101
1367
4236
5502
8038
7867
6668
7241
8781
4541
103
4876
9753
8235
9654
5306
7110
6579
6339
7673
5805
8899
5914
2187
4183
8075
9971
844
1181
5815
2466
2410
3722
1298
9283
5142
5402
4450
6907
6411
8553
7606
7440
8246
894
6910
1407
5775
2454
5534
7246
5471
343
2233
9443
5824
9888
8228
1387
3597
7076
679
345
6292
4785
3848
9289
3003
9566
3461
3857
5979
8000
3993
3871
1869
5225
4139
2365
9569
9903
9318
1421
4230
8952
9998
988
2649
1737
3916
3483
2907
5124
8753
572
7772
1295
4973
7695
1089
9868
7087
6769
5689
887
7159
6032
3739
4041
5161
2270
2018
8601
5216
9800
8948
760
1486
5362
1739
2614
3191
7259
7327
6866
1717
5640
9119
4776
5731
6048
2263
7120
1774
239
9848
7957
7943
5722
5701
4880
9447
8173
3107
8512
7938
4730
9196
2499
1622
6828
654
1179
5363
4756
5184
4984
1713
1924
8896
260
7643
2898
5606
3191
1367
2558
8167
3978
4997
3698
799
1798
2909
5541
8516
2829
823
7270
9523
9190
6817
5322
3040
7893
7121
812
6504
1618
6366
6771
4810
7796
5988
9843
5068
5243
2678
8966
3476
8933
6520
4054
923
5153
306
3801
8861
1917
5252
3763
7239
8970
7932
4713
7999
6806
5931
8765
7055
5981
2838
8287
1931
9704
8756
659
2756
4089
8310
7544
9147
7139
8467
5684
3696
5636
8695
5302
2253
8906
8038
1711
8375
8390
4697
4685
1810
3477
1054
3044
7504
5653
5500
6883
7773
9294
2363
6918
1951
8427
3648
6818
8259
2501
4502
1922
83
1884
5613
6822
8874
4750
868
5891
5593
1313
2927
1307
2522
3757
3664
6001
899
3220
5167
2916
9821
8571
1572
6113
6065
4523
5203
895
1731
4593
7339
1330
99
6317
862
5957
5962
3384
5301
6793
2614
3453
254
8467
2456
2759
2867
7786
6222
4534
1714
8338
7884
3385
3970
7882
8348
7414
3760
4133
314
1194
8535
2910
6477
9948
8130
1090
2172
4525
5011
8688
577
4637
8458
6958
7202
4894
8145
8931
8206
1584
8001
1072
9134
8618
1582
2533
4112
3755
2631
3105
9519
8365
6699
206
7058
6755
5097
145
3682
8021
1400
1831
6827
1597
2742
9609
6743
3248
9111
6712
3088
9488
9689
6106
1913
298
7151
2202
3554
7922
6475
7354
8670
1716
1206
4115
6692
6752
9058
6981
6962
8211
2692
260
9862
1293
8783
5321
1615
7593
5908
3276
4087
5610
9373
5978
7447
2349
2570
5850
8664
246
5977
8030
4355
2450
5036
4147
1224
1344
7303
2710
7632
488
7980
6934
7367
592
3186
8630
4617
3827
3030
7441
5468
2737
9795
4024
3076
2746
9506
7991
771
720
596
8028
4106
6769
8808
6008
6073
9558
5330
977
8250
2825
9452
4731
7235
183
1215
3389
7157
9865
5340
9192
3373
5488
1714
6762
6761
6626
6712
721
6408
2861
8826
6441
9784
4932
1821
4947
4372
7315
2404
9127
4999
5028
1788
7925
1277
3784
6592
3765
8585
1680
1090
5501
5874
4466
6537
4899
9651
2510
7671
5169
2223
1706
6718
4401
2205
5645
1561
8352
6661
8032
3957
8601
0
4619
4416
9140
9485
7039
8051
2289
2782
5878
1971
8623
7167
273
6079
5915
810
6775
8346
3814
3477
2173
596
955
2734
2976
8202
5309
9448
6225
1562
7478
6074
4369
1161
5282
9570
899
6749
2450
2360
8062
8563
3329
6600
6886
3059
190
8128
2835
6073
7570
7450
291
623
174
7172
8321
3189
5068
8265
7139
1198
1839
82
3336
6347
71
3673
2365
2976
5496
222
7457
5125
9040
4482
191
3276
6832
6356
8306
8671
2198
1438
3833
6205
1761
9713
4551
3267
6269
3391
162
4648
5782
9182
6142
8431
8065
2760
3575
5045
6155
1268
32
5809
4704
7125
7449
1874
9963
2028
1717
4831
4972
9955
2253
3770
1811
5153
6983
1944
7530
2112
9414
9282
1383
7844
2538
5038
2718
2274
5804
5512
9429
305
1776
1054
9248
6520
494
794
1378
258
4001
4352
5217
9803
9343
732
8846
3243
8653
6464
417
349
360
5440
1343
9251
4180
2035
8175
4010
4229
2238
3978
2851
5331
1308
4340
4643
4782
268
9801
6017
5640
5089
5035
1074
3506
8232
7390
6790
5141
8082
6472
2290
7708
9260
342
2628
8829
2640
5923
8856
6861
2440
1416
9110
8430
3752
2254
9656
7113
1693
245
6029
9952
6989
3180
7850
3569
2915
4492
3563
2569
7937
6782
8162
9693
2668
8829
2356
9035
1065
8672
4733
653
1611
1972
3140
8996
8113
6263
2037
6066
540
7676
1504
3650
4273
8861
3499
6626
2514
7215
133
4981
3426
9242
5892
5857
6783
918
3665
5252
9247
9680
8944
8602
5568
8656
7367
8346
6848
7830
1009
8498
2839
4748
1126
6617
279
851
9245
7483
3745
6949
559
7461
3653
4854
4154
2810
2184
7995
6711
7766
2882
8428
9543
1909
3601
4812
6739
8920
2076
7876
3834
7332
2497
800
3423
7165
6572
6271
1468
2528
1811
6070
9082
3036
5479
7910
2673
4898
9322
9275
748
5000
9950
5554
2365
5458
401
157
1132
7355
408
1893
294
1100
9063
2912
7534
3865
4533
372
2836
4504
5820
3877
9709
7228
7450
6590
2123
5106
6818
8145
3314
8074
103
5268
630
5813
6421
9657
5803
4251
1806
7187
8626
2821
4062
2745
9786
9509
7538
1328
4840
3066
9604
4001
1073
9467
3438
4892
8024
8449
4923
2159
2616
7893
8153
9372
2277
1152
2518
6553
6337
1009
8590
9962
9864
8245
7806
3342
3158
3661
1597
7365
2399
6340
9153
1050
9105
4575
3473
5303
6693
6146
10000
6487
7016
4778
3133
1979
7841
2737
6565
9191
839
6176
4512
5495
1844
3395
6403
1497
6239
7403
5083
6181
4786
8989
6366
3386
3663
9232
7208
5035
6502
9374
221
9501
781
7026
6720
3438
7834
5629
90
6014
6509
3348
7801
6213
9188
8107
9018
5291
5681
8906
6808
9124
3165
7796
1333
9345
9447
1357
5844
8342
1794
6998
9155
7103
6778
6368
2906
8313
2996
5162
4174
8022
4227
1854
1517
762
9895
3517
8544
1280
4653
8074
3253
2147
8024
1900
9655
8683
9972
1660
4561
3116
8875
9152
2921
3102
239
8753
6999
8894
2878
1107
4579
7057
8586
8750
6917
3434
7642
4290
2677
5097
400
1712
1355
2453
4189
7369
7260
8838
1256
9726
8813
9264
8310
2136
1385
3717
8380
7226
3112
4412
5446
7105
6583
7714
5802
2539
3008
2630
6633
9094
6009
8191
9594
2041
9637
78
9220
6126
9094
7582
4826
4546
2530
1686
2953
5243
5163
4276
187
3907
9114
9898
917
8187
9555
4913
2982
3831
7825
3436
8683
5292
7193
6928
8036
7890
78
4647
911
9561
1335
6721
3970
7554
5834
5989
6018
3569
6372
1556
2548
9343
2189
8440
4379
9664
6287
421
2516
7427
9279
5539
535
8864
8972
4727
685
7002
8782
4516
2398
6960
8518
1327
2615
4812
8383
1585
1251
8464
9262
3529
6166
8795
8289
9852
4753
5156
7579
9495
9237
5736
9439
6768
4372
844
9630
2872
6498
4827
4036
2529
823
5163
3513
8002
7462
7879
4955
1835
2433
8866
309
8224
8449
4331
3144
9979
508
6980
5936
8179
7686
6212
1216
7376
8624
2060
9568
2580
935
7371
4306
3113
2771
6060
6144
5340
6135
1390
165
3822
9107
5037
2795
1588
4003
8569
3213
2682
7361
1564
2345
4119
275
4043
6827
2133
4995
1991
8899
5145
4596
1540
986
8630
5844
7551
5879
3366
6235
7358
9500
6873
3775
5114
871
7256
9446
1412
4295
1056
8369
6353
6633
3366
8034
4542
9762
3935
3470
949
7755
1059
9888
9333
9845
7242
817
6784
6446
3446
1329
7543
2275
6236
6707
7242
6507
26
1618
8936
9879
1721
2906
5484
8372
2078
1864
6967
1085
1147
1829
9915
2446
6611
9560
2165
5666
7554
2186
9238
4746
8172
8061
5126
6063
3641
240
2307
3790
9373
6475
8725
280
7181
4889
6213
3460
7704
328
2743
7038
1288
2981
7659
2089
1156
8377
8724
4643
2856
5523
1787
4178
6761
6771
1896
5738
2954
4058
8579
7634
9267
7971
4469
1206
2933
5564
4890
8506
8385
8471
13
6294
9637
6747
9320
216
4327
9766
5130
1975
977
9746
9311
9114
4732
8232
5794
347
5133
1361
4268
9189
1448
6400
4964
983
4010
7393
8927
8539
9944
7840
1282
9813
6418
2829
3493
1770
2411
4873
8453
1657
4782
6603
7774
4671
2408
3117
882
6075
2502
4304
7147
424
8876
4808
1434
6692
8133
2734
7732
9966
1379
1939
7144
4752
5031
7226
3113
6439
9074
186
7311
726
4065
579
3207
8411
5226
8036
9462
2339
5743
751
5779
7134
2288
1645
7335
632
1680
7559
972
6333
8335
1003
7905
8494
2700
2394
7445
4651
1345
4942
696
3609
671
9525
1526
7282
1286
1190
5083
1351
5404
789
2942
9976
1488
7585
5894
8422
539
1052
9249
4836
5644
7492
8703
4331
6717
6563
4471
4516
5472
3814
9896
1185
3706
4505
4214
3475
6804
8515
4393
1894
3544
4904
6331
613
4161
8077
3309
3860
3405
2673
2050
6251
8752
9431
2941
4893
6229
5477
185
7011
9748
2058
2400
3902
7092
7980
4595
3687
5104
8479
2456
4133
8062
8204
209
9258
9850
8066
2648
6653
902
711
9367
3342
4061
4249
7477
8553
3684
3691
9211
5370
7638
7629
6109
6644
6584
1328
5804
3381
2337
2663
7330
717
3896
8300
1390
1361
5437
1260
5577
3076
9884
4862
8308
8938
9360
1232
8685
4746
4263
7549
1048
9323
1261
24
3384
4729
7376
1974
7342
4518
7795
4083
6727
7777
4947
7662
2034
1189
1413
9765
6726
4843
8073
718
7689
8833
2329
2020
3067
4650
7582
3316
4058
7525
8952
6968
4143
4976
7140
5861
1112
5725
7622
7524
945
1043
8545
6242
878
5494
8754
1511
3365
6130
2403
3359
4187
5835
35
4302
6904
4805
2253
5678
6621
2599
4976
3521
8165
7581
797
1251
1323
1578
9636
2449
8153
3494
3919
8827
2353
2787
5353
7069
5259
7226
8850
4878
4899
3965
2167
4279
8023
4986
6737
7632
9963
8324
8776
1259
4305
6093
4293
670
5966
5897
311
1103
5687
684
4308
8384
9202
3435
8265
438
2664
4131
2451
3191
6441
8047
9653
9367
6707
9527
8325
7658
9976
6345
7755
441
7421
9821
1046
2949
9843
502
763
4017
9841
8018
2974
8133
7971
6503
2001
5339
3192
7903
6256
5904
2949
4013
4342
1882
6540
114
5687
1177
3530
7181
1740
5781
5960
6926
2993
8178
1608
7740
7325
3299
9631
2184
1873
9944
2917
6633
7858
486
504
5306
9616
2091
1953
5032
3303
6492
3870
1273
8501
7206
6260
7354
35
1002
7026
7947
8152
5786
3301
8886
3043
1341
2936
6708
3131
6900
7823
4109
6932
4878
1948
7684
1727
1601
6322
399
4897
6115
2096
4438
1294
7956
8634
3339
1509
5282
6846
8400
1845
9540
865
749
8307
7291
5886
9977
142
6374
5737
5265
3310
8861
4924
7152
5541
6041
7952
5307
2169
3860
40
1462
9491
5023
3296
3244
9660
4812
4594
6730
5442
8355
3402
2485
8824
2041
4230
8809
6918
1047
7258
9343
3972
9978
9454
4870
5572
1912
1000
9646
6616
7608
4947
1308
7338
3356
6957
163
8947
4571
8983
6830
8764
4596
853
8136
67
1406
3426
5617
7282
3407
6335
4348
6716
872
37
4401
2945
9126
3012
5171
4524
5601
2154
6421
7685
3900
8632
5367
2710
9016
2962
2375
9409
7757
1252
420
7166
9397
6180
6466
641
1580
4079
1825
5440
4641
4805
105
2466
3389
1469
3251
5771
8074
1696
9331
934
8387
6941
5754
1005
1005
4286
4338
4803
3783
5791
9684
6784
8298
280
3245
3778
92
1477
7665
8080
3857
8692
1576
4649
4987
4659
6035
3144
3408
7484
5612
1101
9343
3312
4298
6571
4810
7689
1052
4269
7230
5168
9392
4356
446
2769
9805
2444
3923
9521
1255
1559
894
561
4861
2411
9125
8157
8547
8279
9129
8719
4579
8390
4
8690
3829
3253
386
8609
2613
3289
7016
7439
6341
6627
4518
3086
417
3146
7150
6762
7105
7038
7277
3795
8656
7451
2841
9986
775
2624
8126
2255
3319
8031
3454
1572
9220
7080
5001
5858
9378
4511
7273
8631
5389
3982
5539
1277
4488
2679
9625
5179
1209
2203
7934
8123
4114
7943
1513
3354
2765
991
7527
8107
4928
4722
3007
5940
1064
6039
8319
3619
2575
6638
1609
7549
5302
8557
9685
955
4443
604
5923
1589
6000
6078
857
3213
2608
7868
2789
9647
6352
2635
5344
4766
3457
7820
4625
5047
5112
5102
3537
4034
465
8409
3318
9480
1608
3275
3614
7591
3955
8777
6364
7768
6831
899
6345
5689
6967
5292
3301
3390
3637
5953
4096
1359
966
6039
922
10000
9121
9659
6685
657
7109
9752
5803
8286
7557
9190
4826
9114
91
752
9191
7429
3190
1118
7295
3321
5873
7315
9475
2711
7779
7128
2508
8892
7554
2967
6456
7747
69
4224
9166
4939
5850
8519
9090
6899
5395
4995
5751
6386
2499
5941
4664
5978
8042
1250
9135
8283
6183
5207
3685
5173
5899
2492
8987
9071
3293
8099
3606
1368
5103
6297
7638
2355
9704
9235
3968
7324
7710
291
7558
9503
297
7911
3326
6269
3083
523
5603
9425
5321
1338
3777
820
2548
8109
5320
534
7039
6442
4886
8777
4885
5181
8136
3187
562
2752
7025
6953
4216
5185
2013
2893
441
2060
4694
819
3079
6171
7215
9390
5259
3007
633
2175
9060
5753
7059
3886
92
7816
2075
3104
9580
6372
4046
680
9713
4974
5945
2217
1487
7368
4600
4611
6779
7106
2968
1159
4696
512
6905
1657
9591
6100
2543
3161
5636
2460
5034
3169
7144
2244
3613
4955
21
757
8389
2671
9149
9594
259
1578
9369
6869
1180
3186
1520
947
1105
3270
123
6723
9985
2399
5336
7159
6112
9811
3845
966
3340
2634
7381
7888
9980
1837
7299
144
5861
8274
8750
2780
8012
6588
3914
2589
2020
5392
4555
5572
9603
7742
1662
8933
2662
6369
1115
2604
104
8261
2024
8245
3618
4816
62
737
4069
3081
9462
557
4632
3530
614
195
6168
6893
9638
1561
6960
9569
957
6377
4322
5629
3806
8875
6062
889
6913
2985
8230
5784
9452
9225
9707
9559
5695
6972
2645
5754
5577
632
6778
2153
2198
6554
3853
3034
8481
6330
5322
6319
3804
4658
5503
6206
2271
6834
6116
9483
2854
202
7643
8685
9320
5073
9418
9769
569
9148
8035
3985
6689
2307
7406
8814
679
913
505
6667
2368
4070
2709
5741
4582
9764
5503
5509
4333
4448
5566
7092
1787
5978
9889
8278
1382
5131
6116
3354
5790
958
740
1746
4024
1836
6326
9813
5447
7347
6983
888
1213
3881
3413
4616
2457
8099
5714
4306
3150
6204
2941
2743
793
8317
2359
2044
237
1609
4069
1764
1686
502
1084
4119
2223
7797
6629
6417
6278
2079
9562
7930
5221
6213
9862
879
6545
756
9335
4866
5664
1719
3623
9379
6064
10
9228
703
1115
6362
9287
3243
6890
9889
9702
5601
180
6333
8079
3012
4990
9115
3181
9458
9448
8284
7045
901
8940
1280
2965
297
1631
6144
3107
4258
5002
1341
8294
6424
6717
3336
3989
9127
677
971
1148
7913
5955
1318
7528
3328
5783
212
5940
5221
8225
8523
3715
2087
2701
2522
5044
8904
4463
7942
6758
4704
942
8133
6045
6951
4044
3263
1783
8373
8030
4876
8094
6809
8388
2284
2667
7348
8445
1944
2615
8359
8035
2648
7103
9964
1098
9229
4023
6707
2966
2833
6038
3258
4790
9547
8380
9959
1156
1514
2143
5478
7270
9298
6715
2251
3982
8191
5168
6810
2625
6323
8673
2511
1125
6371
4574
7056
8168
547
3860
6835
3612
4074
9541
8482
1911
2979
8124
330
660
1468
6160
640
2719
3684
6262
6759
2207
942
8641
2817
2397
6512
9708
1573
7635
1305
3285
563
4846
8590
1708
4946
3103
6428
5883
184
8540
7942
3705
6640
5972
487
4585
9462
6746
6475
1950
139
2691
2587
4158
767
5503
8038
5326
315
3992
9876
2120
6564
7700
3818
9676
2735
1794
4890
579
9801
6532
4796
4045
9603
7741
2827
3840
6052
7310
1819
2153
1323
9314
2925
2291
5173
7644
4736
153
6294
2685
6336
1103
6769
8349
4614
8140
9526
2454
5813
6009
2782
2723
8005
5454
6677
1782
116
8551
6828
3727
2167
978
3370
8537
8278
8775
6981
3753
4932
1137
8638
8114
6663
2293
8874
33
6042
1567
2930
6625
2753
9965
8878
2270
1006
8553
754
2879
2392
3763
3299
6539
619
4416
7424
5785
2489
9145
286
3275
1597
6218
8993
6149
5729
4927
3037
9083
3152
5988
3534
4775
1552
814
2220
96
7561
7286
9750
158
3950
4616
3139
8186
1448
4240
8335
3125
4287
9970
3928
5258
6544
3096
3215
938
7783
3090
8039
4236
9614
2499
8777
4457
3604
7985
4417
3618
5933
4385
6761
1895
9373
6203
4881
6209
4545
730
3857
4060
6313
3346
8004
2457
3540
1888
4573
4501
346
5038
1815
302
6714
2833
3520
4865
9664
7820
866
8134
6519
6092
2250
2331
983
9186
1813
6144
9859
809
767
1414
6612
1603
832
5377
5566
2164
4873
1983
7103
7382
1194
995
4457
3637
8897
4853
9172
410
3418
335
4863
3792
7173
3160
3063
9762
8548
2196
2182
2264
6725
7238
8306
234
9889
1323
5657
8380
3578
1860
6560
8170
8290
4939
4067
9405
6273
3746
2746
1291
4003
2155
6145
2924
1950
6878
1962
7259
387
751
9754
1749
6907
4196
7462
4241
7568
4637
7104
417
6811
6877
7000
1875
5082
329
2681
2275
5382
3956
413
6193
3612
5431
9522
2504
98
7584
404
4330
5259
8165
952
6552
4675
4007
6065
5944
2363
9489
9241
8043
4725
6017
6343
4553
5906
2174
2535
6294
8769
7650
4677
7182
1671
7156
2226
3643
4117
2328
6992
2831
5277
3514
4212
1641
2395
4448
9268
4268
2669
1075
5657
6828
6135
2641
2303
6620
8559
8140
4725
5111
9861
3834
5270
2034
4035
9472
9665
890
9516
9712
7962
7
5265
877
3149
7647
7768
5826
8659
8983
7508
1415
3382
948
8885
5837
7881
5171
4089
830
2492
1829
3380
214
8077
5506
5500
6737
5751
8381
6922
3301
4849
7982
6145
4287
1646
8914
6109
3709
9006
3049
5786
1665
2131
4825
6895
2406
1507
5484
1678
4438
3118
9605
7832
2961
4029
5109
7670
8327
2505
276
540
1789
1714
6100
1118
9251
3067
7884
7183
116
4283
987
310
8122
9843
6592
6342
8970
8343
6681
2515
5282
4019
7061
7474
6297
688
3393
9454
6135
8310
8848
2521
9767
3784
7399
1281
3991
152
3098
5576
4359
5663
8032
9804
4379
4861
6456
2776
2716
4250
3390
1973
4422
5872
8612
2253
8493
8693
4144
7439
3653
8544
7571
9305
3178
9258
6982
7509
893
1623
3026
850
6995
9561
455
1806
1522
3614
9504
7667
9050
9272
1750
7265
1344
9843
4151
1150
7104
3341
8386
6032
3679
1048
3600
4702
4933
6659
2929
7581
346
9457
7913
3655
5122
8911
694
1856
7464
1789
7306
8506
5557
8021
1434
5228
8687
9057
4423
9477
107
3819
3416
2026
9892
4505
1548
3766
5046
7186
9958
1094
1153
5012
8401
4690
7904
2767
5452
3979
4497
865
3640
8204
2928
5780
5914
7476
2742
4424
5310
9293
1308
5676
139
830
4240
9311
8947
262
800
1674
4255
922
330
117
2613
4932
8522
9657
6371
3251
6081
4953
6591
9864
3330
8288
3239
8217
8229
9694
4588
4745
4483
6947
2233
1541
7644
5860
7886
2906
2378
1632
9331
4828
1922
5326
1722
3853
2498
875
9005
1631
6534
290
9786
5221
4901
7727
6100
2094
823
313
2956
5939
6892
1323
4511
2190
2993
2038
9489
8532
495
6338
4838
667
1414
6933
6691
4055
7476
466
3377
9740
7775
4307
2104
6507
9732
6220
5505
9174
8602
1124
1029
5266
7052
6546
1895
4796
8550
4382
1291
7465
9324
8521
5141
5193
4736
4125
1136
7089
5647
3011
736
8378
8438
9374
5568
1129
9397
2655
8973
8600
3171
9481
5142
5330
2000
4748
7106
9045
4732
6575
6282
4199
8217
8603
7787
4865
9766
3007
8388
7864
6492
840
8926
377
8050
8053
4684
6130
349
6213
4164
9641
5260
3170
511
6211
3043
1482
5877
6620
8652
5230
2940
5838
8403
5788
4878
5350
7440
7833
4723
5142
3459
1954
6852
496
7595
8405
1918
6250
9085
2890
4349
5348
3141
3609
3943
2410
6709
4486
4264
2336
3337
3195
8465
9754
1711
2023
6513
5510
4896
2010
7300
3459
686
3705
3707
1772
3852
2096
1469
4826
6059
9336
2702
124
3874
3819
8325
184
9754
6391
1921
2529
8846
7175
9737
609
6844
7453
7024
3084
7402
7152
7352
6008
2809
3197
4816
5365
9010
7159
5949
5279
6154
2241
6136
1541
781
2046
3637
446
1230
740
9519
2968
6139
9949
6741
9646
5902
8692
8181
712
4857
9684
7328
1827
3804
1534
7568
992
3742
6455
1210
4522
8364
3666
3930
5813
4120
6009
9249
4944
7511
513
5122
8096
7261
4807
6896
2655
9888
1721
1800
1683
1067
4497
8238
4854
3500
49
2382
5579
5592
9481
7383
1192
1115
8347
202
5734
7291
9862
500
7827
5193
2945
8650
4429
7954
2926
8814
8122
2435
1552
3709
8692
8216
5122
6892
6016
6953
1086
9776
8635
6915
267
2167
1389
5233
6753
2386
9587
5819
7
3420
3753
375
5026
1676
2104
2764
1130
6262
6083
473
9735
1705
2545
6237
3995
8205
8683
8137
6562
5539
9025
2659
9520
8503
1844
4044
3966
9179
8957
4276
8850
7756
5693
5073
1134
3674
6847
7536
7413
4403
29
2024
3394
4026
4439
3593
2969
6049
7829
7558
1956
3958
8216
5195
4409
8515
6029
227
7943
7341
8167
1238
6811
7345
2985
7209
1290
209
5465
8401
8576
6468
7039
9560
7766
5884
234
4314
8630
840
2300
449
4160
169
7101
1012
6761
9008
