1557
2026
2030
8874
5575
5958
9940
3450
5432
5392
1212
7480
7598
2819
7086
2942
3616
7165
8775
8005
3362
2203
5709
1965
810
2918
5874
3562
1177
3280
8285
9266
9056
2968
8488
2160
3055
4473
4568
9487
361
1004
8265
1923
3917
7345
2478
1769
4836
2270
7495
1379
3547
8548
5954
4588
2734
6890
4397
4090
5919
1662
8648
4390
4920
4822
4393
7664
6481
2644
8602
7172
8446
7115
2917
855
6052
8561
2500
5954
8970
6564
9150
9545
6216
5474
3529
9172
6929
3125
2433
479
4815
5320
9161
5161
6734
20
5591
7533
570
8832
8610
8197
4025
854
5074
8623
2231
376
4287
3757
7321
5647
5727
767
8569
7919
9443
3741
8111
2883
3804
2019
9322
5016
2036
894
9162
8977
1166
6777
9041
7563
4105
9927
4714
8750
1997
9504
818
6416
268
9559
5483
6530
5448
4770
5078
7315
9092
550
673
3088
6205
7099
9802
856
1314
7566
2665
6055
545
8272
3114
3172
7913
2321
1109
9385
9020
203
2613
8732
6360
705
4876
2722
9744
1117
6925
9282
304
5387
3118
9713
811
1963
282
8613
2515
1658
713
955
5249
6645
5595
267
7856
3224
4743
7900
5467
2198
58
5835
9737
3833
9075
3582
4550
8676
2299
9808
5622
2644
9000
1936
3233
4017
2482
7444
4112
3205
2181
4044
9733
2084
8300
5785
9907
4283
4861
2152
1112
8870
2136
9892
476
8309
7533
6320
9452
6265
4499
3844
9602
2244
699
5404
8545
5286
9304
5432
959
6967
7720
4998
2157
2764
162
8711
9784
6078
4273
5322
2530
2129
9206
1267
1755
230
2404
4225
5751
2148
9205
8924
3989
7801
3701
3024
6446
7049
447
9266
7044
3328
9680
2575
4062
8211
6449
8328
2689
5425
7196
7896
4789
2269
9526
8510
606
7672
5766
3075
8966
4437
9448
2127
5018
938
286
6599
4860
5733
3534
8650
210
83
1724
449
2905
9195
1835
9340
5515
8717
3803
5284
7682
4799
3445
2393
1994
8422
3202
7829
2605
7409
7641
5922
6060
2270
2603
4421
6782
5393
1339
9514
1800
2554
1686
749
452
4580
607
5290
1220
5430
755
3139
9243
1128
99
5412
7220
5151
5595
8690
8667
4448
7742
8628
4952
1656
9981
6852
1981
6818
4270
9478
9730
6718
8919
4493
5100
9439
7686
504
3277
5209
4184
5735
21
7233
2612
1301
3676
4829
3911
9994
9423
7626
7511
2256
926
1982
7135
1930
104
6888
2093
3071
5549
2852
1106
5273
8110
5448
979
1427
9592
3269
9175
2595
8921
3082
623
2667
4822
9995
1521
7326
5452
4324
7794
8681
4458
8149
7874
5794
430
2733
835
8753
2720
172
1413
4096
9616
7768
3217
4144
7904
6623
7145
3483
3613
2198
524
4664
2829
7750
1246
3830
7971
8177
293
9767
1260
5184
4390
1766
2159
9193
2686
3680
4606
359
7711
7760
6381
6869
3561
8824
6438
1000
1180
6263
3649
3491
1583
2100
5413
3030
4584
6612
3329
9673
4981
919
3578
7572
3658
5028
4199
5643
4328
9743
9327
6723
6303
3946
2382
4809
523
2077
8166
6926
8296
515
9705
9513
1406
3570
6816
8253
2192
2362
9449
4912
5422
4873
3110
7182
3568
4590
2040
2824
9299
4590
3954
254
4740
6134
1393
5080
6390
6137
691
8099
3382
1905
8342
7259
7717
4347
9719
6623
2293
9498
3119
4884
4687
3182
2335
5056
3149
3704
7860
5165
4910
845
2880
7527
800
6622
826
3874
7058
1466
7600
665
1876
7990
5079
1931
2968
4183
5505
7604
2444
9619
17
9362
5634
211
5289
4678
7259
7533
9241
7939
9287
3240
9336
1309
2908
5165
3663
2621
9812
2354
4046
8123
5819
4856
4895
3449
1693
4814
913
6934
7310
6169
2528
1440
3282
2475
1037
7819
1791
1718
494
6611
6583
136
1001
5838
4949
2341
781
2419
5699
2499
4877
3492
2704
6322
136
1146
5118
5540
6575
6346
3315
1265
1945
6701
6320
6302
2126
3592
4123
1163
7079
7194
491
7654
2204
6733
3296
3191
9552
4863
5610
6852
3691
9766
9735
9340
3628
1491
4681
2763
3811
1074
7174
816
5064
5598
6985
5461
653
2973
9405
8167
744
6776
1437
3667
4385
8191
6380
8868
2160
264
2593
2857
8614
8072
7633
6817
2265
5491
1826
6370
3541
8770
1539
9332
1189
9779
3681
2863
2753
2703
4013
8007
986
7930
6176
8505
2332
425
2701
3821
4588
5528
817
4264
8703
6127
9034
4566
2776
6401
9456
2388
1708
4305
6060
8719
8333
9689
3863
5987
3787
1865
7606
6093
9620
8272
7475
6942
6862
1107
1888
2406
5269
8574
7822
9244
3657
2556
2221
5395
6560
6466
6222
6609
9589
8873
6971
1944
5305
4692
2398
521
2333
6778
4291
972
2380
2454
4317
45
2851
8412
8661
4297
7668
7146
6027
9987
1202
4167
2459
8448
7064
1871
7575
5278
3397
2933
1125
1181
2699
8005
7998
2282
2955
1978
7251
9648
3928
7797
3229
3171
2939
4780
2887
2867
6980
7243
675
7767
3879
8589
1815
9483
4390
823
4805
697
9985
6093
868
8510
7537
3096
1083
8283
9767
6380
7268
1791
297
8814
4462
6210
7102
4746
7817
6221
5170
4710
3423
9951
3663
925
9567
8634
9388
5977
4854
7681
8693
8486
5473
9595
9214
8463
4573
1736
8855
8449
9489
3630
9126
4093
8830
26
8513
6950
2991
4251
7758
4127
1642
2094
2841
5991
392
4017
4898
6222
4600
4986
6985
8316
3536
235
1581
628
8730
4880
2891
3796
1195
4053
4257
6206
7977
3091
1276
3283
2406
9813
277
1403
7353
1388
7651
7416
3848
580
4880
5920
3679
1679
5284
2879
1392
4129
4055
871
1535
7427
8281
6033
6060
723
5463
7468
7230
4001
1404
8155
2708
7195
4894
6651
2495
3307
7471
429
1070
5402
5805
7935
7529
8917
619
851
4386
7656
6372
2323
7093
6462
267
4539
8747
9989
9095
8820
2163
7350
1196
3258
2666
9530
9994
9033
701
5841
2835
1417
4567
6540
4016
3331
9124
65
2913
1223
5202
817
7752
1595
171
1570
997
4121
8518
1921
1682
7544
5689
5436
8461
4086
1235
4783
1235
6597
484
1523
710
6080
6950
3783
2783
983
8064
1333
7769
4642
5118
4962
8307
382
161
846
5832
9714
7157
4694
7361
7957
7376
9052
8035
3337
423
9187
1549
7682
5836
4796
8493
3361
616
9683
2223
3639
8066
3269
2499
9958
4811
7537
335
8311
6458
7279
4273
6940
5034
2428
9751
5492
256
1398
3171
3728
5674
3470
8357
8927
9539
9667
53
5315
9847
9648
6743
1001
6953
4571
5498
7406
9595
3913
5064
2795
5720
6079
5293
115
3212
3966
2752
4048
607
1808
7810
2910
5400
7623
6902
368
9822
6823
5103
8647
6784
9867
8819
4298
3963
7857
3712
5142
5988
5866
2806
8820
5530
7897
614
6262
2209
656
1651
6132
8436
5299
4711
1600
4228
7117
7498
8541
5863
4367
5574
7280
299
5093
4955
6904
3982
5458
1796
1266
8847
6930
8065
789
1231
1736
6512
6366
873
5980
1535
6791
3138
8069
6067
3231
3386
6234
6696
9011
7531
9783
1852
6053
1065
3425
1136
8799
1444
1441
8749
6673
5641
9167
6690
8317
8502
2776
925
2837
1830
2399
2046
2730
1093
9407
7381
5345
5460
1022
7437
7941
8364
2050
7980
4383
3336
9467
5186
1730
1102
434
2963
3708
3995
932
1188
4572
8108
4854
3082
9318
5799
1015
2945
8040
3194
7227
6820
9744
2779
7736
4135
7822
3743
4573
6407
6353
6992
1553
1428
4099
7769
4891
7067
2245
2134
3235
9795
2648
5545
1796
5623
1798
5623
8390
6648
4178
4166
7527
9548
6916
658
4758
919
2312
989
1187
1769
8578
7373
5563
3766
916
8126
5656
2392
3373
4942
2053
769
9478
1353
4145
2167
7307
5187
9571
6846
3882
8123
7540
2794
3715
8482
4299
1373
4112
9657
5741
1410
769
4021
8536
462
6002
8607
4170
5330
5277
4830
3350
6434
3642
2323
3101
6702
239
2666
4174
5072
8870
7954
5725
5391
6663
6684
4535
4927
6525
7171
8315
9782
4166
96
872
3299
2617
3835
6833
3972
2944
1991
6701
6537
9424
4909
8706
7832
7439
561
6612
5504
4094
8154
5384
8105
9860
6960
417
2794
2555
2148
3629
8115
5184
917
9485
8735
6999
6752
8242
9447
4832
7206
9838
3444
9622
1787
4338
768
9375
4662
1701
2301
4644
589
6600
3301
3175
2077
1294
3901
2705
1531
5708
1837
4533
2399
6911
6552
4271
7544
9152
8852
5705
5718
2117
1297
8436
37
3318
7780
4098
5075
2039
8886
2705
7677
3776
3909
94
137
2000
7581
7057
2532
9207
9439
9398
7579
4687
7257
31
6425
5662
5544
7680
7769
3133
11
4309
9293
2627
774
9309
9438
1864
5
7875
5615
235
2554
5417
4239
5169
4394
2821
1406
5416
7646
500
1511
7779
1728
2190
1957
3307
5768
8590
6467
2180
3291
8347
8057
3780
7041
72
1746
7328
7828
108
9166
4158
350
1756
4181
7411
2702
4367
3850
3384
4321
6305
580
3587
7579
4720
1916
4440
5285
5127
9764
4179
1121
5169
1172
8990
4306
9082
8723
4877
1436
9566
9451
6960
2250
104
5498
2803
6619
3500
6808
815
4716
7962
1173
6935
2305
3300
6006
4732
7088
1848
7278
1569
2036
5081
2516
2176
4598
4665
7511
3823
7676
9770
3893
5484
2053
9678
3447
1411
5939
3503
8857
2691
6920
7458
4642
791
4449
2424
5217
8756
5465
5735
8167
906
4760
2169
5231
8637
2048
173
4895
5608
8119
8417
3469
2433
8512
3193
3786
9769
6100
5465
2656
402
3829
2699
2040
5515
3624
9416
1324
5930
2990
7731
675
5345
8911
1900
110
8187
6426
8938
3311
1372
1980
8913
2517
640
6616
9048
3263
7660
1424
981
7549
826
5994
4780
7914
4887
1245
815
6065
5262
3734
3954
6143
8633
80
7834
6738
8960
90
8364
4986
1596
5378
4490
8490
4661
9584
3794
2003
1407
7359
5901
8685
5855
8347
8455
7904
5188
981
2184
7635
4289
6320
7841
2497
8169
9836
8189
996
9218
9696
4544
4423
5122
3944
1581
3575
4799
1633
1687
8095
6498
257
7865
4693
788
458
7819
6334
8355
299
7629
685
4571
9057
1027
7122
6903
9329
6771
297
8578
1001
9321
5439
6376
3611
3636
9810
2089
5068
1814
6617
6987
9235
2413
5168
264
5687
5048
741
8303
5857
9021
3903
8373
736
7565
9663
4779
4777
7278
4509
2035
5450
6485
881
1996
2568
5477
5129
568
9708
5607
4459
7073
9799
8108
6052
6306
5495
4833
5949
8216
4095
7377
1561
8590
7399
6245
25
956
6893
997
559
1635
127
3385
9830
5786
9442
829
9123
708
2195
3823
880
9486
3698
1415
2218
9186
4451
7586
539
5448
9113
2748
4659
4512
2004
9978
2083
3803
9173
7202
5881
2046
5128
1343
263
2791
5525
1841
699
7962
8978
3103
1905
1639
7724
8132
1659
9503
4197
9352
6465
8435
1260
5956
6773
9903
2689
3248
6355
6607
4007
2496
1388
7398
6853
6023
8778
5762
4091
7238
5178
9303
194
4912
5525
7047
5965
358
6265
6192
2913
6445
865
3446
1494
1413
3394
3072
2685
7298
8414
1700
6994
9556
6694
5301
6218
4252
9434
8751
7505
5259
3102
3901
5527
2380
5214
5866
2503
8182
1411
3829
9096
4703
3081
5335
8194
1414
7031
9624
7060
6931
7625
7938
848
8036
7099
1260
5125
1608
2554
3456
5067
9997
1168
2671
7436
9794
3358
6575
39
1783
177
9317
2504
8161
3607
7887
4479
7782
5844
8668
4276
1835
4761
7533
3710
5165
4594
6981
9771
8191
423
4884
2000
8440
1147
6646
6228
5476
218
4832
6362
3195
2785
2455
956
6816
5379
3998
9694
3083
295
3902
9313
8873
3473
9474
9002
3626
5891
3322
9484
1678
502
5523
6344
8923
869
415
4148
2991
5266
4701
8841
1843
996
8677
4008
8144
7406
6852
4335
9455
9955
7336
7384
6231
5354
8541
1784
2288
7742
6486
6872
8333
9440
7292
7766
2270
3557
5066
269
4641
1206
6698
8164
4325
4513
4925
6697
1443
3796
9000
2057
5214
2683
1015
7669
8959
3142
1989
7502
9659
2030
203
8665
5791
479
2068
5595
9223
2285
7282
4403
6730
7231
6092
8447
6875
7301
3121
7399
1006
9917
8403
6207
3233
142
2208
3186
3025
5386
928
2729
6332
3023
1629
3017
1961
8165
7458
4065
6317
8925
4397
7512
5195
8697
3668
5751
1915
2271
3642
5817
507
7223
8618
8921
4948
5726
2223
8414
8789
4881
2185
6131
7926
257
8518
2789
988
1584
9897
5668
7146
7455
8
5147
8913
2184
3637
6451
8124
9098
4600
1830
6395
6312
4872
2689
6554
7265
2253
396
2379
4700
7813
7237
9828
3317
7591
1783
3336
3058
4032
4351
5652
9805
9364
526
1182
2721
9861
4424
3268
6271
4150
164
1477
5540
8893
6183
5926
4125
5901
9082
2028
3216
7157
7090
6074
8861
1796
3970
6059
7973
3719
5174
4432
1745
7213
4222
7520
8509
257
1679
833
1038
2800
2577
4517
5950
4370
6810
317
4097
7721
7815
9106
95
8239
6505
2566
7223
9693
7532
9283
4854
4692
8426
9253
6389
5168
7246
9021
5885
5372
9615
6381
8890
8219
5037
9171
70
1455
6480
6724
9738
8857
4859
418
1183
4456
3397
8718
5196
2674
5003
1158
6482
3917
3858
6051
4343
7608
5424
5347
9367
2727
1464
7847
7758
7252
2268
5382
5900
4243
7838
1247
7547
5944
9528
7040
7247
9658
6772
4780
2878
9103
3811
5739
9759
9317
2021
9753
486
6887
8071
1334
8174
868
6399
5093
7458
7931
4155
8281
3116
6350
2026
7287
1432
6663
7726
6306
9950
8715
6898
2380
595
9028
3859
5563
6514
9416
4352
7403
922
8701
622
9490
8417
8539
2772
4731
2123
1974
5561
2459
3522
3366
5826
3958
2390
4758
3190
6133
9713
356
1307
1477
6649
1033
462
4231
7608
3689
1338
2855
6516
2462
6497
1527
8992
9666
9300
2916
8978
7540
3241
5309
741
536
7211
2883
6277
7032
1397
8818
896
6707
2221
3483
9262
4880
5539
2734
2692
3847
386
6392
8914
525
318
4799
9859
8747
6374
6717
6786
7596
4787
7290
1750
5912
8759
6410
9423
6397
830
1958
2655
1978
1744
6126
8032
3727
3634
9065
2562
2580
1188
6015
8955
341
1967
7087
7441
5690
4627
1650
3146
9598
8752
106
3083
493
4965
377
479
2649
85
2540
5385
9454
9072
7048
2117
2864
8020
8890
8222
4645
2671
9408
6801
1172
8702
754
9124
2669
9018
2751
5538
4891
4394
704
7018
6587
2146
693
7789
4069
5855
9881
409
7884
414
3171
8559
5174
7390
8657
8142
5206
8146
9436
4945
5467
5679
6627
665
7516
4444
3105
3588
5052
2395
2079
7162
2812
4568
1542
8234
1000
6120
3130
1958
7734
9883
5034
9049
9824
7019
4543
9367
4439
8843
917
9686
5967
8600
4334
6793
9705
7403
33
4532
5273
974
2605
2222
5778
89
7731
7855
9891
3131
8643
582
3889
3726
623
1168
3323
6371
372
514
1336
9950
5180
601
1812
5878
636
3885
5093
66
9761
823
3483
2010
1401
9039
9008
3557
5085
3259
8899
5572
12
1411
3270
4025
2622
1613
6119
2280
571
5170
9528
1379
950
9742
4510
6608
5877
59
1818
6008
8385
3701
9077
4985
7231
8682
627
4481
8432
2246
6921
8924
5937
3570
2
275
6078
4850
6890
9660
8519
9404
7898
8835
212
3607
5659
9042
5352
1620
3789
3009
3685
7510
5593
6934
4155
4270
141
1760
4473
1647
7683
2520
9724
640
710
5619
5832
8784
4949
9528
8830
702
3523
4364
8221
9993
9500
6744
8042
6187
5632
6188
6898
6606
3545
3385
1181
7799
6035
4708
7614
4697
4095
2057
483
152
1885
2679
4726
9932
103
6811
9843
3514
6656
8611
7473
4473
264
2289
2632
1181
4089
2044
5223
7184
627
2179
5077
7140
781
581
7289
29
541
9741
5083
7802
6103
8823
2197
9789
1206
7870
4393
4940
500
9098
8593
8248
7521
5752
9341
9959
9553
2889
1128
628
2136
9448
6499
6055
9020
3503
5635
6666
2907
3037
3989
7654
1718
573
854
9703
9309
8483
2177
8572
2791
6312
9817
7938
966
2112
9615
7311
8016
4979
5640
4176
7880
1880
7837
6071
8036
9561
6748
3863
4168
5732
4840
9551
2704
5581
5008
470
8647
359
4222
8808
2849
4929
9111
8481
1147
2475
3735
6498
9803
3133
332
4737
5348
3889
1235
2114
7927
7432
1803
8589
1068
8544
2423
7228
7795
6801
5474
8324
6038
1252
978
8859
3195
3213
5922
7032
2878
4647
6601
558
8366
728
6306
850
7690
7699
8387
7457
7893
3419
4693
1083
1104
6704
4870
2118
5748
4374
6958
2965
9595
1758
7702
5099
1577
5473
8187
5300
7634
4518
769
7430
2461
9762
1942
6340
2960
5919
7843
2161
9459
1795
7465
2258
6811
4482
987
7645
269
5944
6534
8291
3017
9649
8530
8565
7629
3330
3294
7608
845
5247
4899
3257
1995
7696
5748
4404
1269
5476
8355
4663
7703
6751
6185
7605
9392
9358
5501
5073
7699
5492
3399
2990
2383
1040
6997
3663
8429
8116
2482
8517
8827
8003
9329
2380
3643
6972
8498
2934
5374
3738
6390
3103
8495
2218
2593
9
380
1165
9640
4447
9406
9481
8510
7731
6347
3655
4136
9558
8701
8254
6903
6721
4648
2232
635
363
5593
5783
6659
7938
9084
7370
1872
7969
5319
1793
5930
7736
4410
2139
7804
665
1881
1171
4572
5637
4796
8076
4509
9269
489
9507
495
7320
3189
7987
5974
9688
4869
7220
5200
2060
2162
6409
5176
748
3834
9339
7298
49
2639
6471
4359
6615
5953
5757
5449
795
4616
4249
8847
3638
3800
850
5535
5895
2993
3545
7237
6915
6513
3039
2024
4964
6128
9913
755
3257
3439
6505
7172
4791
5298
845
9927
69
9976
1479
6683
5914
5033
6695
8239
2128
9957
6352
9313
2703
2063
306
6152
2734
1715
4397
697
7430
7112
2543
3460
1711
8450
2486
3594
8052
2694
3412
808
7154
521
7199
215
3316
4441
7228
1121
2538
3820
9192
3040
9373
2388
8635
5757
1792
5145
9626
4740
5609
564
8787
3277
6595
4635
9763
5389
7531
1863
3941
5506
2550
5348
6447
9303
546
1262
7933
8135
246
5735
6076
3001
2060
7948
6619
1229
4708
7585
7220
8072
4122
2827
4627
5386
3570
4848
4082
38
7691
4608
9994
5489
5426
3374
3994
190
6435
3201
8669
7838
692
5750
2041
5132
1890
1522
8168
5697
4207
6750
6680
4963
3805
1980
5208
3198
6361
5641
2333
4148
3903
531
1352
9880
9305
8428
9247
5409
577
7557
8951
3053
7682
7934
9962
4123
8323
9339
5830
4193
8218
8566
737
1699
891
3153
7040
3515
2590
169
300
5747
9300
2801
6033
1475
5922
3299
5946
6341
775
3221
7688
7033
8125
6534
6073
3466
5706
6950
2952
1779
9827
1055
5471
7769
2560
6117
4088
273
3643
605
4074
3710
6028
8873
5758
9433
4257
2604
5349
6442
6956
8932
8675
8600
1567
4928
3740
7064
549
7142
520
3643
3426
120
4464
2821
6690
9767
5010
3578
5477
1729
4678
8464
4926
2083
9922
2810
7995
8756
9708
4261
5772
8720
3029
4976
4839
2931
5729
7137
3740
6053
3023
2837
6369
9228
8640
7482
5512
2633
2147
7097
6455
5578
340
578
5489
3512
5660
9849
2720
6892
4265
1255
6372
2522
6949
2628
1427
8547
530
7374
9730
2714
8120
5738
4250
5681
3837
3436
5831
7302
3522
371
7939
4960
8601
2414
4060
8932
5747
4680
3866
3221
4703
9826
1061
2742
800
6800
2058
5728
2376
7038
8546
8098
3177
6351
6752
4837
788
1732
7974
2726
1827
6510
8767
5768
7881
6485
8332
8374
9682
1954
3405
1998
8320
2163
5958
4498
7305
5574
5849
3992
8907
6243
7462
1422
5315
5707
3071
6739
2523
8014
2277
9296
3494
5792
1530
7304
936
520
8257
5718
4343
3009
5105
1517
7237
2640
2598
8104
9543
7644
9287
3287
8282
3922
6552
3384
2065
6926
5247
7761
5959
5688
4243
4008
318
1737
3646
8554
5907
1994
5540
9359
189
393
6433
1896
473
9511
5810
7449
3399
7971
8363
4870
679
6178
6321
7195
3531
4175
9932
2254
7014
9270
4556
6660
8633
6489
1654
6226
8408
5575
7081
5030
7692
8244
9987
5038
298
6530
2372
2455
8323
3092
2325
5124
2190
7276
3287
6183
3022
8514
5217
484
4703
2156
5154
5615
235
9224
2593
8599
908
6277
4091
7809
5669
2313
3233
6699
2585
4663
3219
6817
853
3226
2436
8071
7856
3371
4978
8977
1281
8637
7574
3566
3151
7780
1372
3139
7238
4597
6952
171
6484
2889
9493
4515
1810
7186
3889
3563
3082
927
2085
7935
8328
2894
4023
9836
2714
9214
1839
8570
6148
2592
5652
2883
9154
4215
2597
5955
4723
202
808
8336
2913
6391
2963
1953
8042
4348
5005
3797
4958
6268
8028
3431
7466
2325
8673
581
7204
3496
2785
4578
3036
6281
3738
752
1635
2761
3913
8647
2732
2636
2377
9433
2534
6638
7298
2895
2358
2087
6532
6987
8920
7713
971
4618
8833
7434
7867
6653
1438
7121
5346
5811
9619
4221
1788
6142
8696
9925
5550
8847
5642
9359
8704
1616
1694
1177
7106
7820
3818
6292
6015
314
4480
5269
7930
4015
2819
9142
7852
8408
7829
2201
840
509
1269
6098
5081
6407
5175
5037
8384
4541
4339
7612
5639
2688
3813
6870
898
6992
4077
8804
6481
1773
2364
886
4234
457
9939
1215
4855
3229
1431
8420
1433
1660
9229
481
7654
2992
5645
4775
1931
7661
5736
5618
8149
830
3848
7734
8287
6168
3250
2732
4307
3626
9257
939
5770
547
8552
9420
5504
4052
3915
5221
4938
5593
2854
8328
8871
8395
7380
7696
2446
805
4441
123
6317
6962
5954
268
5612
7185
9681
1980
6593
4048
7776
4774
4616
2460
5996
6490
9130
2096
7180
4692
2830
5159
9193
5426
8680
9283
4493
1993
915
2207
1992
1837
1773
4993
9431
4034
3217
6838
149
1237
2090
4006
3801
3236
5190
6904
5321
7997
6828
3961
7784
3499
5920
7970
3092
510
3699
8616
6115
7604
3953
1885
3491
7933
4176
9149
4204
8479
6552
4915
3867
661
3296
5351
9061
6135
6351
8496
1073
2580
8474
5231
3438
6535
7723
5529
2558
8832
7291
1639
3318
3567
91
9359
477
4894
7567
6500
7331
7838
9032
1784
913
5695
5460
7033
8786
6395
7777
4075
3509
5554
8049
1489
9165
4563
116
5928
178
5414
5218
2795
4444
6649
5698
7251
5194
5433
6053
6603
6527
8083
1556
4363
7463
4807
1556
4349
9448
2811
9866
8592
2732
1027
9797
6758
2774
903
4236
6406
1334
7363
5777
9807
9192
9862
1199
8253
2773
7437
5801
1845
8992
3005
4386
5606
8301
1841
8833
1460
6438
3653
9416
4980
3510
4733
4362
6156
8107
6316
6571
466
3180
3258
5666
7680
161
3211
6032
6691
170
31
7362
9596
8273
1921
3709
9659
1989
1296
8316
7426
749
7502
5295
5256
4977
4862
6495
9990
1273
4258
1511
4650
7535
3558
7131
5360
2261
148
9976
3059
8455
9077
6225
775
9570
4359
9889
2074
7441
1972
7951
1993
6860
6013
3950
3596
9251
5472
7031
9965
3985
7246
4220
6596
2335
5325
9364
4188
970
1481
7411
6327
2479
5784
2794
1567
7325
5039
8776
9472
6488
2213
8281
4116
2095
9664
2960
5076
7509
8898
794
1934
9135
1565
3921
9093
8775
2712
3190
5685
3557
8139
1530
4424
6656
2911
6901
5628
4127
654
7067
8036
5363
9340
8032
9270
1579
2859
7375
5844
5253
4053
5484
2675
5764
5655
3224
7909
9141
1753
5839
2721
8729
6884
1943
2616
1443
828
2457
89
847
9029
7099
1391
819
436
4517
5121
1492
1071
9876
1754
2898
5938
8659
8852
8108
2794
1764
5492
8285
9476
5341
1695
131
2096
8724
9175
7506
8203
5227
3036
240
3573
9528
8464
9542
9333
9890
3990
8662
5347
2352
9296
5723
8028
3150
4888
3461
6265
1455
3763
9201
772
1197
1608
2135
341
5892
4175
6634
1071
3272
4358
3239
6766
7280
2331
9132
5865
9578
4364
2081
6622
8562
4623
4061
5092
4853
6629
1094
7950
4215
2346
8449
5450
4315
4926
408
2457
5660
4672
8734
8140
8136
6898
4793
3317
7022
286
478
9790
6488
2143
3878
2884
5811
4326
9236
6181
2497
4406
3205
4483
7754
3547
356
6309
6038
4896
3067
7663
6151
8229
4546
8403
2671
4510
4533
53
2565
2472
93
5544
5638
2567
9627
3939
4887
2357
9421
7391
3777
3833
5758
3008
6938
586
5742
7707
2808
6392
383
3270
7505
3719
9798
2160
3108
4951
8885
4766
6202
3001
2567
7006
9677
4554
5035
2672
6422
2394
1483
9928
9461
7786
6
4477
4807
2819
8788
1179
7955
4989
477
3538
2761
8444
8334
5163
8462
7189
52
3295
7391
1104
2374
6332
5391
3591
1578
1258
667
6889
9785
8673
5669
7110
3187
3367
4075
7764
7342
5805
6894
8922
6438
6855
6808
2176
789
2814
4061
6670
965
979
1648
4005
7862
2087
2682
9573
4074
5842
6039
9315
5083
1507
5043
182
1174
3426
8849
5894
8262
9412
6431
8714
4152
8503
2815
3807
2507
9865
7962
8928
6658
1357
8345
9867
4550
9539
8761
3883
1404
1828
1344
2953
151
3522
159
4816
7618
830
5389
6998
9261
9164
7891
1226
1636
85
6770
1818
435
1340
4615
7284
4545
9037
1407
1520
9870
22
4941
1900
376
1509
1675
2773
8874
1724
6432
7940
6611
1078
6675
7504
978
5966
1997
568
4145
542
9051
5770
2941
1621
5163
4339
6366
2114
2915
7420
8686
6933
4152
5459
3585
3031
7360
5102
3204
290
3094
4403
9456
3062
9580
999
6138
3487
6840
9229
1795
713
7409
1088
2980
7860
159
9603
6764
3265
1451
75
4895
9662
5141
4834
9001
7232
1332
9485
1618
6808
667
7114
1061
1473
2125
534
5116
5217
8945
3474
2155
9296
5638
6209
9678
9467
996
8888
696
8961
2623
7863
2956
1731
7114
6584
4087
5990
1409
9902
837
3658
7235
8998
5648
4662
2005
863
1462
1043
3954
3720
440
96
3947
2041
6855
2333
3569
1551
7981
1860
6108
8739
4649
8505
1685
9338
4052
2273
2970
9657
1319
7955
1641
292
9322
5999
7164
1667
2088
5495
3639
7820
4750
4379
2472
2638
2814
9835
3724
2908
4289
3959
8128
5705
7800
5601
3668
9349
4473
7599
4476
6089
510
1005
7248
5633
2347
5983
7904
7772
5932
1878
5733
4133
9821
4737
8406
4834
9111
8042
2382
5869
1077
3967
1357
7144
9880
4603
9555
7897
7352
5288
3777
9880
2194
3782
2422
9778
4908
975
3787
8431
3174
2141
2415
7580
5999
3163
2312
6338
4834
850
8613
122
5660
4200
3650
5249
4120
2959
6450
5407
7893
7555
6655
3745
5836
36
6649
1773
2947
2358
4516
7515
3127
4453
5809
9277
8004
2789
124
5389
7350
3955
7681
2849
6356
6922
6869
5313
4953
3453
740
8944
7933
5158
9490
5994
4846
6322
6114
5713
5874
3711
6122
2458
6971
7366
8418
632
7207
6007
9420
7109
5103
156
7552
8423
635
6767
6818
4127
708
9459
9966
4024
7762
2483
3136
3046
1675
8319
492
9174
549
9499
4852
4977
6814
548
7431
6972
1389
3530
7702
7759
3036
3528
6419
9436
5263
5149
2372
8597
7245
4319
1482
5534
4677
9486
7889
8046
5065
3964
4516
4756
6007
3136
8761
5977
2226
2719
2900
1182
4240
3487
5230
5052
4672
3216
3981
5087
845
5605
9562
7525
9981
1415
9539
5648
9280
1334
999
2356
7693
3913
6795
8111
9765
6615
2295
4855
9035
7336
8294
349
6011
2446
7122
1278
2887
8663
2247
9729
7517
2299
1272
6976
5828
1878
3616
7391
9388
5439
9227
6604
9435
6857
2056
6454
8309
8351
5102
1898
1406
4806
7562
6978
325
2832
4816
2926
9466
6033
4967
4872
8420
9022
8035
7716
5090
7586
9837
244
2901
6461
2880
9896
3476
6325
8006
9880
4587
9281
287
9980
9092
8311
1135
5831
7499
4759
5595
5403
1614
9814
1130
7166
6908
4090
5426
5681
5904
3550
8220
7873
4267
7780
2521
8464
2216
4425
1078
4218
230
1105
8832
7617
212
7676
9353
644
774
1521
1319
8647
1372
2269
4073
6189
8399
809
9004
8410
7802
1009
9920
4525
65
9645
9131
8594
7336
4262
6722
9261
8878
3521
8617
5791
1609
2343
1724
4780
8284
3006
1150
2908
1667
4671
3238
1141
1155
5318
8955
1516
6877
7851
1607
7761
7720
1704
5571
4455
8171
6084
4492
7332
7147
4713
508
7720
7383
3972
2702
8891
4748
8239
3906
9630
1942
1108
5356
3545
2050
2857
5515
8998
1047
8812
6507
5543
9646
8396
521
284
9764
3259
3328
4700
4703
4710
7897
1250
828
5957
2394
6824
8249
6876
3151
851
52
5204
5319
4031
3745
5369
396
2518
8632
9652
9238
2612
2990
7513
4372
7703
7858
8823
8792
588
2741
8811
3674
6834
2270
3539
8579
6571
9506
4342
7994
3386
7777
7790
4839
59
6186
6540
9932
4388
156
3151
4790
5470
3998
7686
8920
6773
2793
1760
227
8624
3543
545
5347
6698
7221
4840
4313
1016
3033
9299
9865
2973
3641
701
6250
8536
7033
7340
3355
1391
935
5676
4966
2328
5692
444
6212
2846
3108
8963
8227
2692
9129
5459
9245
654
2479
4919
8422
5821
9868
2409
3192
1445
9152
3167
7248
1676
8462
9122
3325
6294
6646
4649
1857
9522
9205
9239
4970
9160
5507
659
8155
1857
8695
1107
2577
6232
2966
1814
8583
4746
2250
3804
3640
6488
6038
3245
7714
1107
9942
7474
4788
1548
7533
9088
9613
5623
5370
612
601
6105
4383
7104
9552
368
7096
5841
4954
2558
3035
5621
6048
5892
3975
4905
760
9390
6750
5898
2420
8638
7146
5292
7478
3569
6808
9156
8119
9998
8595
4434
9737
3508
9642
8755
2099
935
4783
3158
7212
2407
2462
3860
8430
3248
3037
6896
9846
8563
3151
2831
9706
3544
2785
3557
5525
9917
9885
3584
8286
263
2784
9825
919
5895
9003
1628
3666
6504
5793
1467
3684
7936
7201
7424
202
2081
1512
8743
1637
6360
9409
5069
4188
3810
8398
9981
3431
36
2956
6475
4945
5818
5564
7138
5420
9064
9246
3695
5088
1487
6102
7925
5653
3058
6696
8549
8651
1009
5492
1083
2139
8770
3708
9778
9154
4339
4981
7073
6821
7386
6721
7590
415
6327
9983
3483
5524
8485
2776
3788
4312
4676
8106
5604
781
3092
7327
5977
2728
3455
4496
8272
9706
8345
9391
8245
45
9433
9940
7687
4241
7103
9106
3192
9359
779
4264
5423
1112
3389
3693
3189
2639
5179
7078
6893
7461
5046
2289
1628
4731
2474
4546
285
5772
9629
4104
6442
6735
6081
6398
1810
3296
1187
9791
4259
2233
8045
6329
592
2328
6533
719
8520
9733
2407
5727
6481
2033
6832
6336
8845
439
7670
6411
3585
3674
9732
821
9289
4691
1545
6801
1540
404
9516
5746
9817
8203
1635
9101
7274
5900
1391
1510
8324
4830
5797
1936
6199
2544
1073
3750
9449
7575
8049
5065
5827
1168
1930
7014
8197
8333
6941
516
8027
1755
2420
4303
5521
2766
6851
5360
9911
7962
7783
2796
9644
572
842
8317
2702
7893
4370
9389
7810
4542
4735
9343
6898
7481
9425
306
2134
337
928
5922
3932
9375
9805
2505
9012
7445
5129
4092
6734
8156
8320
3042
4273
299
789
7450
5494
6475
258
4061
6841
5712
8166
5319
7019
4228
7779
5869
3867
461
5583
4939
6361
4943
6596
8195
4373
2245
3720
4176
9900
4760
8335
4807
5954
1082
7217
2372
6113
9986
2678
1749
1848
3863
286
9847
5600
6016
5818
2554
5286
5612
3652
8343
1531
5453
6868
2235
7843
1173
1266
5748
1699
7913
4773
6957
6717
1735
1018
7721
4779
3657
8638
8544
4357
332
2105
4484
4164
1836
8433
6810
6920
6704
4202
4984
7165
7308
3927
7019
12
813
676
961
4227
5725
8219
6369
9223
8540
216
3200
9574
8344
2020
5960
2768
3606
1285
1571
5166
9665
3921
5558
8996
5972
3306
2800
368
3698
2711
8140
2361
2918
4176
8531
8987
8278
41
4624
1498
9028
1872
8259
7447
6217
5633
9721
7775
1480
6789
2486
2384
1604
2352
2024
3
1398
4880
8284
2431
4924
4417
4809
6360
2481
4581
6436
3189
7730
3943
7407
9924
1254
9490
8091
1541
730
2861
3971
3302
9869
4938
4756
4691
4216
8361
8070
5066
6710
7771
9093
1524
786
645
6907
6151
8851
2514
8537
4482
8816
6102
3116
9864
6568
7725
7072
8818
2921
2640
9949
7608
4174
1914
4377
7579
8232
8411
983
283
1165
4268
2100
9588
2071
7503
7439
9569
8086
2245
9014
1952
6389
2517
9977
7386
428
5599
6474
1938
5876
870
1688
9627
325
894
6859
7481
2148
7465
156
400
7654
7444
6979
6219
1168
2639
5447
4548
2909
9106
897
5527
2587
3305
5237
7254
3919
6350
3254
3907
772
9149
1808
3144
8509
8895
2007
3405
8320
1081
4022
2788
1856
5390
5072
5876
3987
4988
483
809
8575
1362
8604
3847
9515
7822
1
1348
5373
259
5540
9352
3653
4833
6836
7926
1941
2162
3763
1103
6114
3111
5293
8576
7489
3166
96
4441
934
7983
7237
8231
8106
1842
4647
373
5301
626
3478
6692
9235
5038
4354
2463
8392
9444
4933
8212
465
2723
6624
7461
9510
1563
5705
2103
640
2673
3424
9457
2569
8294
3662
7676
66
5827
7046
7539
7708
9620
1946
1354
123
2952
9325
5741
720
8216
6165
353
1124
5151
2328
7255
5655
5144
4023
5346
8590
1381
9293
5669
1404
2427
7373
8908
5993
8849
6855
5371
3165
3269
9899
255
7717
2780
1203
9629
2324
5620
3810
3083
6693
8851
6487
4816
9106
9709
8422
8936
207
3410
831
8205
5063
1144
3445
37
9252
3721
7075
3516
10
7540
5188
9078
9824
8142
4629
3996
8884
651
5010
3798
6127
216
5648
6972
2894
1833
2381
2589
3632
631
4420
866
4216
4850
3451
6272
6950
8580
9592
9373
1762
92
9494
7168
700
1431
7899
1359
8127
8591
7023
7330
4491
3639
620
6078
1722
9004
4845
1758
2064
2987
5015
3919
8216
9802
2428
4705
9108
9910
9121
7320
3721
9009
5851
5906
4781
1393
9135
7168
1469
5849
9620
8395
5338
1928
931
8065
8621
1280
2954
7247
4465
2306
1050
7435
3964
6699
3688
8006
5245
6547
1500
7818
5173
2074
4242
5662
7041
6178
5739
2997
6482
2761
1228
5356
7612
2908
1295
4581
7413
9792
9310
2140
1289
37
3463
1348
2990
9179
3701
1560
5332
1980
9205
6982
8329
8406
4198
9877
5658
193
8834
2443
6385
603
5740
1688
1892
8889
1658
9205
4345
3108
6970
1121
4783
6767
5075
4785
5519
8407
306
2537
4587
4570
978
2795
5904
2878
5840
2158
7165
7753
5995
1483
4400
6865
2659
4315
710
3643
9269
9672
2823
2799
5914
7965
7606
2724
3017
2646
8481
1974
9933
7596
9370
1854
9161
8714
1696
3657
50
3524
9777
8415
2770
5894
1804
7082
8997
4371
835
2932
3269
1312
2994
4286
6490
1152
1650
8688
3331
7627
5397
6404
5124
766
8013
3881
5269
4167
9662
6695
6605
3894
2634
3908
8447
4977
9999
5175
5823
7035
3311
1002
2894
9147
5204
626
3361
2351
5957
5114
2533
9399
5839
4173
5530
4033
4234
8723
7393
105
9142
6083
3089
8510
3909
5393
7553
8269
8600
8416
6609
6021
8489
3242
1228
1527
8957
6552
1647
2877
8496
2644
6855
8218
1928
9350
3031
3842
6423
1735
8350
2273
3574
6653
8935
9708
5990
1431
8211
4010
5704
2837
7549
1002
8314
4799
2937
888
5146
4609
1467
4530
6878
2651
8007
9718
5296
2848
3606
3003
577
5985
8959
4699
2095
8889
4143
8853
6064
7105
9698
1221
1684
4112
490
8403
9797
1149
7690
3205
6101
1095
2656
3435
6331
2140
508
1250
7752
2333
4478
5529
7255
7815
1819
573
1095
6445
6316
9670
3556
795
3183
5799
180
664
88
3753
3930
7885
7570
6305
7029
8934
7421
1724
1041
2318
5449
9741
2691
8742
5842
40
6695
7142
2464
2403
3749
1318
3832
5468
7163
4694
5948
7054
412
800
1912
8875
9253
5267
8932
1776
5046
7599
3477
4764
2251
3191
3075
393
8286
821
7118
1511
6148
1934
1800
432
2202
1828
8965
6272
3558
4518
2176
6542
823
8486
6928
3996
8175
3380
3711
5477
5497
6345
1721
6891
3561
5300
8071
974
7884
9334
4708
4724
3634
1030
8901
3766
6442
8171
1475
7545
1435
4077
7758
4143
2435
785
2801
7452
9511
7332
9369
8621
9219
7798
224
7326
9689
7632
3964
1772
1986
6742
1497
1003
8651
1132
3505
5602
8135
5
4095
5519
9870
2713
3903
7917
585
5308
249
247
3829
4571
8333
7841
8012
2107
5434
7392
5561
2335
9499
2230
8078
4684
6711
5498
4983
2249
7106
55
3214
5675
7792
592
3604
1343
8780
2757
269
8011
9561
8298
2929
4314
8710
4863
381
7548
7067
4236
6338
1495
9828
1074
3225
2493
3844
6884
4695
1338
6851
8688
6273
2128
8353
8138
1764
6743
1624
244
1110
4208
6113
4174
3790
963
5449
4133
8700
3031
6807
1972
5233
355
887
3096
5211
9957
7683
8987
5366
643
7285
4718
5977
920
984
1810
7971
2670
5466
835
7428
2688
9591
4125
9205
5669
9169
5027
6674
408
6618
4124
6513
3276
3206
4204
4731
7892
1870
1679
9508
3982
4783
6075
6913
7357
2311
7077
1421
4742
5534
8843
6964
3639
9794
340
6979
3821
5581
2802
8014
154
9408
2266
8314
4110
2396
5537
7464
1170
1989
7406
1042
4555
3555
9468
5291
3169
8240
5161
1293
6323
9399
3180
8920
7865
9687
5203
1799
8411
6926
5116
9885
4934
5241
6845
7770
1369
9557
5557
1300
1482
6038
6711
5042
9776
8717
6073
1672
7080
2186
8437
9762
1047
1842
6340
6337
6448
7207
3885
2693
4749
2355
4760
1631
7601
4278
5435
8988
8342
5074
1002
7177
8397
5878
2552
7528
2254
653
9035
9830
9028
8358
4308
9519
4382
6094
4024
4103
5283
9056
7214
7540
4322
5172
2781
7085
5057
4136
5989
5681
4587
2991
7752
2553
1673
9378
668
6833
4403
2008
9996
8385
2083
6032
1687
3551
5027
5332
4421
6890
6617
8701
4804
21
7033
8527
8908
4039
6560
7732
4451
3236
6967
1287
8144
8253
5492
4479
4770
5207
2067
1349
8196
2201
317
7142
9081
4365
2813
8681
2702
7323
7235
3667
5958
3097
3357
9905
5429
6850
4466
6475
4775
4703
1755
1406
4411
9905
4330
9571
3472
5479
250
9984
3472
5080
9194
2147
1876
3324
7740
3107
6898
4414
5766
8956
24
7908
7360
5956
8855
6173
3056
1875
2774
690
292
9327
3033
5133
3250
2703
5753
4609
2993
2843
6857
9745
4662
9517
8591
1722
9225
9562
2737
9157
2461
8442
9743
534
9362
3024
329
2662
6196
8664
2361
3718
7652
4255
8800
5455
3726
1229
1992
3709
7212
3986
3490
4736
4774
5163
6230
473
3719
4804
1103
7096
5697
4770
3695
9013
4671
2654
4473
5712
61
3797
3286
716
8825
7294
9273
5064
2858
6274
1020
9908
223
7647
3708
8563
7964
9561
7530
6060
2086
6630
5696
6367
7789
8107
1378
8493
9684
8010
4924
7476
6794
4184
9129
4883
5226
4442
8557
5156
5709
1929
1318
1694
3481
8240
4393
211
9913
2980
5602
8455
9519
7144
5152
2976
2429
8131
3832
7274
3403
6562
1164
1383
3446
5631
7569
8604
2399
4282
8823
1259
6157
369
2791
3128
9996
472
854
8256
322
5335
2209
5927
7740
8893
8008
2400
9544
8347
7549
1356
2468
8168
3784
6279
1726
1014
6211
1476
733
6035
3960
8097
2632
4407
923
2975
7506
8875
9875
7937
2517
1977
8492
6718
4285
7207
2663
1519
6092
7632
8874
1137
2413
2930
9010
8277
851
9060
1998
686
7177
3289
3004
3936
93
5202
5596
6600
2675
4273
7807
503
2532
4547
9438
3029
7879
4402
6152
8419
8770
125
3291
1753
1415
8852
9759
9694
2346
8693
2990
9169
5746
5533
454
5605
1407
5159
5666
9270
6712
6524
1482
615
2734
3415
1217
5644
4983
3959
2517
6090
7356
3395
8987
8783
4044
615
7657
7724
7422
5168
5644
215
9640
3483
1605
8501
9277
4144
8473
9076
123
653
4373
9053
9366
4348
2080
3292
1633
625
278
5239
7126
4785
4115
9388
9256
1105
7624
1114
3492
7608
3729
9517
7000
4065
2593
8119
1288
9069
1485
383
8436
9279
351
3446
6091
5473
2961
4461
4923
4630
7849
7515
4954
6121
2451
8310
2301
5502
5423
1523
7154
13
7711
406
1391
455
6493
6971
9072
3899
1637
6155
9541
1256
493
7442
7191
1084
6380
3087
2796
4209
6883
6633
8432
5717
4995
730
310
7532
1188
4116
1403
9327
7414
6330
6143
13
9854
9439
7353
3834
6002
6289
877
3797
8807
4021
1335
1669
1518
9798
7890
8198
8944
2554
1270
7667
9528
7560
3972
4963
8052
3251
6244
1277
5606
977
3360
5700
4541
3537
1903
5221
5544
3204
5256
6007
4232
620
2678
1295
5046
4461
9959
2168
9602
7726
7955
7920
8627
6235
9978
4665
7494
8768
7452
4827
4772
5486
878
1010
8879
4389
3029
3584
3327
5303
8098
6791
4345
6565
1882
4018
3569
1924
2348
6337
3253
8900
8138
9445
2756
7410
7964
4766
4630
3877
1597
3352
4817
2589
9424
4747
3190
1308
5637
1597
989
5251
7485
9103
653
4366
6821
501
2389
4829
980
7707
462
811
3275
2269
1613
1164
768
8639
2718
2272
5582
4010
2333
9534
7147
1088
7719
734
6989
6067
4110
8754
4683
3752
8155
7791
9092
6376
450
329
6955
3159
3792
1466
2931
3282
4812
8608
819
4024
368
3652
5191
1708
4088
8125
2476
2230
3304
4244
4096
5934
9378
3361
1179
5169
1703
7545
5560
5573
3694
3027
3350
7946
91
9410
8035
1613
1512
2358
8754
3634
8963
8295
8456
4603
6438
7019
9483
7809
7489
1318
8519
4651
1122
9953
7088
4720
9452
2316
8708
1073
1898
8540
6500
1214
6137
1272
9610
9778
7949
9160
656
571
1278
1325
6804
8306
5374
8191
2669
5360
4076
1486
3112
8607
390
8178
7103
7343
6349
3604
4072
7835
1682
6723
6539
320
7332
353
2142
3395
2852
7474
2738
3383
8701
9028
4828
1954
1490
4385
6026
2747
5471
1313
7461
5956
2462
6117
2934
8243
5840
8065
2342
3719
6222
2043
3948
6903
4458
6628
7842
9401
7045
1887
3545
291
4003
2059
7777
6059
9175
9613
3940
5984
4363
9479
9193
2762
6633
3404
9804
2130
299
3177
7902
3031
7764
8075
4370
3840
6823
5450
9190
9847
4763
8461
1659
605
4146
2622
2850
8884
4288
7955
7559
8566
509
8711
7869
4325
3810
8536
6784
935
8267
1176
2827
3458
6225
8830
3750
7498
5360
9113
270
9477
1857
4161
7030
892
7382
9280
6540
2948
930
4991
1863
9707
1665
4905
1324
2803
8992
9786
3046
4695
9370
9988
9612
2533
782
1084
7807
6385
1800
9103
9337
2728
867
7905
9437
7683
1849
9811
4618
8218
4071
3935
7676
457
5214
4431
8365
1824
1599
7213
3390
1824
5242
4342
1235
4185
3519
8950
8107
4631
2731
4901
4416
4310
4347
334
7848
9879
722
7808
1494
8152
3868
3600
6287
9045
6690
9542
7260
5233
4030
353
2242
6471
5372
6576
3597
196
5239
9802
6974
6323
9961
8389
310
9937
1783
1621
1949
9046
3776
6418
3403
8162
3423
4243
712
1568
3864
7033
7568
4602
5205
5727
4521
5186
2779
3144
4131
9923
7624
1731
4272
9502
9106
3673
2439
223
8630
826
1437
1370
9664
3927
4412
9348
301
3225
5232
834
1280
1184
769
2051
7341
2721
18
6281
3955
4597
5746
2706
471
8401
9863
8752
833
7409
2742
3257
4750
7539
6647
1576
3924
5466
7085
4815
426
2891
9277
7593
4256
7373
6276
3860
4305
7003
653
8614
8501
5821
3422
2682
7810
3133
432
4688
5334
1382
5643
7102
4058
6102
2267
654
381
5138
2548
963
4726
3817
4810
5314
4717
9661
7234
6885
6431
9788
1930
7170
8779
2132
1690
7758
7717
6221
3950
1544
1933
6556
9482
6599
8789
5255
4715
157
156
102
9451
3538
1322
9036
9876
2065
3979
6388
3882
1225
3864
4412
2009
6076
4256
8850
9024
4758
3326
4077
1186
8163
6598
9016
3834
2003
4953
8746
8469
5197
2081
8009
5734
7848
6626
9211
6521
2781
6346
7875
8288
211
6337
1593
366
3660
741
8113
8763
2202
7818
7035
3686
3780
9804
4617
6827
9477
4343
5720
5156
6349
4961
7079
3844
1118
6528
3997
1244
1425
3689
