4531
8134
9088
1251
2523
7915
9217
6028
668
2300
7222
5000
4269
2324
5268
3858
8306
5370
1012
232
3124
7402
1009
2752
8609
7337
5906
9015
1161
4006
8760
1184
917
1289
1490
22
3294
6685
1174
6233
8274
8093
7898
3262
5166
4843
7715
5582
7309
7337
7222
4508
2579
1427
9552
4269
448
1744
8903
2061
3912
948
4606
6614
6397
1627
4495
2019
974
2096
6069
5069
7395
6912
2331
4722
7336
3369
2027
2474
3608
3656
9272
6562
2317
3489
2923
201
132
6080
6438
9305
2443
3374
3724
9806
6138
8956
5353
7522
7591
9352
4452
2056
3763
6913
1593
3238
3139
4699
5304
5431
5602
4302
7066
7156
6564
9346
1629
8447
223
749
5140
6658
6677
257
979
6425
1098
7500
6985
1531
7034
545
5144
8232
1477
9531
2789
4502
978
8316
2069
6062
6401
5602
6383
7973
6321
2013
8044
1382
9652
9333
3040
2776
7769
6932
2350
5207
7906
8204
2151
4247
9713
4712
2396
990
5232
6782
5726
7688
354
3256
5185
8584
9999
7553
5857
8780
8010
5880
4259
3408
9455
1688
765
4062
9116
1716
2623
5439
2189
724
884
1862
5347
1149
4119
5110
4038
647
2136
4514
5278
4317
8785
6728
2509
7989
6143
9706
5293
397
3553
2987
7733
9452
3728
327
2160
5578
7794
4511
3699
5503
9418
6939
8992
9647
19
8414
7999
3241
2969
6242
2225
3770
5761
9403
2325
959
8748
5876
8384
1546
2701
5625
9403
476
4625
3043
5190
8207
3117
819
8433
4474
615
1789
5405
8196
4024
9245
219
1819
3130
1833
5701
2359
8048
296
4444
6888
5221
8507
3185
8284
8325
4843
330
8652
397
3217
6702
6737
8449
516
1585
2960
5550
2243
7171
3957
2908
283
6167
6595
4278
7106
3887
6887
7386
849
128
3056
1409
3847
5103
5827
1199
8595
557
1258
215
573
9427
6517
5031
6172
7277
1374
716
3051
8270
2258
4876
1243
8995
8959
7585
4230
2969
9079
7402
4375
6265
5522
2280
9461
3508
6155
3862
4101
2449
9175
5151
5654
4600
6390
7657
4321
2959
6202
7211
8214
3771
9291
7828
4106
2035
8063
1669
2007
1784
3685
7846
9092
66
5990
8393
4149
4425
5035
9679
9184
3047
5424
3078
344
1371
6030
588
5500
5716
5750
2951
3758
4083
7164
8775
8902
4102
4268
2075
6528
5406
953
5500
3588
3463
7853
5239
6052
8322
5373
3697
115
2361
5320
6173
1766
1366
2240
5196
2045
5832
1673
7665
125
7651
2127
1436
1229
5667
4003
5782
7893
1522
335
1555
9395
5879
9380
9404
751
4216
858
3772
1125
7452
3580
7497
1183
9981
846
4501
1070
8323
5380
7589
2630
8108
9355
1181
1748
9528
2231
3627
8915
8945
684
5129
2609
4906
8807
2707
5352
9064
4476
1231
1169
321
2045
2131
8228
8943
8812
1309
8060
3706
8794
9879
1837
7632
5802
432
8819
1250
3757
8653
8293
8245
4671
2623
7069
1941
2828
1838
4016
1428
475
2209
5962
1410
5156
8455
9122
9723
1939
8583
2781
7823
8341
9868
4585
1095
3280
7672
7871
4429
9255
7626
9903
3036
1614
6288
60
7079
167
48
7746
4769
228
5244
7123
9847
3457
2373
1599
2300
1395
6235
8793
2635
5356
6052
6734
2477
5718
6724
5573
3742
5598
2291
8296
7143
1416
8802
1562
5552
8734
3780
204
3229
7535
8696
6803
3060
4973
7976
5433
8745
462
3861
9833
5670
3027
9495
6094
1511
8552
6907
3959
740
2953
9417
4204
24
7281
6569
2132
7188
3935
7538
6987
8368
6066
7257
9097
908
5291
5314
1687
7361
482
6650
800
601
5698
6609
1177
5536
175
4319
2848
1489
7674
1286
1947
2985
9547
3318
2219
755
7416
9687
4990
6915
6048
3885
8029
436
5273
6849
5504
4432
3638
6759
424
8383
3842
5166
4030
5806
695
8645
3711
2837
5595
9436
7049
1775
1949
7941
9275
2273
3975
1863
8127
3346
7082
165
1463
8775
8533
7082
9208
6974
7161
3802
4309
5042
6009
7787
8895
8657
4138
888
3626
2530
9342
4261
6204
6535
7947
120
7620
140
4639
7548
4148
6169
4115
8140
3994
6331
2929
2640
8527
3812
6413
6230
6208
4146
9850
2834
259
2619
9185
1511
9708
6709
6773
3807
4492
6942
2661
4249
7103
705
8435
7535
5481
2294
9766
785
9865
8435
7240
382
8970
5727
212
5714
4980
4553
7197
3008
2623
4088
3328
9327
9460
5234
2053
8459
5141
8519
7464
6606
9014
2815
3807
21
1044
4299
5131
2476
2274
8398
9700
8531
2717
371
2347
9206
716
5284
9931
1875
5897
4420
4055
6240
8842
3691
5783
2120
2101
9911
7346
1295
138
8051
636
7974
582
1407
9772
2128
3827
5260
2053
5180
7253
9761
6774
7247
842
9154
5215
9354
9725
5601
89
3318
1625
8755
4850
7054
9612
8457
2614
6098
5936
6261
7577
4792
858
8379
9381
9640
9140
7031
7310
9182
779
7558
1508
1180
2413
4306
9229
8793
9832
4481
6822
1881
4437
4237
662
9386
3904
9992
5228
7190
7661
5340
3684
8084
9095
2207
2050
3896
8477
3781
2028
7797
8377
252
3573
7035
8387
1403
2629
9744
9613
6936
1961
7933
118
6746
9641
2479
7168
4618
8067
5155
3956
4827
7137
1079
4909
3167
1003
5271
6313
3016
9102
8947
4919
4931
2533
9960
6261
9850
4517
6449
3882
3876
5811
4221
3020
1538
1027
3665
5291
5460
9408
2940
8495
8023
3186
2877
1925
4970
3695
7230
837
219
2900
9510
9140
7326
57
2768
7709
1720
7547
5318
2841
4724
5794
7403
9118
7046
9615
460
7745
3725
864
38
2595
3810
3226
257
5438
5465
1958
8942
3653
8047
3705
5064
2299
8031
1923
7619
7208
6277
4391
7811
5814
6663
1915
7408
126
3521
887
8988
351
3748
1526
9606
7834
4420
5911
2858
6459
4589
5120
8028
5811
5321
8597
6800
4159
7701
4050
5648
1245
952
509
5962
5210
4284
9386
958
1214
6925
5471
3275
3577
9812
4674
5721
1811
8417
3835
3876
3115
5568
1481
728
2302
6503
7571
9022
6466
175
9769
1525
2988
9398
5145
5696
5197
9930
1356
5476
832
108
251
9179
4129
6515
6976
4006
1223
6466
9563
5436
2576
2729
9638
794
9567
2349
744
5097
9151
9652
3888
4048
9320
3797
3273
6421
7568
7211
5460
7954
8087
2629
5228
3353
5199
9830
5668
9406
6520
1494
2275
9281
3770
5917
5164
3787
4462
9528
2931
6560
4460
6763
7677
6513
257
7927
2346
202
3998
5079
5521
9918
2727
214
4343
9008
1087
1437
1631
4460
4328
8267
8510
6114
8950
5438
7551
5514
1132
6881
1158
8698
7263
8119
4199
966
6719
8846
668
6902
1443
3445
5066
1937
1410
6543
7329
2614
4438
3711
9370
6792
8703
986
4134
5686
4616
6456
1178
9572
4926
5419
3782
4587
4404
3949
7259
8782
7471
3888
9113
36
4142
6174
5523
4800
7566
142
8994
5065
3359
6145
293
4080
2597
6194
6779
9294
9990
5821
9387
745
5076
542
8555
9413
5137
5537
5083
5655
2813
7239
8964
7909
4199
9548
8314
2611
4239
9757
8910
3629
8892
5368
5202
2558
6005
7871
5252
6063
1309
9243
789
5766
571
2080
4474
8549
7647
9775
6941
6657
6234
7749
2050
4273
1818
5324
4854
3038
8057
7187
7300
81
2596
2319
2599
7383
5083
6099
2226
6664
3658
6554
2646
9544
2928
9771
3019
9594
1940
9229
5970
622
4651
5242
6902
3300
8803
403
6878
5883
7702
5417
9603
5571
1890
7024
6009
9102
9371
669
587
5313
5145
6742
1101
8651
3199
9709
8256
6000
3306
1906
1733
3135
1052
3907
7528
6568
6395
3026
4948
751
6807
416
1615
3197
2080
1716
4001
3253
7137
5331
3411
3641
5530
7582
1855
1128
3311
6692
410
4495
6555
4972
3338
5778
8593
4232
8187
5724
1925
7542
1738
5012
8436
9540
4707
4377
2176
6042
7939
8093
1078
2976
6454
4305
2105
2706
5169
5133
9064
8621
5256
9742
3057
9319
6814
3560
2364
9677
3314
231
409
5788
9033
6049
5689
828
3040
6943
1777
254
2962
9223
3502
6983
2051
8463
4451
994
4403
5696
7292
5811
8295
6588
4550
5365
5535
3521
2210
7645
101
1722
8774
3147
5913
4586
7573
4894
6471
6110
3071
8641
7218
8089
2733
6800
4792
2893
9098
70
5556
3722
6577
8293
2570
3109
2230
1295
1250
5321
1991
538
73
9014
2352
3919
4050
1374
4557
418
4093
7732
9098
9629
2477
353
7093
9039
3730
2650
925
2665
2696
577
9556
7802
288
3868
4787
9722
3452
906
2051
4861
3816
1593
2222
2307
7420
5295
9642
7331
4859
5443
3551
9706
4883
5253
8369
6427
5081
5761
3103
9875
7435
5262
459
1657
6548
8325
7877
8184
4770
1432
7470
6885
1335
1272
731
4007
1119
305
920
5919
4398
1706
8767
2062
8384
4075
9534
1505
5705
1692
4658
3357
6348
2910
5400
1537
8813
7019
8352
7248
4112
7425
5854
3300
5593
1613
1184
2217
3198
6972
6674
8776
9799
5187
9251
8387
3447
7869
6042
876
7736
6618
5579
4592
8566
4162
5297
3933
5732
2149
4121
6807
4582
5471
9951
3816
44
3058
5021
6076
6561
6948
598
4372
3598
9891
686
4899
88
7072
3692
4241
941
4635
3443
9015
5301
2090
4589
9636
4185
946
9475
8604
5094
2822
3794
9347
6732
358
3991
6617
9795
4199
6134
7520
8773
8110
8426
4977
3217
1701
6331
6016
249
8372
6797
9329
8746
9360
5140
8532
4041
2252
5880
2227
4541
4048
4110
4096
815
6960
864
612
9310
8597
2942
6309
6243
1046
3813
2140
9424
1006
7103
1697
3095
2175
1771
551
9183
6719
693
5293
7493
9792
4957
5862
732
9050
9136
3379
2426
3538
2103
7136
6478
5306
3290
4746
8936
858
6121
8823
1217
3649
5640
5471
9260
3006
3812
9187
5239
406
4657
224
1423
5203
8682
3373
4385
1050
6049
1583
9198
2303
2370
5332
9706
6502
458
6716
4801
4712
369
3420
2386
3472
6625
898
1033
4335
5683
4168
2426
242
2209
2344
7444
5975
45
9440
4716
4958
4311
6170
2247
3104
9583
282
4067
9990
5015
6850
2972
7571
759
6937
4723
5085
9079
4799
5403
5644
5159
7844
2406
4228
67
6825
2509
6528
8172
3385
810
8905
2129
5319
2228
3363
9036
1783
1651
3241
2435
9811
3991
6986
6954
5246
9330
2325
9345
8028
431
8424
1539
3142
6661
491
8763
2235
1422
9818
5340
8628
1572
4032
8893
5348
2469
7431
2735
6203
1023
2543
1096
1142
6906
5841
5271
2880
1006
8665
101
3122
531
4173
9539
8823
6489
8971
4429
5531
8655
1997
138
4825
6653
62
6110
2566
4943
3204
2014
2231
353
8197
5723
3544
4216
6688
7173
7453
9225
7411
585
1786
7370
2619
7985
7675
3379
5198
7674
8142
408
1872
3317
8707
9403
6765
1430
6681
196
7324
375
937
7703
5043
1408
1719
2725
4302
5789
6397
9916
46
2915
7096
4283
9054
5003
550
6194
8481
3503
9732
3370
4359
2637
3263
7864
7093
3266
8909
8718
1251
116
4838
8365
3955
6652
4296
5344
1445
1633
8930
7085
3361
5805
8487
8033
9809
7704
85
3289
3586
5840
5786
2154
7063
7621
4548
7459
4967
6948
1124
307
9612
4873
6410
342
5092
9655
5218
8295
4716
6875
8343
2061
3015
4760
5408
1385
9072
755
7078
3104
2961
3459
7632
3378
4190
6702
2947
3867
9862
3566
2402
777
5656
6695
9648
2799
1011
9566
1778
1313
1042
7455
8822
5584
5080
6889
217
7547
3450
1012
7399
9544
702
773
8134
7322
1887
3752
8526
6120
2419
2615
4202
2464
852
1860
352
7777
5163
1354
2228
9526
1463
1287
8842
137
5058
1186
6845
8421
8677
7124
4591
8008
4393
1562
8090
9860
4869
1678
5526
3117
1245
4751
3129
4403
7191
8858
5112
4801
2600
4666
7662
4688
7092
5502
5249
4922
4658
9859
3267
5201
2150
5593
5991
7512
843
4049
5494
1413
6745
3515
2465
7074
7602
1474
6829
5981
9424
7677
4820
5094
9222
7094
8436
1023
5433
8552
6371
5846
1767
8067
7692
2895
3347
8997
5968
8000
3676
4793
7994
1419
8405
744
5431
6691
9495
3273
8027
9591
9042
3728
2971
383
2218
54
3021
3660
9147
4636
9837
8350
8523
3087
7866
9647
3029
1829
6775
2507
397
1136
2948
4887
8431
1320
371
4556
4784
2978
327
3303
6472
3006
7039
6304
3236
2304
5248
3384
1797
3381
1669
3990
8143
8240
2828
3530
8638
3366
2058
6796
7056
3818
4234
4084
193
5689
5290
5986
7540
7285
6368
4169
7275
2647
7898
8099
9812
5978
8651
9033
6512
9086
5976
4871
8442
3144
252
3029
8465
5838
2342
4525
7276
5705
7651
8006
9716
7824
6468
4276
2207
4978
9361
6493
2850
9049
3348
5786
8631
1688
9516
9906
6524
555
612
8122
5854
860
368
2940
3499
8128
6659
270
5718
1895
3512
6036
473
4090
8701
9232
2116
8883
7143
1438
8098
6009
2440
5372
907
9533
9798
3040
4561
8231
6681
2687
6602
6619
8813
6149
3843
2271
8142
2910
8559
3992
3068
3696
7794
8721
8999
3985
7119
2629
1151
5889
1154
1779
5791
2004
2354
9009
9792
9252
6089
1324
9792
1975
1530
5920
8450
541
9651
4092
6009
4506
6649
6045
9119
1586
8242
1652
3121
9766
1433
7122
7534
1212
9075
6114
4892
1701
9355
5917
5254
6915
3911
3635
1215
8432
474
334
2439
4169
4029
2809
1184
8474
252
6687
3209
5238
6974
3282
8597
3340
8749
8370
468
6960
5632
3013
7297
3986
7229
9415
3394
6140
6009
7674
7019
980
4059
4123
4949
6940
1151
3771
6853
6269
2900
4730
3989
8571
8693
2645
3817
3830
8070
2860
3341
7097
6955
4666
8246
2224
1469
3763
1179
569
8845
2102
8403
7896
2897
3673
1993
5436
7183
8576
724
452
4085
8051
4181
5560
4760
8330
1810
3214
5887
1456
7794
4137
2991
4956
4078
3785
5845
2809
4171
9049
7831
2030
3482
1021
9350
928
2471
2970
146
7060
824
3508
2180
8686
8278
1269
5696
9454
1695
375
5041
1694
6525
1335
6219
8570
4467
9352
1581
6486
4801
2692
1969
3481
7689
4428
3720
8256
9749
1641
9123
6187
2199
3791
6863
4692
7223
561
6713
6667
9503
7449
4839
6454
1444
3425
6679
2237
6107
8002
6858
2290
3807
9482
2
5608
8823
6914
8212
1524
6934
8222
1972
5008
3556
408
1482
8995
4022
7800
792
8719
5272
7389
87
49
2232
4280
6577
5787
7369
6665
5327
5489
3540
7755
2945
4943
6060
8656
3593
8875
2708
7497
888
8488
1855
4469
7787
1997
6529
4619
9335
3486
9132
3249
1698
803
7046
9922
1573
4657
7619
3305
3532
8908
734
6159
2770
1961
3316
4336
7537
5040
3419
9357
3963
2126
9390
5367
2132
2375
1709
2549
7748
1045
3150
3990
5723
6001
6713
370
5187
5712
9936
2868
3910
5618
5764
735
6031
3193
8912
6740
3454
7470
8873
5120
4649
4637
8210
9149
1008
2995
7622
8680
5788
1422
6397
429
4301
9431
7774
1375
6450
6955
596
9705
7763
5782
7589
6009
4671
6097
8371
1373
4862
8277
4198
431
7569
610
3212
5220
360
1038
6256
1708
7161
6893
6207
5050
5092
3731
6320
5918
1525
2328
6767
1859
2547
3013
7834
6076
7742
5799
6946
6408
2218
9445
8050
962
6343
8575
6614
4708
3979
8217
6970
1614
4913
2098
1985
5663
9629
9993
5865
8077
8984
8935
4500
4873
5053
1933
1257
1385
4077
8705
1201
9823
5754
865
6766
5337
3275
3852
4108
7730
4440
4988
7076
5066
7016
9915
8491
2366
6888
2361
6587
3473
5856
870
7401
7895
5666
4085
1358
2712
6108
7176
7126
7240
3807
7519
2631
2864
8940
9212
7689
8175
6602
6262
8004
8140
877
8208
2195
1162
5952
6777
4583
8546
140
4738
6917
5557
1440
6037
130
3836
9737
9103
5010
1312
4803
5664
585
4094
1444
1376
3830
2127
6046
6539
66
796
5518
2468
393
8452
4718
7171
7484
7317
1573
4170
9626
3886
5394
157
4259
5116
4009
7429
4841
1862
8987
5981
1029
8808
7778
2327
5705
9243
3818
9544
1283
1441
7265
3842
9142
1662
1668
1156
9041
315
7914
6067
1788
3277
632
3126
7946
5986
1569
7605
5679
9609
5523
4911
2123
6309
4909
5459
8917
8110
4278
2773
8268
7962
7264
5466
6574
8728
9354
4564
5296
6787
4433
8381
3024
1285
1222
5699
5205
3041
7306
3693
6183
4503
6802
7765
8872
9395
7152
4729
8542
7884
2665
4051
6365
6848
5293
8914
5779
6610
4535
5046
6186
2433
1220
5411
8843
6066
5996
7309
3253
3855
6524
2178
1023
3464
2526
5685
