8806
6011
9492
7212
2466
3228
2293
5559
2758
173
8306
6671
5232
2326
1299
8840
1284
4519
1604
7916
5360
1863
4687
971
6809
7603
3037
7994
4182
4370
257
3040
1590
2842
3190
4342
8162
9811
9312
7541
219
858
8502
5210
3821
8002
5830
6091
1897
4394
2762
6457
5884
4254
2641
1541
2566
2310
13
8711
8099
5917
8287
1278
3419
2482
1097
4817
5068
6425
2794
4711
1700
7480
9096
6801
4687
6880
3031
3813
4786
8297
7532
4784
3651
8703
714
8301
4325
1056
5792
7757
7320
6847
9397
2656
2125
7961
5238
5755
4874
4091
891
5337
1406
2482
2308
2534
6126
6303
3528
8895
3372
9562
7285
9408
5418
4949
3039
5386
1917
3834
6467
8863
1545
5964
8077
3175
3292
8016
9181
6288
326
2153
1425
2775
9714
2716
9671
6369
5488
4747
4313
3125
1332
3785
6164
7175
5623
9834
7162
6229
607
9716
2080
9598
5817
6001
6181
2130
2569
9464
9595
3191
6630
7280
3765
7934
7965
2346
3744
6789
7491
5291
1461
6746
5481
9043
4190
6999
3903
9844
8505
7176
4215
4453
4603
8860
744
8057
6670
3588
2400
6092
6545
6911
8062
3142
6805
2493
4561
942
4400
3495
416
9458
6021
2621
710
5351
6737
8822
1530
4544
2834
964
5709
8688
7826
1940
4550
1680
8661
5165
5694
1501
9122
7006
6309
646
4771
2766
6818
7372
5329
6863
8245
4593
9791
2343
4827
1522
3765
3012
4927
2146
9561
6934
897
5738
1190
5265
3129
8316
1702
7863
3242
3566
316
773
8371
2982
5356
9140
6722
9620
5905
5156
605
798
5742
428
2399
2386
6276
3066
3224
5333
118
9752
7900
2200
7502
5011
4912
709
3592
2866
5638
1354
8555
9550
9330
5579
5936
9978
7586
2050
3823
2376
5134
2860
8962
696
4377
620
1367
9291
850
3550
1102
3778
7098
4647
571
1536
9130
8190
1268
2859
5410
4387
5168
6215
9701
5924
5728
5595
9490
5503
5833
4561
926
7667
4914
95
4968
4012
1030
9813
8832
7566
4504
1771
2118
1349
6923
9461
5825
8293
1330
2496
9344
287
9482
8012
4350
9250
4123
622
8434
4472
3708
9223
4340
5338
7972
8998
5605
946
4992
5448
6676
5702
7424
3841
5907
929
3978
8164
8832
7640
7243
6499
6273
8792
5111
5620
7210
9238
7893
4831
1014
8391
8919
9757
1173
4588
7371
6145
3872
20
4162
309
4684
8165
116
8445
8587
8358
4422
7874
2178
1035
1910
4091
734
2259
8221
9869
5238
8536
2935
2854
7540
9161
5274
4945
8850
8748
201
491
9690
194
9015
292
8787
3632
567
9716
2241
4194
9892
3583
949
5118
3819
1008
7698
9
3502
1603
7758
3466
8100
5301
5497
3246
3986
8464
2299
9860
8833
4793
9501
5729
9854
2076
4972
4546
7849
8265
141
2514
6752
8538
7211
141
1233
4477
3051
8205
3684
1564
609
6733
8727
4821
7654
7509
574
5762
7977
6698
3239
7025
5396
4435
1405
9181
2816
7696
6388
3301
5034
5797
3845
1048
672
6819
7768
4765
876
6899
9696
1247
9791
9351
3042
4066
3756
7202
4587
8252
7034
3689
7768
8062
5369
6064
1007
7550
8856
9640
2288
7508
8219
4646
6109
5078
7662
7778
1022
4844
977
2454
1773
3566
6206
245
9605
5666
9424
6125
7021
4609
6911
1115
2756
8665
8589
8445
6705
2614
1985
7606
3849
7921
775
1231
516
3363
5163
7251
7570
6360
7391
739
7918
2553
3248
5294
9240
5493
9854
4707
3225
9639
8701
4507
7528
6924
3192
4312
5369
1796
7798
9467
8422
9261
8831
9514
8949
7552
1870
7335
7257
8647
2914
9260
981
6360
5062
9768
9553
2300
149
9842
5970
5340
1989
5578
2660
9138
1940
9399
9866
7424
7184
1393
4110
5178
6576
4224
3002
1075
8505
9044
3985
5609
6887
928
7275
2319
3254
7137
7534
5490
2150
3360
1562
3504
2842
9888
3601
7547
7990
8053
6748
4537
4853
2075
938
8167
805
9132
7752
9094
4526
1176
9763
9012
4413
3248
7783
7796
4574
3896
8964
2433
6391
8992
9058
2142
251
370
2388
1536
3446
911
8269
5542
4812
945
8850
1229
9567
5097
2602
3337
7757
1997
2315
6036
1800
9359
7012
9762
6495
4452
9068
3328
685
758
6594
5822
5585
7440
1699
3495
5342
2980
1516
2408
1017
9114
6056
2370
9110
9391
6502
1261
5512
1557
4221
7538
772
1349
4793
1597
5281
5462
4051
6980
1341
1125
8946
5710
3815
1849
9192
8969
920
5396
8446
7427
501
4495
2251
283
3969
3452
9464
4773
6832
6832
972
1741
5408
8720
9895
8132
8630
9498
4502
3444
8164
5783
9499
6624
7863
2913
361
8607
831
1391
180
2632
3646
4834
3607
9082
4468
1011
1003
2444
5227
9377
4223
806
766
555
9824
2156
2705
2406
2869
5567
8181
4359
4430
2641
6210
4671
7650
5491
2622
3862
3686
1470
5756
4591
7488
3491
9085
1337
6673
800
5205
3848
5286
2489
5674
1767
8830
5446
8014
9543
2470
6674
9360
116
1770
9471
5914
5616
1101
7175
7262
2908
4554
2809
5970
5709
1466
6816
6928
829
8983
591
1615
4564
6142
1388
7109
7037
2491
1982
116
9383
3269
2572
3437
6730
7283
4984
1492
457
5535
9513
8509
1042
5880
7472
5093
2941
3139
2448
351
9317
683
6230
2728
6544
2680
2009
4712
962
1633
8368
1631
8164
720
9335
1246
4665
2405
2702
2416
2873
2524
7726
3149
72
4699
7128
8290
5994
9932
4312
4456
4760
5575
6710
611
5117
8669
997
2564
4616
9785
7872
1771
8724
9397
5283
9574
3241
9094
633
5889
6510
2564
9730
6673
2518
5909
14
6436
3309
9346
509
4212
8790
5433
7970
5457
7132
1420
6261
6560
2329
8711
2977
729
4607
7956
4648
62
1160
7623
1465
6213
7725
1779
3766
3258
5004
7518
9958
9534
2766
2940
5960
4281
6998
4928
3590
3233
452
5537
2599
9240
7542
2991
7509
7028
3159
4012
2314
2616
5598
5124
9821
1325
3655
7618
8891
724
3995
9016
8788
5354
5881
2125
4211
5179
8210
756
1583
4486
6579
5231
5377
5879
6437
4809
6752
9035
215
5278
2027
9758
4248
3652
7842
8815
1531
30
1263
3344
9197
2140
3243
3490
1925
4154
8682
5673
3867
8466
6803
2972
9056
8820
3490
1393
7287
4422
2073
1845
8375
6310
3461
4679
4540
950
1286
2948
521
9103
9309
9109
8139
2550
8265
9048
5368
1801
5718
8491
8071
6579
4004
6205
622
9525
901
6774
3772
8607
2336
7207
2103
2776
5515
8500
2514
8573
9320
4214
998
2718
8135
5901
4326
8147
5700
6051
5096
4427
3093
2080
8234
4852
3250
1501
1480
7342
3252
648
5571
5695
6462
1952
5018
9362
827
2114
7623
3312
9583
5895
6739
2477
6997
8427
1419
5935
8349
3903
1032
571
4186
8955
3879
2004
4907
9699
3870
1150
3749
2213
2869
7870
7880
7259
1220
7863
445
4016
4818
7226
2131
5652
1433
7654
5939
498
424
4692
3141
3149
2854
5519
6450
8067
5450
1034
9249
6834
5930
2737
1996
1254
1334
7974
9406
2480
4525
950
5287
2202
6082
8934
8511
3227
4334
9962
7015
4257
4281
7611
1831
2983
733
3374
7763
5106
3573
2791
432
8459
9145
1594
869
6642
8152
5371
5948
8911
9112
8245
454
1479
1457
1019
8154
7334
582
5487
9916
4537
8817
4753
7260
6756
7915
9539
1499
2267
4701
7691
9171
1362
7022
316
1234
2890
1896
9825
3749
6931
601
3355
390
7883
6659
5612
6963
5132
4390
6155
3044
7675
279
9444
3076
8577
1937
6330
2117
8796
9932
5304
4705
6271
1227
7223
4077
8921
7074
8528
4828
1768
1934
2871
1512
912
139
7269
2368
7225
3303
2798
6260
3419
4311
7917
2857
5215
9602
3308
9195
3443
3499
3822
5692
9251
2671
2599
8883
7288
265
6039
5426
7961
3344
2988
9821
2642
1900
1228
7777
8411
5880
6355
7500
5181
1215
9562
847
7009
1576
7571
2483
9990
7139
8744
2683
3702
5265
9309
588
3700
6589
6533
4283
9059
7639
9133
9309
6375
4293
1286
6918
7831
8462
76
9101
1380
9234
6327
7682
9788
412
5265
7773
3625
5795
282
600
3210
5473
6091
2654
789
6170
7045
9076
1393
5887
3299
7123
5588
2147
561
7952
4709
4049
8169
4173
113
4125
4137
2982
5762
1970
9434
8470
7448
4944
320
2897
6488
510
6361
2839
2962
9998
1653
4939
8853
5699
3228
9473
9946
7219
3868
6245
7463
3382
7303
3582
8374
2345
671
9772
9515
3351
2550
4606
3604
4643
4348
3139
1410
8119
1939
7474
2263
4037
6603
140
1317
934
7369
4372
7413
8537
5940
7400
3859
4292
9895
3793
4261
2046
8473
7292
9282
4152
1876
2529
4854
7372
9123
3865
5292
252
2889
5211
9428
8694
8941
8531
3134
7140
5955
2230
2819
9444
8107
2167
930
1159
483
7026
6037
4096
7966
4591
4828
8915
5256
8178
4132
4293
966
6939
8004
6394
2915
1391
4566
3157
8706
9926
602
5171
8353
7899
6222
610
3059
850
6078
8901
5089
3684
2287
9525
8061
3847
274
3356
9890
4324
9635
8959
496
684
8117
7259
5860
9419
9161
8033
1190
4789
3668
8
4443
141
7450
6301
2859
4571
547
2377
1127
1248
3188
7569
3599
8521
582
535
3820
3663
1716
7039
4154
6656
2506
895
3968
1290
9459
5564
1505
5623
6312
1571
6050
9644
3014
74
956
3715
7910
4386
1588
8949
4132
9113
1579
5059
1241
1851
8256
3576
350
4612
3251
7913
742
1997
9997
9708
9804
3346
4464
3533
9413
2928
9144
4305
7985
4116
3217
2875
3732
709
4802
4408
1844
8677
7544
9101
208
2902
6459
9711
360
8335
6431
490
3062
9993
2499
264
8094
7649
1051
5494
4301
6358
8011
2819
2193
5004
4030
9742
7721
4517
9328
8698
2209
9534
513
5020
3541
7019
2249
5136
4578
3747
8210
9972
1356
1501
4124
7743
5820
9096
2672
7822
8161
5359
1877
8560
9097
2053
5158
9463
7122
8513
4087
8323
4553
2701
2603
880
1571
442
3027
7443
7583
8111
1891
771
9706
6208
8456
5525
1944
8142
7150
5446
2934
3964
8358
9334
3660
4390
5013
4225
9786
8876
4522
1372
6154
836
3347
4028
1111
2366
7047
7801
7495
6060
7855
2106
7921
340
6306
6506
6250
8290
8922
4069
5081
722
1648
2744
8570
4612
7061
2047
8442
1678
6206
1480
9890
6779
7450
9752
8463
8130
728
6218
9648
8548
8018
7099
1802
6108
9903
793
121
8798
308
6942
3814
2717
5023
9055
3171
6051
8063
3962
7542
510
1124
7587
6804
3559
52
8424
7313
9718
7911
1883
4101
4779
1244
3532
1185
7078
2223
3822
2727
7267
5745
6517
8376
1314
2736
9901
1420
8875
2959
9735
304
3293
1891
3435
1677
7358
2283
569
8749
8570
7939
9588
5350
9379
5921
239
526
3172
4269
767
2332
6389
7767
406
6069
2069
83
4917
348
7870
3554
5275
2918
6408
6063
8937
7636
7563
2503
7720
9144
7032
7662
6203
1797
9518
2439
2221
9433
5060
2503
2299
6317
1222
3850
1994
4767
4898
7241
5463
8275
5029
979
1128
5304
6029
1953
8315
1037
4047
5992
2299
4490
172
7195
4972
9991
7772
5705
9416
1432
3334
8046
1256
3638
7066
3984
1421
3937
5955
7344
3031
1846
4333
1175
8159
8245
1218
812
3130
8656
3868
991
7313
6539
4283
5320
4157
5374
4740
5592
7528
4820
4841
3656
8366
4258
4902
6144
3947
3940
1053
7364
1705
3404
2939
5849
8515
3310
6657
9484
9665
1558
6864
9424
7518
7169
1533
7628
2222
3925
6688
5685
3009
4280
8113
3412
3389
3159
9025
2055
2540
3382
8943
4147
6220
8777
3364
5460
4717
5685
8524
3175
2557
1642
6952
4199
933
1244
5380
9964
4214
2241
4941
8785
6694
6419
6116
7854
2001
8039
6175
6657
7809
2364
3448
4525
3761
6422
502
2952
7936
2596
5096
8666
5082
7017
5523
8503
6336
4926
7354
3134
7568
1918
7688
7920
9176
4544
9199
4145
357
7208
2448
6280
4509
2964
6321
9415
9285
1724
9926
3196
5951
8920
8400
3111
5048
191
2583
8056
2933
8425
980
3254
8002
9461
7663
8979
8247
5318
2050
9135
9972
654
2480
4386
1103
566
1423
3520
5208
6844
8663
6088
9857
2329
8877
4021
5258
416
6854
4273
1545
3741
1889
1093
8602
8935
2514
9831
1716
8907
7940
6579
3050
7718
761
4193
8894
2837
8152
2926
8224
2338
883
9116
4900
2487
5526
8587
6621
2768
9854
2984
9341
5471
927
983
7055
9361
7103
1223
9109
8086
3106
7914
5379
6130
4002
1155
9760
102
1273
3021
55
5646
6944
6492
165
4141
6834
5628
4912
2805
1895
9366
2524
9167
6059
818
2512
2987
8382
1582
1553
5398
9418
2253
4911
4973
6659
4380
9180
1684
3494
5480
8097
6856
8490
8574
9738
1015
6808
6025
3473
4042
9812
5912
1498
7518
6158
6952
7103
7478
9562
5246
4817
7366
6180
7206
7066
7613
6722
620
4275
1189
179
4840
5496
6359
8981
2063
7315
5427
2489
4731
8345
6771
8387
5016
1236
3837
411
7135
3930
3788
4458
3887
6037
9265
3658
3558
8466
6548
4645
9615
5100
6807
4517
6421
4119
7432
965
482
4706
4658
9926
869
8470
2608
2779
1488
3099
3826
4176
7352
833
3886
5022
1043
4798
2283
6036
4282
3693
6296
506
2007
3030
4564
3912
4215
2872
7420
3113
3567
6361
8705
7337
3285
7258
264
8986
1935
5868
7945
2920
3443
3865
8771
7808
4138
9722
2962
913
9614
3390
6542
5828
17
9542
6875
5906
8218
6945
7429
2867
6124
8867
4764
7428
522
4192
9162
3652
9758
2722
9330
7022
4815
4237
5870
1983
1340
9936
2208
546
8079
1032
2375
4145
9018
7384
5613
4387
8484
9880
6806
855
1267
2803
3826
5341
7016
2379
5073
3431
3333
7844
4189
4390
3916
3346
9058
5412
5289
3673
9891
8902
5191
1854
6854
8993
9990
1919
2436
3278
5116
7248
6412
2895
7778
6500
3843
4339
568
3728
2193
9653
6243
2053
4510
3645
3989
859
324
6667
1230
9674
4725
1947
9389
4132
3789
5394
4737
8979
8358
9163
6927
7826
6068
9731
9493
8311
2077
2099
5782
4824
3411
3466
2709
1455
1320
6495
899
3748
3497
9407
6571
3323
6639
4498
6881
9452
2592
4423
6138
6691
7967
6039
8976
8156
5780
1888
5925
7391
1129
5728
7402
6109
1706
7544
4268
498
4423
148
7940
8886
3926
8858
3714
8356
7713
4385
5289
5898
235
124
9482
9650
8509
3715
6822
6738
4764
6533
7750
1282
3593
5260
2385
7039
1139
4028
762
4800
4543
78
5181
3456
9273
2640
2365
9834
9620
9879
7829
6475
4443
1474
7525
3685
7422
9650
1238
4673
3896
5226
211
1983
5467
1784
7395
689
3969
1847
5936
4867
118
3728
4334
966
360
2738
8034
5793
5733
2129
6924
485
4333
7089
9091
8387
1874
6725
2104
9827
9755
3784
3622
2170
2150
6389
3239
5076
8377
5311
7494
8853
9463
5803
9502
8747
841
5395
704
4670
6181
7712
6141
8348
8169
3848
5887
7094
7232
3464
6745
9176
83
5548
7739
5851
1588
4751
6608
7337
1091
9398
2685
8696
8084
8044
3452
1162
7942
8167
5445
703
3368
6738
3035
3028
805
910
3384
994
159
750
8318
5093
9281
5159
2318
2301
6028
8425
7301
3487
3207
1115
8626
3971
7868
973
3301
7147
2671
1709
9093
8845
789
413
3326
9963
1791
5574
6303
6285
468
5345
8878
6191
3260
3297
3515
7645
4331
3952
8763
160
7569
8759
2055
2288
8141
9830
1648
7989
85
8600
879
6544
115
8884
4625
5641
3040
8520
6454
259
660
9182
4134
4701
140
4027
819
3799
2603
4045
8681
1977
19
5798
5746
2151
691
8975
4156
910
288
4332
5862
5695
1873
41
6551
8309
7004
7603
3253
2248
2356
5659
3190
1061
1961
7668
6908
5087
8803
1735
3243
3539
8717
830
7828
5309
7970
5093
3520
9698
8156
5571
9657
1366
3841
899
6639
586
1114
1675
3922
8948
2290
4380
6801
5641
4755
7954
8565
8105
614
3451
7289
2154
7128
8416
6565
9969
5613
9135
3684
7597
980
3613
408
1792
9880
5501
1274
5963
7912
935
6670
1354
6129
1475
3931
1488
6650
1109
1050
7085
3783
796
9405
7777
8160
9872
4605
3028
9883
1901
4827
5283
6351
2232
9241
7009
4917
6905
8408
6150
1879
5322
38
1960
9303
2109
6602
9705
4019
1683
7085
418
9393
9050
3389
4590
2482
8653
5245
2337
8021
9743
8151
4557
8841
4423
3437
25
2154
6526
6232
9942
3148
4110
5510
9741
4981
2580
436
2373
3803
3392
9533
6066
7656
9000
6098
7143
9455
7717
9684
6768
1799
9789
6288
2644
3162
8515
353
9948
6734
2607
7706
3202
1270
9371
1436
9885
5000
5300
4362
517
6638
1219
9621
4035
6870
8013
564
510
7780
8098
4772
7504
9155
2252
7325
2546
5757
8811
4878
7205
7734
247
909
4972
1642
2765
3512
7471
5264
2986
5530
2502
6153
8238
2194
9822
2361
6938
9185
3428
6216
3245
7965
8878
77
3862
5677
4340
1305
6473
1163
4376
5619
5621
8850
6634
2473
5763
4003
455
3455
6450
6749
7286
1730
4769
5143
4942
2244
5119
8237
9223
3008
1178
8257
782
2460
2698
8119
9860
5877
231
9590
8917
9621
9264
5685
6540
4256
8862
5304
238
6840
6451
7540
7931
9115
2059
6370
5728
8822
7999
6308
2229
4457
6189
1024
6967
6496
2556
3401
4345
6002
440
2289
8952
7476
3294
2473
7718
5131
2940
5697
9879
3532
4276
9029
8993
1347
3115
3289
3772
5636
5342
7234
2377
1544
4043
8504
3490
3063
8460
82
2938
7727
5795
3331
3432
4635
6163
9448
8688
5889
9348
5312
1625
5425
457
4582
6002
1602
3023
3191
1556
1923
3676
8142
1027
4919
7335
1201
1300
2934
4497
643
9795
5741
1933
9318
7448
4343
2097
1871
4095
4378
6718
728
802
8981
7781
3254
1761
7114
8446
6795
8663
7453
1705
1969
8510
2648
5864
5577
612
1037
4257
4641
4009
7730
4336
2583
7535
9322
210
3689
1831
5457
9953
9093
2429
483
8376
6698
8804
433
6884
1365
7965
306
64
2587
9614
9450
6540
3624
9075
5771
6380
5898
4551
7190
1965
2464
2691
6751
2078
7452
7849
8876
5176
2179
1086
625
2617
5258
557
6066
2810
1405
7529
1197
2869
6890
4029
8230
684
5389
3332
6483
2890
6085
6330
397
9600
2195
5621
1135
1460
8248
3171
8238
8326
3641
8289
8013
8946
5473
540
3803
7482
5647
1824
7623
5648
7023
8837
417
399
3091
8400
9638
5512
3996
2133
341
6751
7880
5141
999
8813
1429
8470
5358
5608
1099
3733
4484
3339
3940
7950
9301
3361
7782
9151
5035
1124
40
4334
3426
3428
3465
1461
9872
2530
3007
2246
3523
6611
4095
7840
1759
9855
4931
4037
7224
5966
4910
3157
7374
7945
2888
8477
2235
8929
6266
202
8392
3235
9737
1854
6275
3247
6425
6109
1971
6866
6267
8014
3582
3916
5709
1194
9465
9696
1348
2279
5443
1904
5127
9151
5296
5464
1682
6383
2160
3895
8748
9987
7454
5581
8073
8702
1203
8418
7242
89
5908
5279
8274
2455
8077
2449
6936
6797
3896
3641
7645
4224
6261
7746
7029
6152
9206
8824
535
7623
9374
5969
5758
5188
6888
8075
273
8927
5055
442
5074
6699
3930
3358
7766
5263
2429
1454
6249
4529
1581
9919
4729
4482
3644
6549
298
22
2918
1787
140
6953
315
3116
9288
7545
4076
9992
1985
3091
9110
2037
9651
7470
3251
4344
1416
3735
2249
3969
3892
4605
9876
177
3754
2321
1888
7444
1488
99
6567
8783
5488
9963
3969
5036
2226
1692
2922
1563
4212
7637
8190
2056
8931
798
9510
2713
9749
1326
34
1326
9802
3412
6637
7510
6895
1512
9307
7192
9160
1664
9052
1728
2225
96
268
7291
499
6227
5335
761
6919
3637
1651
156
7430
1647
8756
3415
4737
1593
2682
377
5072
2846
7372
7831
5267
4587
3755
5497
3633
2966
4535
7137
6338
9205
4431
7798
170
9279
5634
1981
1810
4205
4542
2355
6689
9377
537
5549
179
6918
6697
4743
8197
616
296
5290
7884
7963
3837
8713
9133
4106
717
5609
7070
8370
6916
292
4895
9969
9033
3073
8770
2774
2896
3945
1266
9298
6297
1135
3734
6978
9097
4238
7851
7789
8279
9588
2741
8957
6024
2822
7993
183
488
8704
831
1308
9073
625
8770
3752
5850
5871
3519
6299
389
7897
1409
9554
8428
2348
2288
9998
5787
8561
7159
4010
8621
3420
729
9104
2481
2885
899
3733
6093
5126
2287
6252
3369
9504
5064
9982
599
5323
5327
1576
6325
2508
7796
4640
5531
3525
7583
4297
6737
7659
9423
1508
6327
7987
5608
7444
2273
1709
2511
6471
4468
6616
857
8757
5149
6171
9576
7424
1235
1182
6467
6732
4775
8974
6857
354
6291
6527
4074
3088
4000
6984
2393
5540
3248
2130
4277
9695
8187
9029
9700
2791
4738
9335
5847
7657
8361
2363
9454
1866
9857
8129
7348
6913
6034
8238
6448
4807
8141
5551
4879
7154
6107
2976
3537
5842
8650
8341
3520
4171
7695
3226
5285
5610
1664
8781
6216
9430
7787
8672
7317
3275
7701
6891
9510
3970
8318
7404
4050
8650
7433
2430
5019
1463
8747
1986
2767
7505
1737
4720
1819
6892
5807
2320
2957
1944
6928
4859
4385
2098
7023
4894
3831
9402
9141
6595
7114
1512
974
292
3158
6047
2977
3127
8483
3550
9537
9038
547
3181
2587
1396
7517
7487
2550
5043
8247
232
2681
5541
6832
7785
5646
9093
1630
189
728
5988
1274
6193
9421
9662
3985
8763
9443
8129
3572
8104
9971
5891
8033
2015
6334
7977
4061
9294
5271
7069
180
549
334
7690
8513
1460
8666
4772
8300
8049
3161
8088
8996
7326
611
7154
6839
661
8948
9380
1958
7614
2548
5865
7643
9284
5335
1964
3800
7461
9501
163
1458
6645
7190
9141
4176
2006
4485
1661
2015
2174
6354
8459
2248
6577
28
5325
2422
6672
3127
5629
7653
2971
4363
4515
322
9996
6955
5193
7854
6192
1319
4494
2865
4901
7440
2752
7782
459
8746
4743
5440
7989
9015
1807
3187
6209
6163
3313
319
8189
1810
7359
5652
1076
7462
6040
6837
837
1320
7972
8198
5081
6058
7200
3169
1107
1092
2409
1537
6128
1045
2568
1747
3581
5306
7752
2633
5276
7038
3890
4628
9341
5243
8984
355
6990
8245
8802
2375
8630
7446
1428
2796
4344
6557
4692
7770
7532
7925
8566
3215
9728
4592
7656
4774
1760
8917
4866
8283
3741
1396
8078
7187
104
1999
3963
6546
2839
6845
5451
7617
3329
7783
2291
8318
7652
8995
2748
8484
8300
7321
7980
3298
9153
3206
6930
3289
7504
3995
3049
6505
264
568
5911
497
9557
7080
3683
8467
1940
1339
9711
4945
1898
7350
1375
513
1170
6260
6435
5398
1960
8336
4422
8755
7704
2325
6769
6819
3723
420
153
8890
4306
5064
1219
315
7275
9745
6612
2868
8373
9502
5620
418
8136
2167
1030
3432
4210
4697
5204
8761
7873
8501
9687
5028
4501
407
7346
7493
24
3672
7464
8919
8710
309
9414
9896
2258
4889
2558
2114
9373
6645
1466
7574
4004
700
2072
1822
6485
8177
7907
1763
2472
7277
2200
9472
8257
8861
7136
6300
9650
9217
3034
4352
4520
6665
2094
5588
925
3756
8741
3628
6580
6158
7047
3773
7846
7334
2047
7191
8772
2123
9001
8389
2543
3637
8456
7778
6714
9493
1536
273
1605
6076
8205
6428
2621
3008
8097
6305
8030
793
4649
8156
9028
9532
7094
8046
3814
7723
7108
7781
8663
4456
300
8798
50
9027
2279
5761
5308
5052
8403
8469
829
5134
4785
8390
8536
6050
9987
2475
4649
6994
8694
2241
2839
1059
5911
7589
9752
3052
6756
5892
5718
5733
5281
7586
3093
8789
4724
9711
3736
3411
5672
4366
1866
8997
9933
4167
4376
9775
9301
19
6362
2350
7410
313
9258
4621
792
8229
7615
7792
8574
2689
6725
1679
8354
2496
5447
1637
5697
7365
5453
8531
9929
5667
8437
7736
7823
5982
7821
6745
953
2118
8851
1058
3054
2165
7115
4545
8307
8372
6936
9946
7211
23
6607
398
8054
1126
1980
2667
7383
3301
6053
4123
9081
5061
5309
5160
3940
5056
5743
5696
3126
9419
4597
911
2336
2274
9926
1808
5888
55
3457
5441
2559
7534
6243
6070
2850
9164
5698
1019
9892
4787
8801
5753
3205
4147
9199
1293
8636
5611
6378
2672
1485
5716
9018
8474
2176
3229
6145
9199
190
4308
4093
22
7683
4001
1964
6293
7657
718
1576
1491
4300
3009
8012
3273
9689
1840
3078
2895
4934
9144
2086
602
4429
6750
7155
9535
733
5640
2438
5312
2904
8159
467
5098
5095
7439
8188
6638
6855
1386
8281
8189
4830
3002
8936
6848
6296
4790
8908
2093
9003
8003
6084
4584
3514
6023
6896
8952
4180
1052
2471
7123
7783
5821
4818
7405
4215
8878
1256
863
7687
3974
6149
3027
9688
6622
5496
9875
804
1840
585
9517
831
2674
8788
1387
3175
1745
3955
9685
1197
8739
254
3679
2945
212
5997
5450
1088
6310
3047
3974
5432
9265
8563
7102
1938
8650
2657
5832
2466
3579
71
3203
2117
4759
3499
7493
9060
6354
7303
8102
8881
4316
2465
3834
2732
9087
5227
4555
7986
5927
4960
3027
6474
3924
52
6490
8510
9297
3670
106
9244
9774
2689
2016
1130
6986
6412
625
2236
2824
4751
3116
4752
7850
3380
3027
2124
4481
9254
8196
4835
2279
1037
2633
8102
986
5804
6783
8545
669
9099
8595
4520
9694
5079
1944
8541
5841
2764
2025
4399
5688
6898
6435
6089
3229
5248
1767
8991
758
8169
1401
3128
2752
4383
718
5630
8734
9276
9575
7059
1724
2704
6234
8202
9400
7899
2189
9465
8025
8482
8691
5151
3108
5157
4168
6851
7677
8501
8596
9146
6627
2703
4154
5472
2414
1434
672
3833
681
9900
1623
982
7518
4895
7075
4785
2464
975
587
2998
2495
5677
7984
1511
2793
59
371
4261
8869
5806
6233
9941
36
2560
37
7118
3464
258
1058
9724
6211
6930
4299
9767
7491
1331
7728
8240
4262
9271
3664
1879
1517
7885
3995
4081
7293
4351
3505
4033
1519
3492
4703
7397
8226
3122
231
7223
6057
3424
6880
6147
3829
5589
9591
781
1896
9799
1657
1935
5686
5320
7242
4691
3467
7152
3387
7418
4105
2742
3322
1145
8868
1561
9743
7706
876
8440
4102
7234
2109
1399
408
1977
9453
1540
3941
7702
2854
5656
9470
663
5393
1177
79
2007
6868
1166
21
9092
2647
13
4448
1950
3147
6123
45
8448
6243
3831
6227
6474
2872
2939
6397
6201
5039
8284
8748
3489
8660
965
7350
7068
6894
8606
6985
473
2291
6715
5076
5190
4449
7758
5499
1969
1501
2746
6702
448
8931
4917
2357
6533
6658
2744
5951
8119
5088
6990
3896
148
1486
2775
9223
7121
6140
6388
2927
2802
7273
8945
2109
9064
6715
7723
3599
1569
4269
2769
7254
6084
9476
5935
1322
4897
6318
5945
7954
3110
6276
6784
6419
3105
3517
7560
2237
9961
5422
1649
2015
4070
9507
298
333
2537
9817
3829
2802
6484
313
3984
3588
8240
2355
1266
2590
4524
2755
7551
2539
6557
4112
444
7646
6276
2831
2182
5021
1982
5976
969
338
6587
91
9071
9410
2826
6387
3598
1490
6178
6832
5545
8788
9339
4038
8006
9523
9959
1649
8205
4826
9699
4256
9203
8539
6737
9760
5089
7013
5796
2154
1790
742
4513
6645
7454
6236
3943
1177
6725
9931
9845
120
4828
9879
3008
1552
8914
1031
2231
9128
3890
7223
8955
831
5039
4727
7355
9084
9888
3066
4885
8811
2123
3726
1375
447
9475
4643
9085
9494
519
7698
3457
7536
5743
3493
3283
9929
3478
7054
8995
477
9755
842
7190
9971
5276
2886
1586
140
4232
1698
547
5940
8070
4055
1870
3116
6732
2535
9403
3503
3035
5973
4684
2683
8700
7992
2816
8613
8866
4577
5747
2302
3833
3382
952
3942
4137
4734
3292
4435
6342
8829
674
8109
8279
8652
7150
5948
1317
5558
1271
906
8033
8698
7849
7033
5680
9697
9223
8480
907
7292
2123
5504
822
813
3385
4377
5604
5720
9640
6468
2037
8295
6680
8234
1650
4216
5806
2974
4704
8546
9321
4081
8791
5511
1758
5623
1598
1046
1702
4700
381
2136
4448
6836
6570
8571
4824
7991
7257
8182
5667
802
7761
8079
3608
9903
6523
7422
9784
2450
662
4078
1303
5019
9942
6919
7052
1841
7026
6025
649
6323
9367
4611
2958
724
3334
5496
8516
7464
9433
8386
1592
8922
941
1436
7243
310
2968
8109
7124
2949
2096
4441
4754
5997
9966
7634
9683
9439
5439
4671
120
4182
4060
4483
7162
2704
9641
2978
4610
7156
7760
8650
7143
6950
7218
6016
5192
1645
5713
9482
7954
2166
6674
4860
9977
5609
2033
7642
1054
2385
2253
3866
8988
1460
4253
8520
8744
6516
2498
8948
1827
5323
5123
4332
6045
762
9732
6275
1196
271
6001
4800
2752
4922
1467
2781
6305
3025
6103
6789
7603
5120
462
710
5660
669
5616
3845
7259
8488
5885
5506
6388
5364
9182
