3703
3326
3933
3471
5631
5439
3669
7803
4187
2772
6292
7545
9388
4902
7392
9385
5392
3928
7595
8360
9908
5936
7578
1511
5077
9083
4911
260
7025
5252
4019
8762
7308
7613
1899
346
6396
1308
9332
6983
2303
2687
2329
8101
6364
8715
4452
8627
1642
5368
1634
626
6459
2783
5985
1330
5972
3538
2456
4025
3731
9800
7924
9184
1629
970
2229
5128
5436
4127
7690
3792
1349
6427
2985
9581
6124
5754
7760
6634
3406
8690
7216
747
5891
8083
9338
7074
8412
3700
7971
8822
7572
7291
3913
9054
9686
1208
5382
2595
8339
3487
1296
7844
3950
9291
7626
2263
6170
3487
212
1810
9858
5383
6022
2785
3429
836
8274
6800
563
2030
738
2108
235
1032
337
5708
4672
9812
3956
6472
3159
6951
7942
4111
9807
5450
355
672
1553
7940
5307
7327
5012
3275
9125
9341
3382
8165
9450
2907
1687
8543
4835
9956
3466
7314
560
152
621
4560
1393
6983
8191
2608
7332
4627
859
1872
8511
8602
9314
4457
8931
7311
4596
3640
3809
2754
7730
3321
5961
3849
1802
1063
9403
6877
5291
6067
2442
8229
7501
6156
6679
8125
8494
731
5209
5248
2899
1384
1047
140
1647
1126
1196
4674
5500
4687
7821
6936
8015
5562
3711
7419
8801
4761
2801
5844
3534
4961
7396
3262
1153
7976
8806
3573
8949
943
327
4248
4283
8072
7659
9105
6045
8103
8020
3060
453
6525
971
3761
5104
2974
1916
1164
6573
5324
4290
6114
9508
2662
9362
3742
3125
8960
3105
5710
8680
2285
5172
3984
5431
9482
5154
2392
7193
5505
766
2554
5135
318
7221
3528
1589
8560
7979
4162
5105
2918
3480
6105
3568
4930
6071
5773
9267
6074
814
4701
4906
2306
2408
1009
4106
8553
732
6301
3230
1523
7185
458
4159
292
7011
9773
2851
8063
8287
2702
5392
4027
4369
3531
4686
1607
2660
3075
1404
613
5741
2361
9705
7137
1572
8702
9915
8890
5462
2076
8043
9289
9190
8569
1212
6358
9380
6497
75
3220
8725
7270
4530
6886
9787
9140
2763
7511
2646
3661
8177
5850
6028
1833
8330
697
2267
185
279
3724
5586
3445
138
9619
5617
7998
4510
4982
973
8249
451
9914
4665
9978
1979
698
5619
8411
3301
8604
2693
8452
5744
4123
1699
2807
5655
6722
9277
69
1505
3427
7135
8761
4991
5397
5803
2920
7764
4468
2351
956
3348
6426
8448
3051
3010
7191
1404
9773
6119
6728
8900
8290
5217
2281
1653
8835
1560
8
8635
4976
3259
9392
5958
6194
2709
9791
85
6275
8598
7360
6819
9498
1200
3687
701
9146
7927
3015
2183
6116
4516
6289
5948
2135
5765
1044
6932
3195
6956
1534
6216
7222
4615
2890
4051
1918
4177
2878
8711
6145
4519
5773
1315
1179
9946
4781
836
2170
6621
7616
4733
8968
5609
9345
5216
674
6752
1665
6568
1271
1333
6386
7955
7974
5620
6992
7029
6765
4561
1679
138
5438
4161
8947
6740
818
19
7914
2015
6517
431
6273
2428
2911
2006
6958
4584
5593
4379
1068
6675
5371
8635
8347
3855
6993
9680
8603
2103
5226
2862
8259
8052
2288
2333
4757
8077
1396
4965
3670
7606
1404
6428
1252
2434
2972
3573
9613
8754
8578
5235
4500
672
4562
8118
7581
7270
1996
1702
1527
7389
8539
9867
602
1882
6027
3180
5825
9700
5622
6858
9989
9072
9479
6474
7678
9715
9346
9222
3246
2594
9053
8937
1765
2606
5469
9008
5802
6688
6138
6089
2632
3400
3526
9740
1957
5774
35
376
9972
880
8873
5131
889
2618
5695
7656
5472
9649
4446
407
7093
2184
1034
4514
4317
80
5131
6548
6337
6194
4002
9778
6372
1872
4125
3554
9717
5446
7624
690
840
6591
946
6860
6565
1491
7670
772
2782
7413
77
7639
7217
4977
8605
6493
4033
3377
4680
9106
5756
2921
9642
3322
3112
2418
9390
8400
3184
4087
3526
4313
9409
757
6066
2097
4640
9167
7241
5975
3093
7559
6338
899
1109
2279
5095
3041
9495
7559
9340
5892
4837
9235
2675
5948
5316
9229
9638
1397
141
3751
614
5797
4608
6623
9226
6097
1323
2967
2282
8139
4494
8356
8719
7290
2489
2630
1392
4464
5057
4640
6340
3256
8696
9604
3731
3570
1042
6416
7053
2380
9703
8637
459
7386
2010
4706
3743
4553
8783
328
484
1589
3035
98
4255
2551
133
705
4536
2463
8720
6928
9689
9922
1522
7585
2155
6126
2473
2690
635
6337
6956
8357
1848
9179
8842
8691
2255
7350
9682
1165
6123
3257
1807
5418
8200
9786
6687
3058
1787
9251
2323
6189
5093
1989
6901
1930
716
2942
6725
3553
5577
649
3272
3247
9175
2639
8646
1300
5039
1449
84
9372
2257
9521
9852
9111
8844
7072
8829
3299
190
2913
6304
4803
6463
97
568
6600
6451
8843
7526
6927
9232
2386
288
3507
5131
7245
4459
494
7423
1540
7697
5486
4245
6781
4868
5476
585
1380
5328
4368
8636
7991
3012
2684
8451
8681
201
8882
6311
7040
9252
1968
7620
2988
7745
41
5604
513
9810
654
7805
8836
6570
4883
5382
728
4007
9074
3689
4800
852
7415
8992
8026
6163
6815
8601
6684
4379
3829
9836
3087
7480
5598
2784
1969
6509
3721
9372
8805
1052
8033
2846
4996
7243
5351
5634
6143
3508
4031
445
9109
685
3357
9394
9140
2379
4474
1791
8840
7649
3217
1091
6137
9010
1418
4166
316
9518
2569
5560
4192
4079
9918
7813
9010
4798
7222
6685
8362
667
1645
8155
1302
5904
4628
8212
1657
7516
8642
5334
3766
3879
8966
5409
5665
7588
2559
3989
6556
1166
4768
8706
8181
3551
6879
4946
5067
1351
6932
9002
3669
4097
7509
6548
7252
4623
6103
2415
3755
1200
2563
8941
2349
7182
5333
3083
476
8653
711
6785
9186
8147
8369
7906
8892
1627
9632
3762
6917
9858
5217
4726
8835
499
5685
6014
8385
6352
3960
5318
9185
320
3923
4305
6622
2185
1658
1330
2107
3381
3219
6925
9304
4679
1674
8454
5794
9506
5107
7027
5947
284
3448
8257
9127
1712
6778
7636
9429
9621
1448
8908
9273
9754
6767
3966
7533
755
5051
2390
7244
1991
5973
996
9244
3568
2874
167
4993
2035
4570
2792
5839
50
8237
7346
5278
2581
5397
120
6409
440
5304
5725
9573
3537
6696
1667
3717
7569
6998
8166
4267
7082
8847
345
1848
8345
5127
7124
6068
2570
2147
2428
3404
7643
3560
1937
2846
3488
5096
7877
5815
5271
992
5144
5326
4523
3023
1848
5797
1124
9358
6186
214
3839
9125
3469
3408
2062
6318
8108
3989
7900
6272
7837
7491
4976
8341
5911
1753
7251
2699
8239
5905
5870
5608
9512
4361
2585
6403
123
4643
970
2241
4371
2435
3996
7944
2084
5321
1515
7182
7143
5672
3824
2623
6141
1847
8022
5038
4966
4019
9028
7008
5783
8509
4440
3008
4572
9674
2948
3438
8020
9847
9464
1032
1634
6771
3242
886
4010
7514
177
4022
7414
9396
668
5778
7482
5854
5374
7385
3164
6339
3726
8899
3768
4692
3374
9489
4891
1226
1265
145
6562
5316
8523
2039
5598
4647
9288
9857
6862
9196
6627
7524
2180
8309
7678
907
3272
4373
4002
6120
5478
9575
4106
7772
2366
2369
8548
7778
5830
5538
5078
414
6573
4169
4066
1552
5037
1923
3231
2329
5482
7615
4420
1485
3214
4777
4479
1472
575
5214
3885
3842
4414
5726
1320
8569
1457
6128
6402
1832
5221
9363
3591
7309
3274
1742
3569
9797
8026
2094
2108
1469
3802
2125
8002
2680
4919
9931
6003
7577
1639
6997
3330
3709
8841
8207
3485
7111
1766
2692
1243
5457
3505
931
8940
8398
5833
2614
236
1435
2173
9431
9155
9610
6035
9078
9322
2592
5037
8141
4404
4565
8397
3817
4541
1749
4248
3326
3209
7746
1757
4027
966
9463
2913
1577
8064
7328
4427
815
963
317
2422
2019
6343
7409
1272
7660
4040
1769
1899
5882
7743
9112
2637
3428
2275
9655
1708
2099
435
9075
780
8890
5599
1179
8391
6398
3
1816
7695
2311
2938
6562
1606
2293
8813
2194
6050
1904
8220
5978
901
2682
3015
3313
2971
1165
7267
8731
8195
6701
8974
4423
6320
9858
8948
1482
9703
230
369
3807
9335
4132
4227
7318
1651
7168
2646
4186
5191
3396
9202
4630
4865
530
2953
3064
5400
7654
2402
6535
7824
9498
7049
4505
2352
7928
2019
1788
908
337
759
8680
5465
8686
4121
73
2351
590
7207
9543
9032
1914
7966
4179
2011
7253
2443
8484
5071
5567
6032
4575
4192
6155
2247
8548
1437
6835
2571
4420
8208
9275
4653
3185
2565
4266
1815
2043
8723
5273
6114
3580
7073
3317
9
627
9606
1779
6176
6584
750
75
7989
6928
1684
6152
9837
4988
1451
5154
2546
9760
7564
6007
3482
6820
7860
7991
7769
2821
4592
1689
9646
7459
9821
9386
3468
1454
7477
2335
2451
3269
7154
6328
9448
1102
120
4924
1798
8465
324
3016
1413
9801
2825
1817
616
7049
4546
4733
1735
953
9142
9734
7395
4338
6140
5502
7268
920
4895
2259
3970
1108
6927
2396
6774
4374
1162
6015
6250
3843
8532
764
2877
7719
6128
9543
900
6792
6648
5562
8531
4621
5350
1095
3461
5985
4954
531
1362
3475
758
1863
831
831
3549
2152
1524
8431
3021
6831
89
3723
2974
7611
9239
6255
5199
7716
3564
2809
1210
1721
3436
296
7816
6943
6526
8416
2481
8352
3612
6600
6869
552
3651
7858
4721
417
5001
2715
5848
8798
9090
7317
2431
8324
1000
2569
5921
7474
4642
3435
3550
4591
980
5303
7389
388
6776
1940
8363
5029
791
5858
4736
7605
3663
3364
6961
797
1569
9287
2880
6176
167
8730
6658
5721
120
7330
949
6752
9687
1168
4195
5793
6600
5118
473
6423
597
5065
3962
2323
5040
3331
6417
4480
1737
9105
2271
5744
9096
3970
8681
2178
2839
5333
5125
8349
3508
5020
7056
3273
4993
1208
5905
9253
6259
8638
9318
3026
8298
3644
6580
2616
4971
3227
6525
250
579
6514
9704
4519
4410
4364
444
2352
4423
6001
3270
5906
7109
8146
1683
8616
5707
6459
9004
4398
3505
7429
3645
4257
4965
6882
467
4608
2014
2801
2040
7578
8844
8589
9934
1869
4650
5156
8702
6766
224
476
241
4380
3339
3479
1121
9376
3395
2399
8746
1671
6505
5057
9878
9136
9086
9887
3251
6832
2918
6838
4119
4970
4329
9732
4878
6186
3280
8219
6428
5216
7140
9812
497
7062
5078
548
9164
5098
4799
6554
7606
4000
1561
3426
8884
4037
1586
2794
8370
2210
1495
8284
951
1977
1191
2707
668
4991
7458
2894
6687
8010
2866
431
3934
284
3853
184
8719
5938
935
5587
9596
5761
5386
2452
5726
5739
105
4533
8448
9407
4286
4523
9214
6669
1342
3657
4714
1898
6945
7814
1321
2463
1356
2725
8541
7358
1112
2621
7888
402
1300
7304
8985
5489
703
8078
2270
3666
4045
6708
6000
919
2681
8771
9761
4953
8861
2645
18
7713
7711
5110
6643
3612
7108
9497
5911
3860
7688
5151
8896
4782
6838
4210
9888
3036
807
3163
7622
5638
6501
4060
7220
1337
7145
4815
9993
474
9801
5661
174
4577
5836
1236
4032
7525
2451
448
7207
5390
4836
997
9961
7496
1781
8878
6861
6354
1648
4812
1686
6024
2635
9145
1940
6474
3928
7264
9992
4140
2112
2031
4636
8827
9140
1885
4679
4679
3674
4430
5840
6886
3390
6202
194
3115
6705
6834
5941
8423
7342
2749
965
1419
2408
9036
2042
6509
2489
5480
170
6795
6020
7781
8471
2563
1469
8504
9944
3634
7397
3827
6048
9114
7413
6224
1699
2687
6639
3786
1219
1115
2689
5626
2131
2076
9108
4439
2640
6804
4444
244
7242
4269
2063
2867
4528
7038
6456
5284
7506
4787
983
935
6058
812
2697
6203
4581
1114
5108
6496
6493
3957
1701
4419
8000
8319
4668
354
5233
5848
1532
2621
2266
420
7941
2425
1817
3710
1862
6760
5404
2065
2504
6574
3390
6352
6299
4678
4064
4509
5675
1009
1206
3703
4148
4307
4722
6903
9579
6906
3394
7336
3706
563
7071
6567
1788
508
986
9692
3590
8781
7282
7037
1686
6765
1634
4984
7738
2302
7412
5872
1057
7590
2508
419
4644
1447
9659
5084
3818
6454
1953
3538
9439
2955
9818
3857
9100
5269
2287
6938
3398
3072
8502
8786
703
4339
2131
3807
8620
523
3970
247
8220
71
6650
6834
8821
8879
806
8676
9950
4460
1636
8522
4971
8300
3576
2301
2714
506
3520
5518
1567
217
1896
4108
130
6184
5362
7556
6785
4822
966
2530
2017
5635
9417
3969
7299
8453
5985
3108
3132
7376
2832
3781
2432
6550
3669
811
2370
6582
6813
2086
5594
6197
4112
4037
3813
5053
4045
5273
7161
6630
6866
5303
4457
5247
9577
5022
6186
9080
4338
7084
3956
7049
2816
9462
4877
2322
7354
2718
1249
1145
3768
2456
7129
5996
7592
1069
9759
8806
1941
3049
1771
25
7014
2516
7962
5972
6908
9503
2198
9457
9093
4976
136
6154
6137
4096
7606
5130
3637
5075
3802
8565
665
842
4198
9532
9777
9878
8917
5648
5854
3240
283
4338
5694
6905
5439
7649
7733
9518
85
315
7167
6058
9560
466
6867
6782
8841
3932
3854
9025
1924
4705
475
7305
3168
4577
6351
1522
6559
8156
7493
4714
7404
6916
3967
2999
8289
9501
3345
9327
2550
144
904
6261
323
1981
1669
3761
4951
8362
9746
8220
6993
4148
1633
2975
7505
4667
2842
4885
7073
1530
9087
6874
9797
3078
8810
3178
5284
9223
3705
9265
7576
6583
4318
4271
9991
7242
399
94
6586
2605
7669
8485
8392
2212
31
1223
5269
5392
9573
3670
5826
6353
200
6634
8271
5305
2956
6466
4602
6916
9798
2095
443
1840
7531
7789
4837
1777
7694
4094
5592
3748
5269
7066
4013
9163
1585
7550
4096
2951
3860
7073
9647
5169
6821
6976
263
4314
5663
1189
7624
278
9196
898
9234
8069
7322
6959
6716
9207
8943
1321
4175
2746
8741
9188
8844
8379
8540
4805
2377
9596
309
7283
3238
5275
4481
6356
754
8339
9087
2594
8671
7085
1121
1610
7906
6895
1864
5354
7054
9986
871
6019
9832
8959
3656
8435
148
1319
7502
2492
4740
4709
91
6167
7250
9665
2557
9853
6534
8857
9099
1581
9776
769
5009
8964
1703
2059
8233
437
6908
1489
719
1391
9501
1325
444
4913
7879
6489
9117
5704
9479
1557
9933
4643
3410
9291
2339
723
2866
9824
3100
33
6597
7895
4597
916
3477
9506
3718
7458
3746
3072
8810
521
1272
3903
8904
2173
8534
3420
7351
6196
4099
6687
4842
6931
5614
8995
803
283
9078
9668
8079
1770
2584
7457
9695
6426
9749
142
433
5124
143
9994
7040
8759
980
2570
9326
9886
5585
511
4477
7263
7166
6149
4448
8553
3842
5339
1628
3656
3314
1864
9035
278
6874
7589
81
7716
237
2011
5766
5148
4357
8243
5949
4582
3034
3560
2716
7611
3430
6700
3679
9867
3670
4645
1589
7800
2033
4132
8086
1650
5404
392
2345
2851
5800
6370
2419
8576
2797
9290
8071
1864
4612
2919
1279
4011
849
7728
186
2330
905
9309
2909
7965
6744
9957
1102
9230
1723
39
9764
1889
3141
2321
3293
2322
1640
8421
6996
4827
4433
8092
5524
2654
1081
4078
8172
1105
1163
6363
1905
2605
1048
3185
9798
2755
3801
5065
3941
6017
4437
9654
6362
1302
8500
7842
1547
7423
8041
4745
1304
7006
8449
4672
9599
9223
2323
7818
3196
5284
960
2301
5794
5772
881
5780
1272
6743
3189
4974
4890
2904
3558
3825
3864
1602
8936
5118
5184
6104
7559
6073
4545
6146
6979
5315
481
997
4859
8054
9601
3520
4734
5746
397
9227
3127
3643
5747
6063
5234
2138
3728
5609
1802
7397
9017
8790
4499
2108
5922
269
4482
6869
295
344
337
7951
5851
342
2638
215
2204
9897
1763
4378
8329
1453
2223
1183
6367
5474
2676
1503
3100
1404
7552
2322
9660
5305
3807
1289
6949
5538
2967
8313
2852
9652
5233
8648
5520
1044
2200
969
9296
5332
6906
2502
8091
4297
1797
9576
7029
1813
4911
7942
5220
5028
5657
9877
2703
280
2922
890
2329
1668
4381
7208
3367
4967
9247
7745
9965
5845
7241
43
9605
6288
6536
7580
4578
4840
8141
7571
1382
6894
539
7357
8676
5301
6605
6420
9146
1031
8385
2518
8649
981
5205
1767
6613
2942
8264
3330
828
4408
7520
6946
5278
4118
7490
8220
9807
2424
6391
963
8172
1174
8339
8136
406
3439
2361
2931
7357
1625
8584
6513
4206
1568
4869
8176
9122
9659
195
3958
5826
1761
9665
3585
9133
1694
7617
7243
5474
8874
9413
5415
188
2544
9284
4709
9425
3035
1019
713
4479
3370
1829
6336
6559
5676
2424
2739
5657
2769
4203
4566
8241
3309
9529
7150
8423
383
567
8498
3229
4765
2588
2094
6023
3743
7350
3048
9186
1377
4736
633
7092
5193
3870
44
5193
8033
7094
2597
558
2404
9019
9589
6951
3488
2590
1255
6183
4273
5775
3632
3313
9127
7008
7021
8726
2029
4856
5870
3507
4462
8991
7540
4679
5525
2674
1688
664
9480
7378
6141
7220
4162
7754
2276
1044
1706
6971
9971
3777
1716
8739
3321
699
8678
7638
2546
3619
7369
3533
5707
6314
7908
5563
1139
886
4557
3245
2358
7565
9701
6028
7527
7549
8300
6606
1288
4663
2448
1764
1958
3990
6232
1615
6729
4418
5594
1634
4233
3978
9318
7538
7997
8009
3504
3232
4681
8025
3395
2011
8302
1782
3916
8425
331
6608
3118
9667
847
3295
4474
9927
1288
1954
2674
4931
7974
5412
833
2927
1693
9837
1404
8075
3841
1011
1496
9780
219
8490
7462
8758
7463
8793
7089
9689
344
9189
3606
126
2025
4603
4046
6236
360
4806
364
9165
1309
9944
5406
1422
1456
3744
3680
6229
6730
929
8244
96
3900
8733
2542
9467
9790
6077
2756
5237
5870
1573
7249
6709
772
2519
3544
989
1620
9304
3457
5849
862
3366
7196
5984
2200
116
9587
9457
6786
3527
6562
2030
4630
6803
3199
4322
1870
1558
6045
285
3044
9313
4094
5915
426
6705
2579
932
6705
7837
3170
9063
9081
9428
4727
4544
4105
435
6144
3046
8961
2504
521
6400
1898
1979
4826
50
3085
3453
4700
3387
6928
5450
1014
2853
9688
7860
385
6031
6234
3404
2152
3361
9857
1731
9846
9355
469
8792
3479
5474
549
4083
2641
3243
5679
3145
2880
4073
8637
4723
5872
3618
6224
2255
2692
8462
3951
1696
3615
1068
4355
8970
8561
6372
7564
2801
2462
4963
9743
3577
193
2541
1433
5420
4712
8864
514
2696
7821
101
8648
4858
1317
7108
9678
2511
2145
5606
5895
2198
2606
5963
3859
5300
4689
8143
7366
1173
5187
1032
2331
8873
7594
7815
4634
1521
1641
6752
1098
4729
8620
1307
5386
3361
9408
8127
5886
5340
265
9639
6333
5427
5420
1598
7781
3725
6254
1353
5230
2374
511
8115
8926
8887
9481
4791
3469
8119
6720
8486
6116
662
1550
7600
6483
6470
6917
604
8007
4909
746
2008
6393
125
2259
9588
7750
5499
7292
4572
8362
1250
9734
6348
9090
2228
6930
8356
4300
8104
6263
6241
7036
3335
7622
748
1059
386
8498
9993
148
2171
5644
9385
6291
9286
5747
835
2780
6118
4007
5116
9876
9513
8716
4752
7771
9913
2246
8944
7733
8630
1090
3853
7329
1035
7643
4903
5665
5109
3783
817
7497
8977
9171
8639
4157
2495
7695
4777
6718
7721
5128
7081
6617
9129
9157
1107
4218
9136
569
3535
7335
190
829
8064
817
9684
8392
7703
2358
8746
5151
9519
4568
2421
