9484
2785
9878
4817
5380
621
8821
7302
4998
3168
7331
7211
3861
3795
5397
6238
1740
6197
5259
8769
4497
9693
85
3937
6714
4195
6701
9306
9942
2697
2428
1251
6223
692
6330
5896
2374
3621
9727
1773
6477
101
2225
5365
6317
9968
9385
2625
585
563
4259
1986
4813
5842
1613
2528
1660
7194
1085
8173
268
3622
8423
6951
9417
5957
7101
6717
6981
9335
2594
5794
227
6444
3949
2509
2421
868
1231
6487
2236
5325
4568
8597
7975
4116
5309
7345
7230
8119
1739
5100
908
2320
6406
3478
6602
5849
256
1101
9661
3358
7961
829
2386
3602
5288
5171
7877
2850
2420
7824
9830
676
9703
2335
1237
5768
5230
7496
7995
251
3103
6203
2274
1794
1861
5865
8895
7712
9584
83
2241
1078
7260
402
3773
3408
3573
6375
2019
8165
8217
7783
6676
4919
3004
1140
8440
1350
5616
6409
33
5998
1618
362
2246
5483
4730
4774
9270
5625
9374
5432
2868
5913
7761
7544
8334
9697
7251
3556
8894
5422
3994
406
7058
3526
4078
3910
2876
627
872
3568
7307
1318
8206
2268
8608
7171
6324
5729
1063
4933
2908
3127
3316
7282
8415
6904
6976
6797
2919
2085
5317
5522
9808
1239
2377
1380
5479
517
5012
3186
710
2196
7080
6903
3735
7069
8149
1371
6330
7957
8890
7127
2108
5022
8501
2269
3528
1640
6576
5583
7284
6905
1018
9219
4621
591
907
662
3836
7558
9267
6559
1906
8611
5041
8723
3298
9231
4019
8524
2439
1676
4529
1662
6687
6882
1967
2744
9697
5937
8066
2108
7513
2013
8741
7233
5770
5974
5717
883
4681
7222
9268
4196
1250
7470
4814
6619
7878
5144
3352
8314
8501
3929
2605
3270
9796
8507
3278
7959
6434
4681
22
7153
736
9015
257
4195
3077
6512
3846
9267
6023
6914
8700
785
9716
840
6155
48
1364
3790
3950
2392
3819
1887
6889
8099
6008
2044
7346
3650
6719
1090
9104
2271
9321
1389
9882
4103
1642
7614
7123
3316
4795
7150
2983
1793
2132
9342
8444
8421
6344
9908
420
4377
9410
8921
1756
2622
9726
9640
5195
894
6903
3770
6680
4822
9148
3656
5174
6662
4692
566
6365
8788
2406
7493
7987
6178
5089
901
6371
8777
2897
4301
9637
8778
2603
6088
2973
9301
6909
3976
3011
9316
1873
2875
5974
7277
4411
2884
1535
9366
9620
6759
9151
1310
9195
3182
7895
211
5588
9123
9666
3366
6997
8541
2635
8263
4878
3513
4870
8625
2298
8728
77
6841
8767
1436
4062
8774
984
3204
9035
3573
5544
6649
7940
4754
4618
6829
1529
1406
5272
6679
7381
1843
6863
5422
9831
7842
7630
8391
952
5177
3557
6513
1272
6974
1529
662
9708
749
2395
1856
6282
3307
2727
8241
9614
87
6620
9585
533
9272
7736
1932
4695
5581
8505
3855
4749
1783
8914
8910
1553
7101
1549
6340
7184
2099
3304
9113
6306
2729
8675
6091
7028
140
1951
7437
4868
3962
3917
4677
9471
976
678
6353
5097
9578
7097
9651
6354
5896
9270
994
88
4049
1087
7598
962
4799
1940
63
3003
6679
7736
6028
493
6629
3665
3438
8209
2253
1631
3596
1552
6226
7756
211
6028
5234
8111
5428
6904
8451
2880
4895
9049
6927
2849
339
4760
3024
7674
8607
9961
5292
2142
1653
1453
4680
3460
454
9101
5378
578
255
8788
357
51
7125
4486
1222
2567
7131
8344
8451
2975
5108
1219
1278
8826
3662
2420
4990
5150
6369
594
4792
5257
7252
9409
5138
1408
1961
2523
3669
7669
5815
7398
8142
1527
5222
5168
4568
9398
9612
614
7414
3919
6918
2158
5010
7622
5601
3422
5115
2936
2620
3948
895
3672
2103
4281
4412
4495
7339
2966
7303
409
8087
5236
3258
4488
6788
5242
8953
9939
9054
6300
7272
9569
1137
2530
5343
5196
8645
1531
8655
891
9098
6863
453
2590
1627
8141
4899
1656
3672
2970
7037
828
4090
2755
3590
1364
2434
4889
4847
7547
8629
6781
2167
8989
2253
1271
9923
1599
5900
2109
544
9741
1785
372
576
4049
6352
5167
793
6783
8042
4081
5842
6317
6399
5998
1260
9829
3866
1262
1531
852
2540
7229
1311
5394
6591
419
6010
9164
7436
2156
5593
2017
3288
8250
8889
7763
8847
467
3895
6545
8685
2060
5998
4081
4506
6224
6131
9796
7708
8209
4917
3792
2213
1023
2307
6205
4933
7846
9599
9814
7414
6958
673
7082
1718
5615
8679
2984
41
3823
4282
5023
1909
4883
4980
3232
5629
5007
7571
2249
6139
1098
9521
8983
5678
6317
777
9140
9791
5014
7790
4349
2710
2604
4462
5928
2364
2855
2088
2100
2324
429
8297
10000
6044
9851
3634
438
5690
5971
2821
9614
4280
5482
5893
5885
695
9633
4639
5760
6680
8491
1032
8874
7810
96
5125
1468
9529
5298
2701
6033
3386
6095
5268
5475
2731
6738
638
4122
9978
4430
7926
4953
8922
3650
314
5935
7800
2971
5790
6055
2249
4671
284
6573
8700
6743
7701
9659
702
7916
4621
1364
2050
2631
7140
5601
9585
3222
7782
4498
5534
6604
4892
9018
4482
6386
8852
5247
6729
6799
9089
8584
21
2459
8109
7491
4110
3114
1443
6563
1719
4143
1287
946
2340
3311
6420
5278
5388
2801
4261
9439
2293
905
4342
5639
6068
8205
4708
5921
8577
3603
8943
608
6126
298
9606
7663
7376
5897
690
7598
7304
5244
4959
4781
1599
6395
5044
9065
1760
5781
5187
2199
607
8810
6399
5435
3214
4359
2017
5143
7653
3407
5490
8223
731
4749
8347
1554
1269
8610
643
6701
3445
4047
781
38
562
3237
6682
5609
2868
3767
247
8040
1556
8099
1346
9955
1430
9235
7340
109
4341
8315
7687
8673
7982
1870
9644
702
3355
2942
6859
2988
3311
2147
4009
1064
7828
5577
1
2156
4999
4424
3012
1483
6655
2545
5601
538
2082
5457
4705
5048
5383
3257
4608
1077
3289
1845
2248
3536
9705
6010
6074
3785
2499
3329
2356
8013
5728
9308
3622
1262
860
4934
7853
4553
3249
4610
5812
2813
8734
3123
9335
3562
539
1898
7440
4200
8573
334
3589
4749
3929
5884
858
5580
5253
363
7249
8162
3744
9272
8780
4812
1573
119
9050
2888
8917
9383
6679
8787
5246
8962
2589
6690
8529
1209
9763
7222
8209
5853
9668
6149
4272
5015
4397
1818
4700
222
5940
1505
208
4449
6886
7195
3012
8814
2740
5987
4161
7087
9642
1570
7734
1708
5243
6378
4353
237
4410
3379
450
9381
8218
6958
9755
9865
4031
5460
7866
5568
997
9741
2943
7395
218
3062
9360
3192
183
6380
4296
9919
8458
7799
4718
8461
4189
8592
9776
2743
9015
9480
4554
1033
3898
7125
8422
3628
6026
9515
8207
7870
7357
3097
8601
2551
9427
4708
5915
9031
4940
7617
4479
3795
6349
1350
8676
3097
2061
4901
9308
5446
4965
8799
3451
5769
5372
358
2139
6004
4609
9342
3407
1512
9676
2705
7962
6880
419
7557
6853
3035
8491
7581
768
9168
4859
8400
4130
7750
7445
6047
1015
3954
6222
345
7502
2638
8174
1861
2100
1502
8624
251
8588
1157
1471
1788
32
4031
9478
5746
2408
1724
3691
7010
1820
8156
8420
1106
3781
6651
8863
3070
2788
4929
6280
2652
5756
6527
6879
7863
2904
2412
8234
2211
9424
4236
8333
9601
744
4347
4526
2687
1122
4567
2161
6575
6784
7584
2338
3096
5842
6820
4128
8134
9037
9096
8942
4928
9877
6847
5122
5668
8435
8435
2506
4875
8025
1210
9462
4949
1182
9624
6697
5865
8978
768
9665
5888
3469
3716
5921
8082
6670
3557
5390
7038
3758
5099
4680
3689
3221
9900
3685
4336
2739
8377
7206
487
174
6912
8977
9768
2347
546
7259
7184
1758
1139
188
387
966
962
2663
9268
5702
2353
4955
7070
9349
5420
4639
2451
9104
9798
302
134
104
4307
9745
4242
1093
1440
3420
413
7382
6642
3439
4947
2733
1113
1061
8660
9614
6270
2127
1551
998
7229
6956
5315
3258
2191
1091
163
8557
1316
7953
111
5994
1415
6075
2239
6102
7002
6976
6134
2007
6630
4198
4078
5938
7404
6053
1618
3478
7013
7097
2739
4106
2143
9702
8057
3794
8625
694
9566
906
6391
1133
3951
6025
6771
8294
1995
5052
3910
961
3088
5142
493
6954
8986
8445
2729
2563
5160
7423
4538
3989
8834
2206
5087
3371
6987
1474
4543
1016
2354
4501
4424
6028
4658
47
4659
6152
2144
9863
7557
649
4788
2646
6817
8647
1483
3825
8995
58
2635
6302
9630
625
2263
924
7029
4246
5809
3471
4775
8817
2499
7801
1682
3996
1875
6547
6751
6403
9447
2030
9525
7594
6324
4860
4153
7699
3908
5122
8413
1044
3923
9403
4340
1845
2978
5242
2275
1721
6907
1476
8249
4720
7616
3329
279
5467
3703
5953
4289
6792
4032
7847
439
4184
7286
2609
7224
4810
707
86
7984
2005
2839
4192
1446
7444
978
1137
4513
4164
3524
9204
7882
4788
9059
567
669
4532
227
936
2879
5178
5602
400
3427
8880
4588
5715
3109
9593
4148
3903
9010
3174
2694
3220
271
9667
5856
5187
9463
5001
982
176
5972
7738
4614
522
4217
6675
993
7248
5726
5842
2838
3075
6999
8498
3617
7808
1097
3301
9130
1598
3615
2285
506
939
3704
3264
8169
7297
965
8528
1524
4205
2862
1622
2785
4883
5283
9908
6034
2746
3952
3814
3315
2771
4926
4532
4043
2381
8719
571
1887
4403
1911
4210
7619
9001
2288
4753
1068
3634
3485
7096
1254
8585
8652
2620
991
3900
3984
1544
5750
2221
8325
4597
6420
775
4881
4369
5081
7006
3521
5251
4747
1547
920
6517
4176
1438
9596
2381
3626
2003
9560
5610
3674
4919
8611
9791
9789
5496
9584
4028
3247
1808
4240
4823
2452
3652
8159
6694
9276
493
4407
8712
8211
4841
4661
3558
7100
667
1192
2348
3177
281
5584
4682
3417
9345
9929
8293
2277
1482
5246
2967
5190
9230
900
5241
1580
3065
4753
5835
576
7074
3938
158
1387
7828
60
1613
2848
890
5743
6332
9720
2493
4086
3731
3078
9113
2904
5702
3769
6384
4418
5234
2082
230
6789
1153
518
4959
1255
3562
9446
6125
4654
3997
4588
3352
8104
8515
9397
154
3041
7986
6463
3179
8719
3301
4621
2823
4912
4020
5722
9026
8935
8314
6655
3050
2334
5174
7147
5464
4254
5368
4925
2741
7713
659
3645
1719
8157
4346
5577
6860
8917
1022
7241
1985
6836
3565
9298
8427
4895
419
3073
8424
8332
6369
2340
2610
9419
183
4480
1563
8261
998
3342
7285
2480
8190
9436
8670
5842
9139
1182
2042
2366
7370
5190
5598
1993
3512
2351
4053
7187
1153
447
9823
9093
5512
2885
3482
4924
5047
5680
6551
3165
7262
5002
4963
5585
2746
5435
8901
1266
4278
9730
4238
8984
8907
9051
3677
8855
2047
9801
60
7034
7141
3303
873
581
9679
4010
1300
3072
2922
7424
7516
5553
2715
8704
7401
9719
1639
7544
4415
5988
4305
6115
5629
3611
1638
2521
2932
1684
7096
3490
1939
4146
7473
9853
782
1386
9325
6498
4032
9827
3634
5192
4955
1606
2599
5297
4933
8060
8215
2123
5168
1547
478
8855
5030
7837
9862
6178
1527
1428
3050
4281
8515
4621
6553
5959
6735
6729
5905
9744
116
3831
9449
1049
8656
3767
9782
7411
466
4348
9046
5707
8134
6369
3611
9233
9736
5857
9812
3327
1509
4239
5213
8175
5610
4955
7356
5505
8139
7894
5887
8922
3674
7720
5508
8739
7395
3815
1896
307
7131
8801
6879
6967
8766
9185
5638
6824
4841
1203
2316
5709
1438
7403
6615
1140
8753
4982
6876
6901
8993
8768
5654
3238
545
5643
5320
3990
4702
1676
9986
44
7638
4508
4438
7416
7527
6989
9839
4473
1856
7337
8634
4091
6706
3886
5251
7055
5924
1145
6572
3039
9444
3102
8031
3141
9511
4385
6575
1502
6403
177
1463
8972
6143
7701
2481
6594
8178
4429
3751
2817
1462
6727
6509
3643
5834
503
1131
8653
1407
9281
3889
4347
5287
9962
4013
2
3885
336
6005
6658
5333
9746
252
1949
2366
441
3720
9642
4453
6082
7129
7141
2756
3965
6498
7502
7869
4958
8503
2776
3016
7948
7444
8609
170
7004
2829
6839
56
795
3298
3182
9365
7238
9624
7920
5437
9641
8660
7469
9639
7363
905
17
4419
5474
4557
6265
7482
9151
6925
6388
4348
2062
8944
4872
8434
5830
4666
703
5230
6922
4972
4911
9383
9624
7346
6719
8554
6649
9371
8991
107
3218
8106
7442
1470
1691
7937
3264
8213
3415
6338
9249
8689
7194
9924
3927
9818
8331
8875
1212
3120
69
6049
6340
7543
3274
77
1483
1262
8088
881
5546
9590
2713
2699
7519
3311
1344
1699
3927
2738
6087
4388
6975
1027
5678
9619
7780
5558
351
7360
6080
6380
7683
9053
8476
6747
2830
9739
4402
9161
7236
4144
8949
9267
4097
8490
1001
7343
1658
435
1341
8957
6996
4782
1986
6095
246
1172
4580
8346
3663
1492
1457
1864
5103
6683
4524
7755
911
8792
8247
48
4433
1337
6123
3384
2122
8296
8264
8680
9998
3804
8398
5955
2920
5751
3574
936
7748
8770
8006
2491
8178
6602
8937
345
1725
989
977
6535
6968
3978
1751
5273
498
8551
2062
7510
3070
1
3458
1928
5027
3207
9892
8685
2350
4849
4917
2313
929
5235
4245
6983
6389
9015
7716
6865
78
1309
3101
8888
8094
2372
4650
3749
9464
6760
5994
1820
8700
7474
2128
9516
5723
5599
3663
7580
3789
3651
2105
9764
1524
5639
7407
4678
2440
1769
9394
4068
4322
3590
3981
6604
9393
7766
946
804
4600
4319
6517
8458
3744
6881
6629
661
9089
6756
5189
7836
3602
4283
4899
3783
4891
479
1137
9974
9808
1375
8741
2668
7572
4606
8259
3841
5547
5693
8309
7310
2831
2705
5633
4126
4583
3026
449
9525
3682
3983
8831
939
1332
9644
4860
3698
5600
5060
5256
3431
7854
2575
5691
2632
1450
6847
1458
3133
5204
1576
8288
2620
4584
4456
6818
5998
8108
1994
2288
4450
355
1109
4569
1060
3998
6468
8239
8400
6928
9885
9530
1142
3972
2367
3426
7677
3614
9978
2466
1029
9474
6471
9430
7425
5253
7613
1226
6285
6072
6191
1997
2960
1990
8420
8339
426
8471
5452
8889
8525
2341
6942
1262
5677
8065
2920
692
6642
1519
6156
8700
2948
8988
6169
1918
9629
308
5283
1120
8878
8788
4945
7517
3706
3262
6361
4432
7038
3243
3068
5882
7363
8309
774
5643
4851
7394
6143
5035
9162
5624
6582
1319
140
3004
6218
6841
1532
798
347
833
8514
6057
4531
4896
3438
7651
3165
4932
4816
3026
3091
4512
9370
7297
9613
8774
728
1643
2691
4747
3272
1970
887
4058
5530
8685
7787
3396
1645
6716
600
6522
1803
3024
621
1691
6109
1296
8630
1865
1465
6411
2435
3569
7709
1187
2577
1214
3914
8010
8422
1783
6300
7557
1922
2440
2132
1514
6969
7264
8403
2371
1840
9099
8614
4030
9688
971
56
1415
3486
9181
7646
2024
691
6126
8816
7156
6159
6539
9422
1042
9938
1991
5936
6191
4422
2778
9457
8374
6085
153
5621
4190
4840
7191
9957
2954
2923
8660
6334
9615
9984
3621
3282
6404
2373
7555
1544
8872
1562
6900
7204
4534
8971
6283
3916
7586
923
5196
9587
9114
2727
106
272
6483
3063
8625
9773
3770
7878
4391
5042
4910
8188
7263
7122
4742
994
1897
5277
293
3953
4633
1410
1803
988
6320
3260
1632
1662
6699
4747
7142
2816
5467
8517
1191
4886
3511
1795
5946
3452
67
9188
7816
1304
5444
1740
2141
1888
3160
5495
8264
9359
1564
4451
3241
192
8091
685
7865
1111
7563
9608
4760
3700
2707
8080
4437
8242
8528
8525
3895
6690
9586
6913
5672
9219
5530
1024
9339
6066
4054
3751
4744
7380
4922
2602
3096
2149
3862
3726
9920
4130
2566
6084
3844
8121
5695
4224
5008
1016
537
9076
5204
1723
2473
1287
5629
9225
3942
1577
1059
2251
2402
4630
592
1348
6715
4886
9545
581
4915
9688
6610
9542
8295
8220
9633
3087
6728
2190
1035
2183
4377
2637
1258
318
4672
3578
7258
6848
9313
6980
9959
4950
2478
9372
966
843
8813
2058
9053
9652
7280
2578
6916
3260
5727
1812
6434
6403
6614
4318
6545
5078
3818
1
2499
8245
6137
6929
2584
6461
1579
8328
6220
6560
3706
6765
7132
8387
4002
8729
6422
3853
3930
9711
1087
668
7836
3185
7493
2965
7142
5501
2596
7120
6545
4089
5310
2710
4945
5855
2052
2863
5110
5049
1734
9996
3739
1705
4400
3795
818
2283
5967
4759
9046
3760
2412
8608
6289
7481
4169
144
3396
200
7428
7056
8764
7668
3169
9697
9073
1677
2026
1125
3692
2604
6973
9859
6739
8813
2233
3052
6309
6948
8736
8524
613
2168
3707
7629
8028
9607
1195
1800
5756
2030
8402
4990
1581
3375
6319
1592
4736
2520
1408
3961
9029
8378
4344
8950
2515
7681
5004
2083
3890
462
5806
1324
5883
432
5085
4923
910
2812
3229
3890
1498
2459
9662
8063
9428
3572
9620
3531
6913
9530
6293
3664
8263
5408
426
589
4570
3613
8977
9143
7489
2897
5945
5228
3794
5534
6763
4404
1457
2043
8802
9449
3965
8775
9759
8944
1994
4155
3589
7874
8462
5454
8834
2027
399
6294
6838
9670
2794
5445
7592
3180
70
2995
4552
6703
2622
7837
2599
896
1024
549
4393
3499
4108
5540
7920
7179
8302
5466
8190
1621
8689
1085
2392
4486
2026
688
5294
8362
1234
6688
650
7572
5255
1282
3685
3943
9340
9434
14
6071
1463
8024
4055
6276
3277
3167
8347
735
8350
4943
2637
3670
5935
3100
8385
8699
9528
2569
1811
8576
4016
7948
3300
6204
3974
5503
401
3003
8252
7766
1934
6665
9777
6332
8883
4511
220
750
4044
8789
871
2644
469
7784
7182
9303
626
6083
4463
9446
6338
4372
4565
4276
6529
4698
303
6315
8739
3087
7195
1531
1504
3440
869
3949
4742
8405
5795
6703
32
3663
6134
3123
4608
5427
3630
1498
7635
3528
4732
503
1953
6959
1119
1957
8756
7695
7662
1643
5058
5303
7317
6848
1935
7542
4367
4450
9965
1491
9638
8451
368
9417
3430
2132
459
685
8613
7648
4614
3755
495
2622
1704
8714
2920
4474
2440
4295
3841
6585
9400
1715
8359
1242
738
7567
2113
3027
6057
6057
7935
7826
4500
9948
9858
6980
6493
7509
8868
8190
2509
7765
2789
7931
3582
9979
9565
9792
4087
6332
3545
6264
8446
939
2850
2866
4184
3427
3839
4829
1196
7294
564
7539
8743
7457
4511
3244
8806
3166
3667
4678
5144
6891
5091
3155
850
769
1799
2458
3378
892
7946
9148
5074
5900
3342
4587
2133
3061
1410
5279
483
3178
8561
4314
433
3950
3496
7752
1840
245
4029
7405
9549
3260
4870
4180
9763
4815
5425
9367
90
3420
8836
2078
7405
4327
2586
5971
9058
287
4247
1741
8163
6815
6905
8927
4478
8384
3642
533
5691
3686
7589
3230
2874
8759
3407
5423
3846
9982
6596
5279
587
137
6926
2430
3257
7078
2833
9407
4176
8394
1341
751
86
987
3312
8875
2957
8316
8212
7012
8082
366
6156
8487
4445
6806
8590
8196
2396
3340
2521
5965
3476
6676
5626
3878
1557
7394
1953
1873
7903
485
5598
3467
3675
8509
1360
4582
9924
5118
3435
2289
1155
5463
822
2128
7014
7406
184
8928
6310
8109
6566
1517
7709
3874
548
4697
1949
6604
1406
6038
8535
6597
5806
5083
2939
1549
3467
2435
9069
8950
7352
5683
1242
3154
1280
2770
4530
5007
1996
6203
1985
6363
2162
788
6218
9227
6246
6490
4781
9760
5264
2096
3597
7002
7178
7036
1599
750
7777
1431
9907
4871
2328
494
9824
5480
963
8019
2161
4982
4768
9045
90
5245
4577
3730
2995
2900
9147
6411
1788
9431
3506
3888
3661
969
3369
2911
5042
1036
9199
4562
8205
3331
1949
9514
893
2133
8888
7913
1007
6241
370
378
928
7039
8486
9410
7183
3294
1376
1149
1075
5609
369
3117
2295
2040
5355
4201
5669
1263
7898
9440
2649
1125
8891
1262
9710
4594
6898
4605
5067
4304
9635
2806
7212
1523
2808
0
7190
9863
4764
7175
4177
8826
1960
7356
8535
9120
6746
9722
8320
3306
5394
5468
9683
9792
1189
9484
195
3066
1118
7615
5179
7843
6926
8072
9322
3748
9648
9096
3051
4521
3377
8003
1183
9344
4653
1943
4280
5947
2489
7554
5908
6960
6757
7847
6245
4428
1332
4779
9854
7505
2372
4188
7157
2160
8273
853
7941
667
6413
8129
1866
1376
4393
9589
4541
7654
8574
7392
7729
4327
7952
1795
8440
3349
6355
2950
5886
7884
1536
5367
1304
4834
8184
7954
2904
6717
1452
4194
3670
3088
7937
5529
8538
5791
5674
5339
3094
459
6776
2013
5458
6834
9374
4221
5374
466
1793
3339
3348
2364
2399
7364
2661
9568
9117
2140
2043
6179
2381
3129
9686
118
2195
5435
9585
7003
5899
9991
3503
1262
9707
3395
2707
2028
3650
995
2216
9376
230
2247
7114
8286
5194
5455
5649
5513
3652
9521
9675
3374
4165
1940
1517
3958
702
5639
5129
2626
9117
3127
4201
2357
5396
3855
1808
2474
8359
4741
3572
8540
7216
4265
7362
6859
9014
2811
4372
7665
4632
9573
5675
279
6284
9221
8242
2820
2609
4885
287
7496
9840
636
3134
6138
5637
6473
2811
6944
5346
4602
4211
5555
6950
3023
1873
4263
7640
593
7420
6415
6921
6197
6970
2822
8170
2019
4379
4750
170
6827
5721
5293
9435
7288
9945
7086
4905
1271
3503
3699
7409
4822
1975
6702
2856
3467
476
3238
3238
3057
1975
7647
8490
5957
6811
2461
8748
2048
7811
9906
2397
2103
7191
2857
1339
9839
3460
6530
7007
3602
5407
4853
7216
2646
4619
651
3138
771
6987
9075
8089
5974
2320
4123
7796
8695
8889
2863
5167
6756
5311
4672
8263
8395
7087
5350
5474
9150
9936
1711
3120
8240
9967
756
4225
9696
2951
2832
6446
849
1890
1795
8793
1648
7560
4453
7849
702
4765
4786
2542
8992
7313
99
2793
1530
8940
8109
2623
2195
7051
8224
3020
9137
4117
1694
9417
6797
5401
1618
9426
1676
6076
6086
4
4342
4980
9271
728
4589
5153
5298
8536
4197
2875
1801
3135
2229
183
9988
5125
9504
753
492
8828
5371
356
8237
5134
4553
2742
6904
4011
5532
574
8714
4604
66
973
4689
3963
7554
3557
464
8063
131
1662
4777
4403
7023
9939
5353
5008
9181
6742
7029
6866
8466
9694
647
8375
4104
7520
6535
5428
9224
7008
112
4220
1374
7814
6447
8747
1188
3812
3430
7485
7010
7025
8111
2472
8365
9974
2831
892
8376
951
1349
356
8921
2984
3621
2994
478
8320
9568
2985
7942
2956
6325
2007
4284
1083
4387
9369
861
8691
4544
3871
5918
4214
5988
1513
6519
7339
3387
1856
3145
7335
9962
1784
5312
2915
7389
4485
4839
6191
9949
4369
4183
1545
9562
2091
5028
6427
1525
68
2312
4905
3243
5337
89
2690
5765
8367
2313
4455
7991
924
435
9249
3795
539
4792
7133
9994
3471
3658
7933
2226
4104
9598
8320
8426
508
363
8435
3733
4292
7278
6644
8829
1111
805
7180
8865
5646
6062
8420
3126
1973
4540
7739
7265
2125
8856
3468
7727
8183
119
7239
3141
115
5686
9499
5514
4837
6425
6334
6645
9465
77
5450
0
6624
9518
5298
1132
5814
6573
4068
3762
842
9360
181
3942
7370
5472
4752
7496
6281
4287
4752
6091
1408
4461
1771
2299
4469
8030
4908
7147
8589
8873
8109
3785
1523
5530
1177
2965
8994
6118
1238
550
1855
6182
3939
9730
4402
2490
9852
1665
4132
2515
9118
2398
2791
8173
1357
650
9789
7637
383
7132
1404
9931
7075
6544
5077
5596
5016
8906
7097
1647
321
314
7732
141
6209
6355
6103
6862
5643
8082
4287
3235
3647
2136
3126
5444
617
3496
8529
942
7686
4288
9209
7314
4679
1556
9440
9881
9302
9741
2706
4702
9456
1234
3636
4215
2763
8141
8783
8390
2890
7873
4224
9309
2464
5611
619
9789
9011
6077
149
9802
2470
5836
4274
3385
4389
9363
8028
6867
6917
687
5331
2587
4660
777
5643
8897
33
9034
7671
4840
3531
7817
3436
8215
7059
2031
3532
7856
6449
2767
3230
8916
979
2046
9557
4098
6868
2899
5053
3502
3163
3963
7374
9128
8079
470
1462
279
9661
9289
1913
4010
4643
4192
7582
7376
4472
2171
522
8899
607
5118
1103
847
1700
2110
4856
9994
1754
5520
5187
2068
1085
2164
6884
6131
7928
5425
3875
2741
4958
447
645
7920
2662
2049
9570
6067
1076
722
6407
3329
9784
2726
5538
1206
9162
1446
678
8838
618
705
4598
27
3706
4170
5143
2953
7949
1605
7948
4467
4450
3174
2992
5392
1272
3059
7982
5847
3332
4674
6780
7804
4732
1529
4635
323
8746
2974
7487
4336
9153
7256
656
5695
8932
2090
7140
2185
4072
4081
5395
1978
4276
9168
677
9858
2705
3499
8078
4833
9227
9953
7214
7838
4309
1341
8688
3726
6657
321
5024
8639
6133
7023
7531
5274
9620
1039
2904
4318
6128
9450
3107
9020
6148
9603
4728
8132
7895
2765
175
6456
9555
3566
7988
4561
2837
4822
7600
604
6018
5654
9168
4670
704
6237
5339
8428
8788
6502
5671
2339
6704
6719
9024
5705
4533
5689
7496
4379
2655
3980
2270
7431
6748
8232
1095
2828
7613
9588
770
152
2264
8276
8093
8295
5639
1177
8118
7764
7104
9052
4626
7821
6829
6494
7935
4612
2888
2905
2239
2740
1292
3493
4106
9399
8333
8687
7731
8891
5296
6165
1220
4890
1003
7227
5771
4137
8551
6738
2160
9260
8834
7997
4334
9660
6430
9113
2277
9294
2925
3083
7063
2176
2329
6259
4336
933
7922
8140
7432
9072
8333
8320
5971
1649
5193
3053
1047
934
8116
7042
7973
5736
4648
6115
1561
4980
2424
644
2800
3070
9546
7653
1237
8300
9354
3506
2054
9455
5895
7488
3345
9940
9352
4760
72
979
9894
3696
5687
3867
1490
11
4444
9381
3902
9202
2126
8756
3575
5513
1986
7446
6413
3894
8263
9012
2515
5386
989
5578
6010
3750
3144
9233
5958
5022
9992
189
3893
2861
1736
5247
8952
7956
5703
3654
2120
2263
9239
2242
9072
9346
6944
8131
8587
1204
1008
412
2776
4934
7000
36
2533
7023
510
7719
244
8020
2843
9981
6403
7944
431
8140
6420
7761
8020
1185
1964
5272
3152
5227
5302
6864
9948
5772
1289
4390
7596
4565
1256
3068
8557
4528
8411
3544
5256
6333
5251
1014
5101
5775
5610
5182
4743
3323
4258
9657
6763
9503
97
130
7505
4330
7692
1824
2698
7698
8404
5535
5331
1192
6196
823
7765
7899
6241
8900
9918
5458
2406
3189
7860
3528
1890
9048
8411
3235
9257
2270
3074
3079
1211
7694
550
8693
3168
1119
6793
9789
8898
2111
209
6858
2708
8711
284
5783
8449
4974
5579
2639
9723
9561
3352
5285
726
1632
6347
9326
4721
2855
767
892
6146
8067
466
7447
7129
180
9030
1362
4414
9046
3463
3582
2827
8219
6450
8967
8342
8130
2602
9334
5062
4215
965
1634
5399
7752
5038
5616
3738
4285
862
8218
8850
2240
7516
5453
491
182
3549
1353
5126
7075
7683
9149
2241
260
1742
4615
4706
6861
4049
3219
7891
4191
4962
6385
7263
5123
2584
1136
9581
4154
6104
9307
7497
8978
2248
8095
3428
3180
4208
4847
4683
1180
2465
6623
3147
6366
7322
1875
1621
3156
6596
1933
9700
5427
2770
675
8452
2212
2055
7960
1892
7451
428
8409
9101
3465
7114
5583
7804
2964
3954
6779
4094
1370
261
2834
7651
5178
3954
6353
111
9230
596
9308
5965
8831
5287
8884
1510
3003
3699
4239
7915
8099
3988
5423
4444
121
8881
2439
2533
8665
3975
6530
5272
7873
1014
9881
6045
3168
3947
9469
4533
9005
6782
3886
5216
7500
7283
7979
8137
3711
4141
8417
8731
6603
2735
6121
8990
6381
2387
6036
7558
4334
7078
1214
5130
2165
7
2861
2697
6766
8284
1956
2920
8443
7565
5829
5826
8831
8370
4960
9135
3541
8544
6208
7633
7989
505
7458
8062
1094
2639
5810
76
1509
34
1098
5768
4072
5968
2035
2645
1711
9205
2328
5536
8332
2562
9287
1742
2964
3573
293
9165
7006
2143
1937
6987
5857
5253
5895
2547
1293
7896
9176
9692
1932
1088
5513
2711
6799
5740
7307
2852
1190
134
7272
6319
3395
3067
5109
597
4717
5932
9112
5969
5410
6705
9172
48
4018
5646
5617
9656
4278
731
7878
6360
2697
5786
4926
1438
6535
1549
1725
509
1451
7895
1869
2896
5051
4867
1505
4224
9156
586
2310
2552
6132
8696
9244
6633
9016
6403
9858
9004
2680
2673
1480
4541
609
4135
765
8536
2830
5595
5428
6365
2400
20
8935
2413
3942
4679
6467
8176
5064
5807
5909
1117
9805
6434
7019
5455
4938
7260
9744
3205
5397
1180
4299
2569
3588
961
7547
8318
9691
9284
9135
6636
3466
4704
4074
2927
9158
8822
408
9939
8614
6100
5348
8369
8728
8040
3960
4806
2492
4756
9058
7870
1144
6425
2490
9628
3716
8019
4864
6982
4954
6525
9712
4236
8027
1831
67
3800
3648
1886
7270
7376
3133
3697
3761
8882
5081
3940
7876
485
5007
4672
9897
1426
8630
5918
9791
1121
4771
2451
6003
972
4719
651
3104
4503
3070
320
348
4494
2594
271
6683
5914
9527
3930
6505
1081
9639
6467
2507
6318
3171
4498
4399
5853
2231
3092
3417
3977
1446
3591
3894
236
6142
1214
2449
5603
9614
3542
295
5492
2657
5380
1032
8849
6120
3891
7554
8794
201
3255
7792
5047
350
7638
2364
7287
2029
5778
7288
1756
3191
9353
9629
2906
7846
9989
4813
6158
1540
5476
1496
2728
5611
4384
8508
5768
1274
9358
6521
4207
9042
9171
6808
620
3868
7085
9625
6869
2600
2001
8244
3061
77
7100
3840
2845
2276
7533
806
7706
650
4327
6499
9444
9102
8378
5485
426
1210
1077
6575
2131
4768
1193
3575
2133
779
1533
1759
3159
7008
3834
2325
6311
2249
261
8332
2883
2061
396
8356
5481
8159
187
4113
8355
5907
6403
1535
6567
1333
6725
4971
9522
5977
5846
9945
6126
2591
3719
4209
8723
7839
3303
9626
8062
5849
3053
7695
7601
7701
7225
793
8082
1159
9166
8318
5842
977
116
2491
5836
4061
5214
2219
8920
5529
2861
3816
4562
5689
8646
5029
6158
3317
84
76
41
902
8594
1393
1674
8003
8018
9692
7044
1969
6162
6068
5793
2678
9586
1330
4380
6450
2571
1867
6580
865
206
4310
9555
4092
6839
4267
2102
4737
2199
3408
8081
4286
4569
3241
5928
1811
7940
4510
1507
5670
2749
7928
8903
6449
4416
1073
8803
8130
893
340
164
4003
1839
8279
7839
8278
2457
9230
6900
7715
6864
6588
3867
9584
4773
2560
5126
387
9453
4580
3430
322
3909
9917
8358
7004
6037
3101
8877
4653
7486
7371
481
2079
6031
5269
5681
6780
9809
716
1204
758
5559
5981
1398
612
7667
8164
135
5516
14
7175
5887
4451
5211
7341
6830
7258
4953
9525
2238
2162
8185
6861
3475
8148
7046
1584
9557
5188
3720
7643
4770
6528
524
6563
3818
9654
26
8570
1098
2960
8413
6293
8510
6020
1731
8249
7413
733
888
1999
3680
2504
2021
4865
6086
8602
8126
7227
3739
4190
3401
5800
5340
1335
4439
1856
3290
6162
1976
9691
1113
2396
6374
3381
7557
7879
4610
3848
9383
4316
6617
7280
488
9279
9485
9860
5248
9649
2231
8906
9213
7052
8024
9342
7310
5741
2736
1774
2658
5796
769
3887
9622
9895
79
4467
4054
4031
6283
9293
6120
7648
3039
1878
5475
6186
9366
2921
4862
5832
2647
8121
94
8021
1609
6372
4725
7667
713
8416
2736
5704
9679
5382
708
4372
23
9582
4921
7190
9517
6306
4496
8036
9051
9379
5658
8899
9188
6677
1674
7523
6343
1426
3366
9906
1426
4471
774
1492
9058
5165
5005
7022
4693
5832
3648
3951
6731
6619
3814
2688
538
2083
2161
8463
3223
8745
4670
7520
9870
1950
5864
8155
4782
5632
2544
6391
6101
2538
2503
1980
8895
7336
6355
874
7388
6554
3359
8467
2658
1616
460
3592
42
7242
474
1209
5942
7858
6443
643
2676
8356
2641
4781
2070
8492
9854
2247
9042
7347
7395
4182
469
6478
9523
7877
7702
8280
6685
1937
3255
6498
4096
5560
8013
2367
8351
2915
8374
6951
1444
9393
9974
2710
7575
6397
8031
502
6047
7617
4362
4873
2710
8731
5326
7322
3029
9905
9598
9101
1428
9165
8155
3510
6825
3738
6081
842
9170
4000
7088
7223
7248
1726
5874
2174
5041
679
5411
5928
1385
8412
1394
5097
5158
6709
2039
6383
6067
6436
1711
3486
920
3251
3474
9007
6777
7773
5548
9413
8779
2400
6974
63
9648
2263
2870
1635
2487
5206
6824
463
5047
2691
5383
5266
4659
1632
9123
8589
5398
4286
607
9075
6423
8115
5882
2027
8081
9433
7639
8038
512
7971
6645
9774
943
1344
3207
1725
6182
8052
1562
5911
8500
9642
3512
2673
2938
954
2415
244
5624
9312
7944
5152
6474
6499
6803
2630
6981
1444
2876
7056
1727
6264
7159
8265
8471
5561
2819
6416
3292
1701
4858
4791
7865
8063
4263
7292
6944
96
6295
7810
9059
5310
2310
1286
