2267
2658
5800
5799
446
2376
9939
7352
6081
1183
4868
1827
4073
194
9306
9680
6231
9192
3708
3394
6347
5888
7256
124
4990
945
8376
3785
6149
4342
5609
1790
3374
8117
7087
3607
6021
9003
5874
6218
897
4283
6909
7148
3512
523
7965
8078
4499
3224
4721
3569
851
9507
5685
1202
4974
415
8421
447
405
3465
5146
5014
2114
9127
4997
7368
6660
5990
7604
9791
7021
1301
5783
4180
897
9809
2984
5512
4933
7394
4045
8802
8001
622
7980
1724
4653
2686
6840
5771
4615
4830
7821
3403
8168
2094
9252
5018
5263
1146
484
3495
1165
3604
3099
6275
2265
4308
6849
4079
2845
6103
5094
8583
6953
9968
8026
1620
6639
6160
1176
6540
4533
6452
1269
2963
2593
1604
2408
1307
9323
9578
6498
6701
1624
6590
703
2204
5695
9390
766
2324
1846
7456
4959
4272
8485
4980
2649
4502
5404
1015
9109
4844
7925
6504
1923
6
187
4342
6765
4830
934
4288
8580
5626
7767
5520
1436
3603
8280
4462
8243
7122
8271
1954
7242
9678
7338
926
6220
6348
6688
4902
3431
176
2745
9858
5107
6882
2171
9773
1947
5735
8115
6126
3814
6068
351
4870
7620
7477
9158
3721
2265
2009
3424
9062
2322
810
7426
8038
3888
1585
4127
409
7247
9647
2451
2421
8994
5522
792
7564
3821
9244
2426
503
4978
8412
7903
3592
2662
3700
8044
3718
7176
3686
5300
1738
9922
9426
6021
5844
6538
616
5533
4585
1695
5390
8769
8979
8204
9261
9267
1355
3412
5113
7790
2649
2531
7040
5556
6492
6633
4721
2910
7248
6947
2561
3562
3090
7077
8937
1356
8662
6183
6595
5031
3621
9871
6491
2948
4098
1218
397
662
4667
1364
4744
7848
1273
1039
2309
6455
7418
7342
44
9470
5876
4292
543
4967
5430
5761
1566
350
8039
7984
6775
10000
9244
4910
3428
1380
1968
608
6597
7065
1716
3876
2785
1094
1055
1395
6965
2329
3911
1134
7300
6665
6406
1435
952
275
8240
2952
8909
6245
3548
59
7024
9976
3739
160
7482
2869
8504
1443
9655
1906
3917
431
5245
5166
6641
354
8594
6845
2259
3103
3514
6362
252
2887
841
4615
7079
5679
9173
8279
3604
9976
6025
297
4224
3925
2377
4535
5955
5313
4701
3237
8715
307
7107
4059
3044
4856
1348
2057
459
3880
2195
4898
4948
8688
9216
4818
4006
8419
639
8286
7057
4533
6955
6539
3164
2859
686
3021
2286
5121
6433
5093
5757
3317
4549
5539
6838
6428
4727
5424
3015
7784
9674
9022
3697
3392
264
1409
1551
8271
3232
4619
6715
1407
899
8230
2521
5872
7854
3421
4822
7201
4658
3326
7938
315
9347
2499
1816
4596
5779
876
4629
4913
9131
3019
9265
4541
453
9245
1992
7844
8302
4014
3597
6221
4560
2640
3617
1467
4917
5110
9390
3432
8085
8914
5648
6761
5674
1861
2751
5600
6870
2352
2618
1048
8911
2693
4294
2960
3443
9191
7591
6334
1295
9041
7944
6214
8605
2835
3038
8319
3674
2628
5918
8212
5838
2172
8208
8777
4422
8627
2549
9844
862
6324
3546
662
8237
4540
7133
7535
6586
9539
4587
769
5427
8603
8735
1030
9934
1243
3366
3368
3686
3830
1887
3852
3032
8079
8222
55
9339
2093
6532
6930
9823
9289
5136
9553
6913
170
9580
1078
6616
2471
9039
8304
9629
959
774
7089
9907
7967
2436
1355
5804
6555
6823
1466
6700
5941
8119
1362
2654
1365
479
837
9805
7021
7251
9270
114
9034
6682
7015
1468
1051
3466
2421
7699
9489
6633
4735
8930
1572
1704
8286
6905
7490
6352
2619
6652
6196
2419
8570
4382
6875
5607
687
8380
767
3658
4731
3579
3714
24
5679
4776
5829
4535
8691
9651
5688
4512
4284
7695
9129
6716
9202
6227
9075
3774
612
8024
1243
5600
6302
5271
2051
3778
5974
3486
1063
576
1897
8809
621
575
6946
7438
1922
6781
5357
450
5449
707
7811
6614
6038
6436
3596
7230
2791
8420
2262
7217
6887
8352
6497
8438
8397
6818
7335
2732
1309
2635
4818
6564
8805
4152
230
8035
2729
8043
3139
5161
4370
8704
3649
5742
4336
4775
1575
5220
3295
5114
9874
7254
2479
77
7570
2203
9910
3167
8211
5031
58
548
6524
6006
6124
583
2672
8755
1632
7373
4729
6203
33
9002
9859
4963
7056
6105
9904
3211
9709
896
5828
1966
6578
9949
6595
3163
6826
3292
6522
4015
6654
8835
3854
3574
4705
7082
6592
6582
7683
5527
8746
5703
8802
896
9714
5357
8112
2664
5970
4243
3729
5559
4496
7006
1044
3139
3387
1028
8207
9580
8048
4285
3923
5310
4387
6206
5053
1268
3672
7869
8532
4073
2062
4118
5760
3542
5429
5892
345
8921
6145
1012
6468
6209
322
5081
5473
8622
1087
2289
2622
9524
6903
9426
6430
6750
3680
1794
428
7604
5428
8395
179
7156
625
5273
2915
9759
1782
8749
9399
4546
7628
6923
7596
1520
8623
8348
3703
3709
6776
6158
9282
8886
3845
913
9156
6973
2475
5055
6780
9192
9088
7168
8230
1803
1532
3662
1418
3988
8819
377
296
2345
452
6070
4158
5534
9956
6547
2916
4339
4293
5070
6239
4730
8369
7144
1513
1136
228
5861
6945
4366
7396
809
1273
6465
2679
261
1825
9900
5186
8282
1715
7926
3347
4943
54
6272
4505
1606
1055
257
2911
3847
4705
3399
2837
7737
6889
3764
4176
1830
8114
9465
3001
7366
9664
929
3971
7496
7517
7257
8028
6311
883
7257
6351
8341
5530
3971
7671
4583
650
9869
8674
5254
1471
7315
2234
2537
1743
9453
978
2091
8812
2759
2559
6467
1716
4301
3488
8300
2021
8190
191
3622
3853
1481
3404
5819
8741
8111
2365
3736
7821
6338
6869
2046
3517
2087
9361
7322
9097
2146
2327
10000
2602
1379
7918
3633
9876
7395
3083
6849
2339
6819
9053
3779
7936
7325
4616
9290
5935
5879
2208
7356
2552
5313
1266
5968
3553
2447
8178
4827
2321
9027
3936
8604
2312
6163
3351
2623
8302
2911
8513
1953
8693
4438
3648
9963
229
80
497
7986
2041
9816
3458
2699
2938
6043
3246
6278
7529
3851
5580
9899
436
5147
3493
3507
5775
56
3456
6507
6683
630
1532
461
2189
3801
557
5160
6583
3876
6255
6021
694
5044
8907
5795
7038
49
7632
4124
7631
9188
8430
9388
3605
6005
7011
282
1691
9856
3942
3244
5647
1697
2855
8100
4154
3511
2029
703
323
7862
5280
7130
1769
8016
2875
2531
5728
1343
8687
9758
2252
5590
5471
7181
1083
471
8529
3655
6045
5495
6005
4586
7842
41
3541
3384
4665
8277
4295
2584
9320
2151
571
4621
9681
7946
7370
2714
3107
9262
6588
4656
3713
4114
4330
4672
832
6777
5957
5647
2597
4965
3761
9746
6769
7421
7615
5168
7053
4247
8354
6655
7106
4865
2702
556
1312
5135
1455
8074
9282
1227
3575
1983
961
2694
971
1764
6273
8559
9544
4660
1371
5532
2225
5711
6822
8064
2471
2807
7562
5088
6007
4318
6588
8235
6692
4559
4559
4201
8460
6591
7550
3406
3736
5202
2125
94
1829
2814
1489
5628
8170
703
4527
6612
5716
9859
8580
8849
1417
381
6400
8946
8318
2958
5930
3273
8686
6001
1411
7679
8211
7005
8728
9923
4005
9722
1675
9105
5169
7332
4159
612
2321
9813
1297
5296
1951
8755
3813
4354
2823
2753
9729
8754
8384
4799
8281
5952
521
2692
6948
8963
3744
3428
3759
2679
5342
7762
2599
8989
2379
8774
625
6307
9552
5036
381
7189
634
3753
6430
4614
560
7017
5255
2628
7533
1599
5806
111
2779
3183
4206
8748
7287
1836
1854
5905
4798
659
8472
9623
8513
3795
5528
758
6635
5377
9567
9082
8500
1906
8018
6888
2890
3887
3796
7820
1958
408
9054
1540
1483
3043
3739
3616
7251
6776
3131
5693
6241
5010
3219
3577
1557
4887
9721
4209
5568
3185
196
3987
3162
9442
1813
8555
1992
3747
1891
3407
2866
5258
3915
3746
9068
898
2812
9945
8196
5093
766
1740
9756
7297
7425
6066
48
5711
777
4324
7593
7703
2733
478
678
800
1989
6290
1284
957
7147
1375
1618
7504
1729
3044
9197
5126
9861
270
9999
7595
5076
5818
6975
8260
7022
4916
6657
9176
352
465
9876
521
3024
1067
9344
2954
5132
9337
6602
9757
3872
4825
7788
2158
1701
8380
4156
4680
9182
2030
406
8817
2348
1672
3523
2967
6951
6821
650
2206
5810
8495
5702
7118
3263
9220
13
9002
6600
8076
9151
2285
6424
8435
9096
6879
1923
9282
9080
1968
1444
6827
6338
8590
663
4927
5888
1266
1556
7994
8147
4684
1968
3436
8120
6536
6909
625
4074
4838
6158
9501
5317
4096
7935
4804
8326
8664
8021
272
4858
5427
3496
6018
5950
2767
442
9812
5011
9956
8677
4732
4523
1424
3704
7999
7549
2172
9535
4413
9609
9478
788
3562
8538
7277
2096
6320
6156
343
6794
307
9351
3607
8960
1562
7423
8965
5232
2738
2826
5419
4680
7848
7162
2455
9573
1267
5383
4896
3062
185
5626
9660
3893
605
1779
4237
4583
722
842
7665
3160
8706
4710
4105
5970
6230
3264
8731
4128
8232
6722
9486
5589
9581
315
7397
5624
105
5854
6852
6820
5076
3562
933
4483
3933
1241
9121
2984
6461
70
4148
4373
19
1296
5833
458
9647
3030
9645
3781
8710
3886
919
7818
6625
2509
3702
9915
7651
5803
4938
4648
1394
1045
7577
113
4108
3280
2977
8042
4973
8307
9190
9020
8608
4466
4862
4681
805
3652
3282
3879
3561
8725
937
3926
7478
3134
9741
4
6055
4416
5842
5138
7732
1342
4717
417
3621
377
1888
3855
3822
8872
6530
9994
259
6590
348
7538
6741
650
5362
8085
5120
1270
5732
2281
811
4905
8324
9458
6087
1192
3840
8322
8380
1566
6792
1129
6040
6886
9716
3870
7428
2956
5251
9400
5576
1224
8176
5462
3433
4541
4512
6510
7077
7171
1356
3440
8698
1343
4442
2907
896
2967
8076
6714
5843
7645
574
6235
372
4775
754
2206
7597
6461
4183
6243
4733
2255
3474
4211
1679
1216
8627
1719
6212
6265
2565
3055
1343
905
8859
6333
5764
7011
16
861
3750
8724
2008
7191
4761
7055
776
3750
160
6917
6524
7959
5527
7250
6216
3788
5698
9226
3755
1287
418
9918
7921
1050
9675
1123
2200
6589
2297
172
7063
8639
4653
3578
8758
6217
1608
3390
7872
1248
3850
2274
8191
9037
5131
8152
2785
7241
7943
3300
843
3816
9233
3645
7985
2484
8946
5057
4379
9769
6665
80
4581
1845
4681
9512
4931
2981
2010
8025
5258
5519
3312
6588
7535
660
2991
7423
2639
5240
8542
1701
631
5018
4483
7783
6273
9084
5896
680
3412
4811
2682
831
264
1302
809
5474
2739
6893
2521
993
5338
4119
8035
5442
8660
3255
5778
7118
1691
8050
6294
511
4478
5603
9993
2661
5939
4241
9677
6113
1843
7164
3745
396
1420
9778
9825
7569
3259
8872
496
3218
8758
9751
4347
6129
4672
8301
9023
223
760
7149
7623
983
8634
8540
8571
766
2768
2547
210
9039
4308
4028
2471
2932
1795
3710
801
3771
9471
4826
2328
8403
9787
9602
9767
1170
8897
3244
7608
6184
4450
6096
2126
276
5877
7955
933
5026
386
6919
4461
4042
8987
6254
153
3394
1166
8383
3464
7367
8400
3736
8836
4043
9110
1755
7563
3290
2726
9286
9714
8213
1572
6191
9954
4791
382
1809
4885
4209
7318
2510
7999
9825
689
6334
2646
7254
3037
6678
4800
7238
2098
7738
5394
5795
9894
6095
3580
2286
2018
8920
1956
585
2908
9842
9466
1817
3918
4777
7124
4529
589
8899
6299
6064
5740
2333
8419
2849
7582
5671
5916
648
9474
8897
6387
9704
5002
5635
3272
6629
6177
2047
4626
1444
9834
9333
4709
6287
7910
5260
6594
2870
3341
6093
5318
5368
3374
165
7169
7785
6022
3767
7516
9356
8805
8943
2656
5086
145
7025
2335
4861
6870
7981
2780
4037
279
6691
826
267
4576
7858
4931
6876
9314
9629
6494
1841
9081
3724
8547
5500
4121
4898
9615
3096
9677
1041
9296
7270
5319
6962
69
5967
1528
6764
9194
7732
453
4471
8483
3058
4962
4263
5750
8180
3844
3743
1036
450
1774
7617
7125
4177
6259
2397
5210
6933
6221
5249
9097
3688
6974
9785
4094
2093
874
2126
212
4743
2027
6675
6310
9268
8278
2309
3330
6155
5266
5845
9391
4507
7053
7077
9774
6236
6690
7553
6141
6958
5791
8160
9120
2545
2789
816
8055
179
5032
5969
6946
5133
978
410
2183
9786
6187
1692
9470
9609
6842
7846
5110
3424
4031
5485
4190
7211
1330
5929
1654
4610
4628
613
6145
4164
4788
7068
1165
2869
9951
3769
6136
9882
2743
7117
1218
1508
3001
8489
7774
4289
685
4570
5722
1463
6767
2208
2459
6082
6299
4861
4304
3223
3180
1979
8235
3983
2301
7891
8341
5029
5885
171
7073
7269
191
5490
2226
4671
9825
7912
577
4524
6552
1064
102
1912
7447
2922
1636
8284
5454
8913
4196
3289
5443
1312
5365
6557
5525
3196
2182
7049
5660
554
5671
6805
6023
1494
7705
9121
4471
4485
6312
2424
7506
2817
3111
3326
8251
609
6309
6603
6550
5859
6215
9352
8661
8856
2028
8723
7838
4521
5170
9050
4986
5780
5086
8203
9278
630
7383
3574
3673
8320
4339
798
4296
7771
5427
7094
8509
4342
2919
569
4703
7559
3974
8778
9036
3297
9145
7024
3385
6774
238
6685
7589
4689
1384
7785
7073
1622
4711
2400
7361
4653
2701
4210
5298
3602
2758
9847
9048
2086
1074
6751
993
1324
2310
4237
9901
8487
5435
5931
6672
1404
1416
8205
4827
5159
7260
1799
5562
2246
8174
1656
1105
3407
2874
68
4594
590
8756
6152
5950
6328
2419
2698
9567
145
9967
6384
6757
8317
153
8079
4551
3043
1152
4211
5218
7154
3973
1961
5442
2583
8516
370
546
8657
1145
117
1603
713
931
9054
2619
121
294
636
9373
7107
9069
3113
9540
936
6870
3179
388
2800
7552
6975
3333
3717
4070
9411
3022
7701
9732
7372
2608
5425
9394
4324
1710
1289
1147
7106
3930
7008
7786
2398
7268
4451
6856
5102
7230
3984
9569
1712
4361
9638
5328
3753
265
210
3131
6962
9669
2448
8039
3008
6086
7618
3358
2225
2672
6475
2285
9827
7084
2271
9761
1474
9545
4582
8395
5569
7121
4084
164
9945
863
3833
9490
8786
1790
8864
5566
77
969
1664
9670
4568
5937
1235
1918
2083
5402
6296
1840
656
75
2446
8766
4420
8216
182
4169
1485
4778
1502
4508
8287
7925
9390
8779
6695
2995
391
5900
5821
4581
6707
7238
3619
1614
6126
3783
3562
8938
4385
5468
6252
4631
7343
8070
7896
4222
3579
5455
2056
5850
7067
3085
7503
3843
6842
506
6831
6278
2962
3095
3698
3108
6609
5888
1344
6546
8623
8187
3754
9122
9833
8674
2817
6344
9955
546
2360
4396
163
1097
6094
6000
709
1322
2736
6696
8572
8956
6853
3502
3681
7580
8519
5237
5744
9598
627
682
1710
7772
5608
6503
6888
4463
3795
139
7272
2111
5176
2060
1652
2368
559
9594
380
2920
3895
6719
7383
9845
4854
8695
9347
660
5009
9804
6262
1694
3490
6282
1310
8265
3334
6501
4464
2728
256
4099
2168
6111
6648
1859
4326
8121
8238
9288
2203
3247
7565
7988
2969
3486
6554
6014
6951
7385
7976
9914
9229
9219
4000
995
7805
3761
8044
5107
4956
5286
6591
5402
3529
5265
2610
3831
1241
5671
8717
9963
4706
2178
3008
4190
3900
5713
5884
2102
1062
9073
2350
8058
4663
3302
706
6892
6632
8361
437
6563
6056
5254
2839
1561
4021
5963
4413
6814
4086
2467
1068
1578
5419
5679
836
821
5943
9450
5844
5301
4438
9436
1894
7913
8046
7757
9360
714
2731
4438
9913
2954
757
9427
7321
5405
7852
45
4989
1812
6189
2797
8488
3504
1516
5157
9667
7566
4787
8618
6662
9748
8680
5131
4290
8409
5244
3456
2623
4532
9508
5581
8712
6573
298
3301
6016
8000
3775
9286
4623
5908
7958
9795
9436
5726
269
5626
6931
132
6641
7769
605
1457
6454
8342
6666
8663
7473
319
7854
7889
9190
5444
9130
3899
7537
6910
4879
3253
8175
867
4889
7084
4766
1166
2431
8141
7326
605
2726
1230
7250
9892
3479
4379
7506
7970
8993
2833
5565
7595
9564
5593
8208
9310
7438
5685
9634
1911
1704
6932
5451
7556
9859
9335
2901
5370
1957
9663
8099
2460
7938
4036
2324
1706
8102
5527
3416
3019
2412
4244
5512
7900
6922
1810
2913
5237
9190
6657
1375
507
8227
1887
7492
8799
5730
7628
7937
4321
3456
5269
8524
8875
578
2299
6210
604
4696
4933
2067
3960
1287
4165
7550
6484
1992
9444
7213
9539
4817
3859
486
989
9302
6266
7965
2801
4314
6604
5375
7877
7692
8067
1748
1761
748
6573
3789
3735
941
2123
251
8794
5111
5434
436
5740
6440
8125
5188
9641
7193
6301
6479
9910
9481
4633
4338
2716
4221
9106
7957
2037
3039
6538
5910
5680
2225
209
6387
6764
4074
4372
8723
268
3348
9794
8753
8728
6263
5831
8284
9570
5031
1657
5855
306
2464
6360
569
862
9940
9957
7664
1598
3864
6047
5253
2893
4296
7519
2084
1675
1019
2568
3122
7288
7204
8286
7838
9988
1591
3828
7657
8388
3029
6045
4709
4642
7767
1052
5846
1093
2912
7452
7036
5981
1410
8311
3395
4711
3330
2542
7451
5541
2621
7221
3123
8802
9925
537
7864
7069
815
2345
2198
2219
7911
5077
9527
788
785
6366
3517
3494
9802
1051
9071
9322
6018
5939
1908
9997
7557
2604
3608
278
5071
6168
2497
4172
6285
2842
7570
2114
2125
7956
433
7739
5445
2745
7513
1943
1895
8311
2138
7650
5238
479
5524
4999
4710
6591
4078
75
548
9656
519
7832
5316
7550
2994
5615
2032
4770
2976
9601
9309
356
3083
9772
4026
5175
9259
8178
5693
1752
8794
9554
7071
7017
9735
5821
8202
5799
8796
1124
3252
3004
6327
9833
8685
6359
9343
3129
7968
2968
3452
7324
1632
5616
5493
1196
3588
3336
8176
52
8832
1156
7569
2492
9630
433
6035
4340
968
6157
4185
1313
6039
1478
3438
7246
3204
304
9868
1406
8946
7873
9655
2879
927
822
6798
4709
2263
1578
6210
2308
5696
7149
2820
7542
2137
9470
4361
9211
4995
5546
2670
5904
4207
4649
4186
8835
1211
7474
9894
8964
2165
5764
3512
1922
9289
254
6608
519
4223
1302
4917
3559
8055
2688
4377
4406
568
6707
429
7254
2837
1486
9839
9960
5060
221
1306
5352
110
8837
8167
7042
6945
3612
1535
7797
5080
3331
8810
9417
976
3641
9138
7305
8801
276
327
24
3177
9934
9352
3188
2437
3205
521
6867
852
3586
9762
7270
5956
7112
2975
2440
224
913
9316
1703
1546
3766
9647
6410
4233
1812
4368
4602
8734
7070
9940
5789
9627
1051
6564
5164
2076
1545
494
2346
3181
8067
8540
5646
510
5188
7014
6547
3101
2089
959
7366
1336
9810
2680
7480
9411
7469
1198
2987
2880
2581
7807
8193
3198
1914
3891
771
7367
8098
3243
6922
7416
5835
2276
7032
8509
8125
7681
6929
8045
5
5231
8577
5615
2205
3543
996
3915
7088
8873
5947
14
8712
9414
2782
4348
4630
4160
25
5156
180
8480
9387
3769
3109
4640
60
3176
3791
1980
8809
4872
7482
6324
2553
6164
6669
3964
1975
9879
8100
4999
9225
3187
7896
5480
6778
4507
7098
9935
5461
4625
3390
2507
1454
5090
5699
6444
4686
5890
1996
6590
4077
9391
5270
7405
1176
4952
2351
4912
871
3112
432
1655
3769
4128
126
7058
5807
1603
156
2994
9927
1163
3523
5014
3157
3525
6867
1237
6710
2843
4099
7211
1055
6248
115
9037
49
2027
4586
6625
2155
5360
3471
2372
6151
4102
642
6424
6572
6071
7662
3884
2840
3276
4463
2591
842
4779
1262
9724
5872
1489
6310
887
1288
2390
3991
5241
845
5689
3536
2338
9153
8070
6217
7645
7588
8259
2660
2760
1813
9423
3244
5608
6101
4893
9111
3154
2257
1674
3950
4471
6896
8949
2763
4329
9049
2810
1734
7550
6307
2440
5320
2216
5199
781
9
6353
6048
1388
5324
2281
8694
1684
7404
9287
7288
3334
4559
6367
2503
272
5183
987
9460
9728
6691
8258
7396
1511
6399
6852
1508
5354
6042
1373
7929
1787
511
51
9319
4372
8057
5487
5379
8117
8944
1148
601
5655
5126
4182
6131
1849
3774
6270
8531
7710
6034
654
7055
8968
7176
4396
1591
4036
6888
1385
3595
253
8330
4461
851
3234
1625
3833
2370
7386
5280
8439
6080
7059
7377
1240
4545
9863
2422
7490
6828
8408
4850
4223
5172
1952
6663
4735
7271
3684
1995
9991
1178
5320
2773
8833
4131
54
6705
4780
6313
3946
69
29
4102
1278
71
2498
1027
3849
537
8733
5473
2309
3292
6947
4891
1718
394
9397
3518
2236
2844
4148
4297
9114
1036
7227
4535
3443
1170
2359
57
2925
2953
8145
6864
7568
1313
4523
2289
306
7496
2947
8971
6474
8966
5534
7319
1062
6413
3348
9722
4090
117
5441
5051
3569
5591
7933
9290
896
6245
6522
2434
5218
3870
5721
8186
2199
4163
4309
5742
1191
5152
5497
9833
4522
8745
2877
3242
7487
2892
2379
8470
3557
1708
6023
8130
2413
5347
8789
3035
4031
4093
3366
8138
4867
8387
6908
8450
5542
3914
8781
8369
5533
218
3006
1326
292
9871
8071
5039
8814
800
6606
1948
8745
6799
1034
4752
403
1117
7892
423
8156
2230
4837
2292
8497
5537
1020
3826
7012
5024
4757
7118
1719
6934
3701
9069
2306
4268
9101
4905
9252
2346
761
34
7745
7673
4534
5559
57
1889
4998
7637
4331
47
1248
1223
666
7098
3948
4958
3535
194
533
9156
3162
7816
338
2220
4250
5130
406
7507
2676
5690
8966
3295
6319
5313
9667
9819
8013
4485
454
7756
5985
3701
8553
3214
9606
5185
8787
921
8981
6309
579
4817
1950
9120
7637
6028
586
5016
849
6571
2520
9532
1176
7673
4564
8235
529
7642
7048
529
2943
6845
4150
1167
8564
5568
1228
7980
9016
961
7269
2569
5043
1837
2710
4595
536
2666
6087
2811
3827
3595
9955
355
1873
8293
9441
2053
8176
7735
6950
3378
9294
1961
2383
5128
3972
125
3984
643
5177
1331
9515
3640
5020
3145
335
3255
6681
1326
3966
7065
1337
3494
4263
7901
3628
8957
7825
2211
2111
6416
2002
9744
2946
4953
2632
1592
7145
9399
5243
3898
7469
254
6859
8032
8350
5415
1905
671
1996
1809
201
3244
3568
8719
4893
9734
1411
538
747
1913
9476
265
9336
1114
1541
9739
9704
8639
1912
8223
2655
7681
7399
4559
8731
1222
6447
3534
9002
3760
3406
5840
7738
6006
6843
9558
6670
1172
9434
6090
6155
7875
297
7966
2533
2207
4740
2221
3402
8572
3053
1428
5647
7976
7840
1183
6765
118
6781
6030
9517
6891
6289
9531
4544
4125
6633
1970
4730
1319
4074
2684
273
5714
7324
9882
4996
9951
2794
3083
236
8804
1016
2511
7009
6624
3534
1416
8990
5591
255
3382
9866
5589
6602
7785
515
1714
84
3501
1274
1102
4039
1383
3201
6858
9479
9864
6077
137
5547
6904
938
2835
8637
1929
7081
7713
7680
6454
4276
5504
9402
7083
4627
6923
178
3159
7649
7103
9953
2311
692
1257
4398
3452
6330
7805
4108
7745
8577
4890
5880
232
1565
4092
5263
813
9613
8279
2996
1532
4020
6711
1185
5277
7191
9223
4453
7684
896
8321
2341
5667
5042
8713
7803
7380
1345
8741
9300
9304
6393
5912
5026
3325
2856
7900
1875
5768
2552
9417
6003
8819
8949
8480
8633
5757
1677
1602
6977
5406
2608
5362
4195
9468
577
1918
5674
4515
7711
3640
213
795
6480
3703
2464
4379
1800
7099
9022
501
1676
8185
1262
4111
8773
8265
814
1687
3667
4779
4495
6060
7315
7236
7828
8705
51
7129
5183
2170
8645
5834
7700
7175
895
3833
3603
6729
4761
7563
662
2889
4906
6154
381
7980
7243
403
2840
9211
2163
8343
8997
8269
828
9752
9285
7596
381
5127
9719
5063
2082
4443
2691
8089
3173
6454
5245
9639
154
4023
6108
2883
7796
9330
1571
2425
362
4522
8020
7493
2306
5350
921
9975
4792
3708
8544
2983
2816
9384
6936
3949
8439
5426
8017
9774
2325
7928
664
3758
1959
7204
7722
7388
4740
299
4240
7170
2821
1495
7736
8046
3052
619
3712
5440
4203
9281
893
9409
1574
4515
6946
3084
9891
9155
7239
7799
2868
4397
2407
8127
1887
8742
3039
4169
3877
7777
4589
6211
7329
8174
9792
6095
5340
8135
4202
6983
9567
9306
9007
3799
2775
7502
3986
6489
3982
5367
4587
2584
2618
2121
1060
9805
9276
5405
3684
3043
9958
3525
2046
9956
2118
8427
6114
8665
9405
3689
3454
2046
6143
3711
144
9968
4368
6670
3055
6019
1081
4300
2710
7081
8237
9115
3073
9491
3152
1534
8689
3019
2550
1744
6282
6970
2476
5094
5063
857
6214
8129
2261
1554
8795
1597
6887
6692
1178
6496
5119
5528
8225
9572
2019
7838
7822
1338
3253
2513
1619
455
4567
3267
7502
7807
9166
2144
6234
4381
9923
1868
8603
7689
1902
5613
4626
8391
4042
4108
4595
9010
2160
8826
8633
922
531
2173
2577
227
4228
1494
6742
8465
893
9325
7246
2364
8481
7843
408
2462
5605
3873
1215
2249
3954
2977
6218
963
6900
816
198
4294
2797
9332
7838
8722
2424
2635
1247
7335
4250
5672
1159
9318
491
3373
2200
2108
2596
8540
4538
9451
3552
6271
309
3900
5920
2214
3190
5293
8676
6380
2329
3549
8736
7304
129
2240
3443
396
7145
6787
1373
2094
8531
4756
523
8322
7420
9678
6450
7591
6155
330
3316
7310
3379
3685
9071
8451
6246
4981
7230
1284
4028
3783
8542
5793
8205
8933
3515
7866
4148
4038
4117
2354
5382
9918
1073
7002
5108
1910
4346
9202
6248
8696
1773
7547
3714
3627
851
3414
3710
2666
1241
381
5434
446
1005
1017
1247
1426
355
875
2232
7831
2041
9246
5086
8359
7444
9851
1996
7491
3673
7398
5204
719
259
7173
4956
9220
9959
4355
2085
7858
6199
5100
3517
4145
9138
4862
8820
84
7466
9066
3287
733
7952
1193
586
8222
6890
1283
3061
6836
8506
2041
5335
613
6058
2442
4680
7312
319
6960
3156
152
5678
5158
3669
9139
5646
2619
1677
6110
1720
4875
6659
4089
8053
7321
1139
8722
3209
3282
5016
9761
884
1584
2764
8116
4991
1430
2674
1219
5117
8980
5659
250
6788
2058
3879
354
7786
8176
5434
2079
6972
9522
8270
7665
4375
8725
3202
9233
2025
9176
6189
3414
715
5989
9503
2634
8498
5603
180
3325
8040
9799
4297
8351
8046
282
2063
5910
9432
2972
5720
8482
4033
162
965
9752
2293
2152
6451
740
2955
8422
2370
737
5466
9945
2119
3930
1803
2973
9536
992
6883
9445
2073
2802
7276
9015
7806
2616
8442
2722
4408
9562
9774
4835
4104
7118
2932
2161
1121
7524
656
7849
8605
5617
5989
8917
5809
7016
1415
2848
4510
4515
5377
5315
3543
5281
9552
2644
2793
627
928
8509
7137
7601
6778
7811
9368
8786
9345
6079
1978
7574
6777
210
4416
4195
3357
8191
8889
9774
1914
8172
952
4271
529
758
763
2803
2056
1453
7390
1618
7433
232
4030
5350
9401
1798
5521
1051
4737
83
3155
1257
3731
6703
5681
3724
64
235
4635
7399
7153
4623
3601
6824
8547
5829
2827
7380
687
2399
8200
8230
8201
4650
4905
9135
991
128
4956
253
8857
912
5463
5688
1039
973
8769
9723
9608
8577
9444
5338
894
9964
9815
4374
9544
1881
5293
9013
3868
1102
2118
5242
400
7585
2760
5944
1316
7411
4894
4240
8552
1020
9154
1717
4702
9225
8079
1129
7393
1684
1302
8737
2460
7191
2769
8609
4886
6836
9788
7569
627
6572
7986
5540
7754
6252
8297
8104
7400
8158
5731
6863
9971
3960
6980
3916
6222
1608
2860
1890
7188
4902
8907
555
2161
8820
8112
2301
8888
4398
7962
3722
9336
8376
4590
6721
5707
183
5408
1992
5034
5677
7627
1671
7711
1487
5767
2156
4761
1899
6793
8231
9311
4542
1226
9509
2391
6503
9180
9212
4812
8732
1650
6886
5781
4756
5782
7026
3850
2604
9942
1891
3247
1851
5389
3157
5086
725
9387
7125
7265
1172
422
9378
6437
4483
5566
6647
6070
6877
6443
7324
1819
8350
1554
3374
1316
7493
5346
4723
2130
3826
3648
8274
3083
9139
2057
968
2471
5077
4153
3450
2293
6086
6335
2284
6821
7790
622
2801
5180
9157
5758
9196
7747
3529
6818
9325
8585
8641
9570
5502
2104
9662
2861
3291
5667
2619
2295
512
1073
8694
9006
9286
3007
9785
9473
4806
9633
4480
7226
8748
7603
36
896
6627
8486
9625
2239
6282
7660
8903
5163
2973
6744
5379
6290
6359
9133
8885
2721
4747
762
4411
6115
6341
9052
5359
213
9423
4024
2227
1948
9768
4767
5736
867
629
3913
1633
178
1369
4594
8505
8045
7026
7608
8101
683
6185
324
561
2245
6704
4275
5675
9849
9300
5129
7270
2271
3262
2635
8087
814
1972
8810
8774
823
4451
4987
2573
204
7134
9671
3527
287
1362
2667
306
2271
3697
9389
8724
6242
258
4973
6521
3304
2526
6523
404
8347
1252
7579
7718
6325
7795
4639
8283
2410
9317
7851
60
7770
2899
4724
1785
311
9772
902
9618
6540
7869
5017
1185
4971
6035
5354
9111
1826
2123
6690
4331
9072
4622
4980
6675
3157
3312
2564
849
9872
9345
1998
8658
6543
4080
4447
2002
370
5844
9715
2485
8266
3605
3093
8490
889
3897
7801
9749
7457
9186
1243
4648
5846
8825
7161
7818
9083
5691
7194
8397
7402
193
7633
2725
6696
4330
5662
217
6002
225
2883
9260
2243
8571
6368
5482
8866
8869
6793
6045
6417
8363
2013
598
5029
4962
5070
7939
8739
7314
6941
4699
8207
5104
2732
6176
4019
2491
5585
5745
997
3131
8076
3338
305
2107
2302
271
2618
3717
2854
7638
8811
8455
8345
9037
974
6737
6343
7973
5565
2761
5927
2482
7667
7293
5211
6162
5495
2818
5571
4016
1869
7188
4836
967
5858
9916
8512
3520
1279
6458
2520
2000
680
4870
5083
9325
3019
8588
1108
7240
1144
2001
3023
3878
4412
7516
2730
4006
8180
7390
5629
6841
3732
4559
8101
684
2825
172
4828
7785
2361
7086
8194
8278
5438
1194
668
9073
6833
6394
4043
5707
3463
3555
5756
2524
2137
7639
272
4764
652
5569
1766
4055
7500
3258
4989
5728
6018
3754
2047
3435
9202
392
8643
7000
9889
6152
9518
1283
5937
3814
6847
4193
3763
7740
2817
8364
4142
5738
3442
5217
9869
4262
6614
858
2905
5870
1474
8886
5789
6112
422
4764
6192
2074
7889
9738
1479
4023
2135
8959
3948
901
4049
4518
7737
5203
4245
3204
263
377
1106
3571
7449
9910
772
6742
658
4816
7923
2648
3725
677
3063
6192
5939
8155
5521
7221
7702
5203
7325
378
8681
3021
4223
739
282
107
6019
481
383
6510
6723
7234
1397
8594
9210
2892
339
9898
3979
3906
7201
7285
1633
9337
9859
6646
3778
9508
1189
2489
7132
5996
4360
4408
1014
3768
6513
4737
4005
7898
478
9476
1070
470
9005
5792
8510
1905
2474
5614
7585
809
6865
3504
7266
5045
1926
4651
433
7774
7962
864
5778
7858
9582
6992
1450
4302
7758
5492
9485
6502
6640
2584
1749
5162
4814
8133
1604
3186
4329
8898
1804
1420
2042
4196
9371
6447
442
6486
5164
177
9716
3612
4102
6230
3537
6059
4404
7478
7394
5152
5111
1675
676
2743
200
9287
3377
5161
4015
814
5246
6518
3067
3370
2330
8650
8126
3962
6968
2772
2665
7204
1851
376
132
5415
5432
3138
9604
9795
5613
5751
4299
3576
8149
4985
7823
1074
4501
7128
5786
3031
7024
1231
2481
2905
4363
6831
7648
8277
8521
9625
6107
8106
676
140
7740
9892
610
1183
3816
1566
4053
1997
5964
77
8531
5703
8222
1206
8939
9889
9868
1162
8899
4725
1868
5427
5747
9683
5317
1307
1043
1695
2363
6195
6058
4906
926
6851
5207
5990
270
4569
8214
6328
9537
9196
8600
9309
2931
6647
3697
5821
3354
2504
2553
7986
900
3935
7387
4713
7539
5232
923
4346
2100
5828
4464
2079
9136
7778
9882
6865
5337
8405
5616
1990
417
206
9651
1411
7965
437
8234
3499
4534
985
5927
7824
4637
6053
6009
7814
5844
4171
4957
9943
4724
9147
3050
4682
7441
2026
7989
4819
2390
405
9635
3870
4217
1118
6937
4888
83
8382
4419
4865
7132
5189
156
420
4455
9516
3625
2093
829
7024
2322
5779
459
1436
8304
2982
2466
7617
5308
6583
9754
4644
2788
7617
1296
6946
2999
6468
4988
1986
9388
913
5054
1232
7282
2369
3473
6109
9838
872
6103
1012
8605
2345
6206
7438
2893
8010
5733
6482
779
362
7860
9182
9351
6014
8762
2462
991
4940
6346
1857
9451
7655
799
8367
7775
199
6593
3522
5227
6853
3999
3568
3790
6325
2676
2897
3162
3624
4723
2669
1603
4905
6934
8483
3695
6902
3853
6190
4774
5107
229
2391
7191
1090
5307
4344
7575
1601
2609
2679
9274
6523
7451
2437
8110
6165
1365
8370
9632
9501
1318
9331
7884
9816
7669
4455
8055
2691
3100
7030
3910
3247
2859
467
7942
3791
8133
1767
8819
8485
862
5729
3172
6044
3280
420
6264
8805
3376
3680
6794
4282
990
7807
7115
7789
7588
9440
2168
9171
2559
9334
6305
1098
5776
7144
8778
2911
5465
8438
5337
4783
3767
8704
7466
920
6683
4965
8513
5423
8536
7453
4026
7656
7031
7079
4495
8155
2058
1880
7507
1239
6971
4019
1613
1391
7873
7293
7284
3584
2845
3047
3586
191
9924
5211
6678
5705
3229
1394
6351
5828
