2871
2502
4055
9733
4209
3877
1804
1851
4289
6570
7985
3563
2026
9884
9124
9786
2165
5833
6232
7891
7496
2394
1478
485
3214
3176
9313
6439
5710
7389
3143
7939
5374
6555
8411
7841
1621
2948
7980
3400
4792
8716
8901
7640
4864
688
2593
2927
857
2740
2561
1948
8588
9635
9390
6878
1058
6969
3036
626
3360
348
6353
3680
566
6449
1865
2688
1791
1004
62
8690
2484
8772
4720
950
1582
2427
8264
2157
6594
4752
6712
3147
5856
1653
507
8365
4830
9501
5253
1929
7285
6367
5544
3520
5279
9463
7240
1603
958
9505
8016
361
9608
3430
4854
1141
5339
8522
6848
5333
7205
5073
418
2742
6144
125
1965
8541
5923
6072
1837
1634
3350
553
6279
1506
6723
867
396
309
5151
8582
6295
9076
2109
7129
4241
9170
2829
7083
9310
8943
380
1528
1431
5820
3419
2127
8201
7605
968
144
8490
3657
5603
6925
827
9651
2642
3568
2795
3985
2790
4177
6760
5882
8238
6659
7799
4469
9769
3917
6214
3053
7175
3012
9757
2374
2742
5505
2911
4957
2878
6246
6139
2468
2704
956
6044
1817
8784
7181
349
5275
6170
6978
2136
7850
6015
2811
6946
5356
5006
5127
9805
3226
717
2171
5531
4148
9819
4079
9093
735
122
9736
3764
2300
4404
1920
7371
9201
6904
6410
957
2745
1431
1561
959
303
3759
6120
6022
8579
6762
4072
2850
5834
6123
3876
6794
3094
925
9051
2879
2590
1004
6786
2682
8352
8957
5417
9783
2257
4579
340
9147
905
1024
2805
3227
2826
2569
5227
916
2245
8341
1930
9442
8432
470
4948
2467
1946
159
3517
5209
9706
6533
5932
8012
5741
6190
4387
9981
7068
7137
5019
3592
7650
1155
2262
8105
4272
2298
6573
2725
665
1138
3228
1234
765
3635
3973
5977
9067
4862
5238
3874
7342
1735
3136
6522
8895
6344
181
5619
5093
7929
7877
5236
1757
817
6483
8221
7467
7203
5762
3520
1314
1689
7297
2776
4401
2367
7812
5807
2653
78
8338
9299
2427
1521
6768
3070
6561
6706
512
2955
9362
8128
6465
4976
9164
8835
2677
2655
8883
1598
21
5529
3101
4854
8855
1524
342
7683
9858
638
858
7389
3454
3853
2753
8722
791
7724
9044
4546
6383
1974
8747
1252
6377
8661
8133
8997
1019
716
1254
1898
3629
4015
5950
2985
7340
9919
9663
6003
2634
4526
9796
1649
8388
3380
6367
5957
7942
8661
1693
8772
9791
5225
4600
3660
1846
4943
8774
1513
5804
142
8018
7681
5211
9362
545
248
2007
892
5263
9411
9668
4272
8331
7837
9595
1733
3207
887
2742
6179
9824
9528
8165
3492
4586
2108
7943
9542
6928
4642
657
3358
6382
8595
3147
2225
9679
817
4981
2868
6441
1645
8277
3318
4741
3974
5228
478
3768
5954
9701
7095
8786
6876
7039
1362
4993
2212
6357
3952
1428
5776
6876
3208
6575
1889
1107
4697
8766
2324
7345
5431
1361
9743
8234
6704
3325
8683
6689
2112
4673
8500
7429
2151
2899
2466
7389
7590
3137
409
7414
7445
8484
3597
4038
4784
1184
2891
4825
1323
9815
7236
4768
3024
910
8309
423
695
991
9760
4495
4565
5283
8676
5790
9457
9669
3409
7128
5698
6688
197
6096
3166
5686
2984
9851
1410
8642
5127
1216
8752
4362
8502
4062
3974
7618
7111
5164
2402
2166
1785
1969
2537
9840
8548
6027
3968
1929
9102
4228
7123
1202
1100
7102
1920
688
8969
4148
5059
9883
2566
4064
6099
5950
1823
2054
2202
8608
4099
1629
7758
6607
9003
9682
3246
6589
8032
8271
4220
7195
2982
2673
9426
4936
9074
4894
5958
4438
2678
6755
8822
7204
4992
2243
5637
1122
2648
5517
7890
1939
2637
4491
1940
5624
9469
5372
846
9961
275
8502
6393
7441
7130
1660
5790
7544
1964
3542
6372
2996
6915
4334
3323
7104
5021
85
1196
1177
1020
8547
9052
5340
819
977
4929
7705
6532
5588
739
1642
8935
3907
5837
8516
3847
6372
9286
198
7526
3831
7079
3853
5413
6618
2220
3686
8000
4873
4437
7857
6260
9139
7060
9540
608
8973
8317
9413
2616
3229
691
3459
8268
2974
5848
9349
6751
2622
8019
5138
5356
4887
1837
4538
3676
7722
4456
1624
6523
3328
1035
2131
4379
3911
6127
9594
4028
9321
4218
5454
9308
6795
8611
2578
1622
9192
4242
884
4357
7692
5521
3395
2066
661
202
707
6108
2947
7256
263
3162
3611
72
2491
3903
7337
8409
2189
4349
6054
4521
6710
2399
5908
4600
8266
242
6678
194
645
5492
5707
3446
322
3076
425
4806
6477
2706
7256
6042
4826
1022
5013
4764
3607
5605
4728
4654
5845
7784
3532
5137
4765
7187
7193
6033
1512
6641
3272
8309
6300
5531
4693
4745
8360
1246
314
9521
3299
3793
6247
8845
3004
4183
5344
3928
2402
88
3535
1987
4237
1206
2653
5062
6104
9700
5982
8911
8841
3687
3536
687
9288
143
8177
4216
9654
2391
6883
2041
1730
6090
7081
8092
704
7027
6204
8627
2640
7820
506
1816
4947
4113
5711
7650
7627
5031
2258
6909
7526
2474
5555
1058
2374
4232
4465
2515
5617
5186
6262
8106
308
2655
6037
374
1079
1048
3031
2161
1766
6921
3896
9769
7674
2293
9999
7316
9139
5002
9746
9651
7747
4154
6667
4088
3580
1078
1460
6109
4723
9010
69
9179
901
8612
5895
117
1827
5574
515
1356
2387
2897
9788
4163
4970
6448
9076
3386
4324
9070
9337
9481
8969
4307
358
2768
3062
8688
7100
9073
378
6372
263
6657
4437
2789
103
2765
2263
2605
1808
4946
160
603
3379
951
3414
154
2482
2636
5521
3830
5093
3893
2719
2699
8511
4585
6737
3966
1520
6817
9270
8936
9967
7529
2058
8713
5499
4714
3376
9182
4935
1823
1329
2466
7843
7587
8970
6139
7664
8245
2136
1420
1518
8747
6356
4806
1498
1346
1959
3931
64
6364
6802
9852
4027
4046
8846
6725
2738
3641
7377
5423
7985
4170
7449
4035
4477
6286
3218
709
1629
8447
2092
9930
1230
5166
7023
1058
7081
2691
5414
785
6293
282
2545
1441
2570
3645
1364
5194
6873
2486
2469
7421
521
5409
579
8078
7294
9035
9254
2354
9507
6724
1144
4178
1274
9876
1592
2234
7443
9010
1262
9058
584
3959
5380
4427
4111
3398
1135
2546
4822
8732
349
9656
5344
9281
6805
4833
5843
585
9852
1507
18
224
9584
9503
3192
9893
5355
5609
8268
569
2741
7952
2614
917
4466
4893
7441
1462
9003
913
7578
519
4365
9572
6147
7626
2165
4019
1088
2378
3333
7566
7167
4387
9672
3570
2919
9392
4011
1142
6199
7580
9342
7701
2849
8621
9502
5108
5194
8476
569
3090
981
9022
1034
3213
6104
5685
3414
4006
4130
6778
8735
767
4006
4384
8608
5494
5587
1690
6138
1691
4067
9417
3550
56
1115
2917
2528
9837
3546
3010
5132
9054
1749
1418
4375
5237
2045
2947
4588
4926
7856
5604
3598
6985
5699
2696
1682
4645
5472
188
7917
3564
1950
1101
2798
6486
3369
9654
3714
3946
8485
9374
3789
4924
1221
7630
7428
547
2654
7264
1749
1865
9346
9117
5509
8344
1040
6654
4262
467
7523
9094
8803
1111
7025
6387
522
2954
54
9635
875
4070
9184
2709
4394
7944
2456
5899
8862
8522
8465
8339
406
8102
7732
6974
4258
9408
3133
7259
4475
4617
7638
7940
5188
5156
5303
6818
3134
2182
8187
8321
7644
3790
8630
4459
7551
4374
3622
6308
3667
5444
1254
5047
4496
8496
9851
9703
3755
5340
7232
3266
3400
4896
5145
5378
265
6360
4824
5696
9485
9010
261
2724
6810
3291
9746
1180
1919
9553
9097
303
5974
1683
5756
5486
6927
3358
1731
3042
4676
4838
4166
3919
585
177
781
6253
3534
3991
3816
7774
5426
9355
2091
6324
6619
3802
8008
796
8664
4931
7611
384
5824
355
848
2744
3003
9364
6473
5036
6124
2346
6759
1249
4868
7324
1562
6354
1038
2610
7946
8768
939
6020
219
6648
8619
3004
1364
7722
342
7909
8825
991
9007
1911
5099
3394
9930
4529
7258
8083
2866
869
655
8440
6309
8238
6238
4779
8164
703
3603
2233
6419
4846
2655
272
6508
6856
5776
5177
6025
8717
5864
2243
8671
8341
2138
7179
1550
4665
909
5148
866
5606
3747
8951
1382
805
6434
6493
4759
6902
5110
13
6871
3644
8601
2940
2877
2238
6652
6149
8949
349
3143
2530
3510
9944
4534
216
5073
6122
9736
9886
7710
6237
9758
4296
3729
4394
9851
5295
4133
5891
6904
2981
6673
6471
7069
896
4268
8767
9164
4003
3296
1424
7258
7975
8618
1677
6377
4865
4455
201
4412
3406
8372
763
6500
7945
7205
441
4078
6232
7149
6333
2917
5369
7413
5193
4718
2884
448
6710
1413
4086
6938
7927
6736
7345
4351
540
3716
9411
877
7547
5407
5600
88
2057
1661
7635
6812
255
3594
1283
248
4933
571
9896
3588
4141
8987
9545
794
3068
8620
8383
5694
1115
77
5015
8302
7479
272
8427
9375
4662
8446
5802
213
9226
2619
3889
6785
8873
3064
4358
6655
9
4759
9716
8852
6118
2552
4104
375
8332
6154
6873
8674
8196
3195
9061
8286
1269
9859
1225
4707
6542
7152
6228
9587
26
2779
1410
4926
2864
6051
4973
9842
7222
2206
2191
3
1783
1737
694
9263
4844
7958
2532
4481
7824
4997
2743
4543
4369
7995
7167
4942
1828
9115
815
9615
1198
15
3298
7436
6806
2703
1749
3265
2438
9433
7726
492
1494
6312
9630
3799
7753
4191
7818
7929
2027
1415
9430
9225
8225
1312
9639
5125
5742
582
3481
7738
2353
7256
8203
6954
5330
7805
1811
8135
2659
1247
2703
2456
3784
8599
8432
3235
6590
668
8657
3963
4537
6503
4495
8385
8997
2677
2159
9749
386
8806
873
8284
668
691
268
1356
8450
5305
4172
9183
2143
6490
364
9572
1852
3085
9001
2486
1686
1561
541
8611
9174
8520
3601
5795
7631
6641
8650
6315
563
6759
1308
1600
748
1847
3974
9638
9753
196
4267
8498
3668
1919
7030
7906
5666
7241
2083
4413
8800
6584
2422
3160
1376
6095
5167
1014
1045
7217
8877
2013
7363
2727
8436
2481
5447
2852
5420
5010
400
3796
2685
8084
5339
4532
4557
343
4046
1114
7640
5565
4363
5781
4015
9071
5664
7057
1495
3590
6509
1677
3001
7420
5168
7012
6726
1130
5468
4494
109
366
417
1825
4023
2766
126
2381
8815
2091
3873
9409
482
8053
2539
1909
5465
4737
1316
4735
6787
3918
6293
1318
3234
8693
4993
2368
9713
268
6601
552
94
1099
3848
7227
2142
1367
824
4603
9113
7264
758
6107
3376
2862
3047
4650
4141
6089
5051
8529
7999
5620
2980
3360
6495
3802
692
1360
1740
1327
3335
717
7849
7425
6374
6278
8932
4599
1947
7111
2474
5321
4827
3660
9263
6074
6069
5613
7053
4448
3455
119
4751
6617
968
2450
6236
4827
5936
9540
5477
1961
1687
8007
6814
4319
3270
7734
4546
7923
1262
8931
7896
7982
1052
1901
995
2353
934
350
3407
2379
4389
7994
8979
4650
5776
4641
2033
2226
2039
9071
9091
4744
4706
8543
5219
4335
6414
5628
6004
7334
7417
6861
3056
4138
8080
7128
3249
5386
1915
586
5533
9331
4158
5037
471
2344
9694
2556
8867
3449
8666
8791
8583
8924
6126
5078
1290
7748
2962
3449
5209
2534
3337
2502
5493
2699
1678
9743
7016
4299
7191
9253
1419
4234
5717
3630
3546
3947
9372
5951
947
2315
7750
8831
1591
3668
8367
6516
8739
9707
1555
6518
6808
5370
2172
1550
2749
35
5845
3437
4986
3844
1
7225
1748
2365
7335
2084
6838
2510
5136
7616
732
8305
9754
8166
4234
2042
8937
3905
7012
3537
2874
198
9086
5752
8200
5207
4311
5247
6619
9575
4638
1597
7107
3673
653
6365
827
2080
730
2011
8460
1165
5902
364
5458
4037
1306
4300
2972
6593
7737
8756
2639
9121
5614
764
4939
7259
3320
763
9930
7491
1522
3514
8414
4131
1789
5099
1489
7721
1346
5277
1687
861
2052
6088
6076
1323
5939
4327
667
9002
5780
9092
2280
7188
603
9423
5878
6446
8377
9262
8738
226
1702
4016
2111
1033
8172
7465
1243
1218
8553
689
8960
772
877
3653
9016
3958
3336
2850
7697
7019
4699
8768
9517
1480
1490
2796
5746
3164
9781
7405
6398
6628
1946
5819
1988
6966
8082
7882
6846
5821
7896
2647
9172
6580
4616
588
3374
7110
2268
1257
6974
9896
5349
1229
1341
9656
9943
6554
9940
2465
9259
5131
198
2848
8325
8580
5140
5481
5212
713
4356
3853
3435
3940
9088
4552
711
8381
5834
5457
4073
7103
5086
6552
4774
3023
3553
1316
6573
3182
3471
8722
5292
8335
1948
4690
2168
6289
7958
6156
9174
641
6085
4796
510
1722
4528
6633
4932
7016
7363
7466
6525
4849
535
2697
2835
774
2056
4554
6541
6036
3111
1031
5205
8928
6720
6854
5984
4585
4088
6333
5007
3076
4755
6041
4285
3401
5322
2676
2991
6266
509
137
5750
1316
4427
184
9157
3907
5599
4045
5844
5325
842
3947
7167
9579
3529
4772
3266
7329
2344
7695
4944
7310
246
2070
8796
1471
6740
2795
823
9012
6296
3622
3105
5925
8387
6540
3177
701
4695
2958
919
7276
8281
6152
9253
5663
6379
5249
8797
9507
4181
2568
782
2770
3559
5089
7653
2654
98
4406
6886
5891
2544
5026
8439
9511
2309
6301
930
8559
9019
7181
8972
8523
3069
2916
1412
5834
8929
8858
7606
6639
4465
5385
5028
3236
3023
3088
4179
2579
8350
7503
2989
9012
6507
8821
3263
2490
5918
5792
3270
5269
4984
6284
5744
6220
6163
9527
1798
1757
6776
3309
2928
1506
8636
4037
6627
3466
3565
8718
1139
8465
6601
4602
4415
9031
7091
2717
1010
643
122
1317
3698
2493
6483
4316
5683
6296
4100
3935
8041
9981
5836
7978
6215
2828
7160
3013
7805
9191
796
288
9259
2320
1062
1495
391
2069
9028
5071
3131
3168
7614
3130
2926
5596
7395
6668
4128
6058
561
1138
325
6777
7294
8736
7440
499
474
5597
5064
4894
7837
7978
9072
3728
8964
7970
3510
2897
6483
9921
1471
4137
3725
5903
9054
2198
8338
5250
8768
5248
7184
1930
8450
7329
357
3568
448
4193
9326
8900
4375
7795
2103
7994
3301
4746
5710
7895
36
7270
3228
7265
7705
1735
5722
6712
3078
7481
6865
8966
8676
6909
7317
5083
8365
3441
7386
2260
1166
1021
6031
9467
9639
5888
1223
8218
2920
1264
7292
3665
1973
5317
6741
4517
278
7963
7116
6887
1239
793
4404
2364
2058
3870
9783
1159
5840
6364
7559
1751
6997
5210
3403
7357
1411
4944
1575
9812
7689
7898
839
1724
191
662
5930
2996
9445
7435
1415
3879
9784
2606
2746
2568
5032
3229
3047
9563
4449
9034
2730
5739
9447
9869
3753
3048
3727
1517
9466
6353
104
3685
2641
8507
5015
4565
9275
7114
9066
5371
3885
4194
849
8938
1272
9748
1430
5654
1104
1453
3557
2558
7578
6616
9269
2208
5728
1477
2218
1490
4411
1780
5878
1269
7678
1993
3576
9700
3338
8214
5480
9934
2216
8168
7088
7877
730
1886
9064
1844
5892
8271
17
5315
323
429
5358
1760
9485
3115
5874
8614
6543
1647
8575
9145
2645
2429
5111
6200
3102
3749
8081
6045
6009
5316
2249
2956
1669
2813
7019
4353
7359
244
3373
4303
8019
372
4854
1845
5996
7577
4161
9190
9386
2166
8929
7766
6739
1602
258
7767
964
1850
196
7897
8810
870
2830
7544
4772
5487
9883
3838
4338
6420
1477
3588
5274
0
348
9219
5706
7282
9752
504
4216
2034
7121
4045
2476
2677
8250
4019
2228
7098
4449
1154
1711
9600
7001
3666
7611
2362
8018
9608
2416
1312
6565
3512
3680
6381
7928
4912
6590
3802
7844
4040
763
4527
1807
5412
9654
5234
5588
6227
1935
3948
4886
951
3422
265
8756
1505
30
2038
8651
5213
8614
3833
4050
5281
273
5564
7374
5883
271
7438
5834
5559
1283
8443
7867
3779
7008
6659
8200
6503
4372
2600
3718
8740
5194
5805
5370
9899
9307
5596
6630
1771
9480
4698
297
4223
7545
6375
7585
8320
9482
2699
1344
6245
7450
7203
7648
4424
7568
598
8156
9663
1757
9748
4600
4182
3807
7844
8554
8298
9516
9780
8518
8532
7722
790
3447
4717
2726
893
8724
8761
6735
3183
5768
8782
8187
8278
9489
6278
2053
8239
3842
1654
3146
2740
6751
2211
5149
761
8242
4134
4915
8862
9676
7844
7189
8427
3806
6953
7776
7854
1715
3953
9120
1998
3320
2280
4938
3661
7053
2821
752
8480
5781
2656
5836
7516
2544
9120
461
6852
3797
9127
6732
6373
8428
4284
5693
1513
42
1528
5095
8076
464
2424
9144
1779
4195
4834
7878
2592
6914
296
922
3393
130
7049
7589
169
9968
5573
7656
8578
3332
9728
885
1144
4803
5591
3504
9203
4068
8730
6776
3972
3137
5685
7894
210
7335
2454
9010
8306
1035
2891
3823
9100
228
7484
5074
5301
7230
7133
5958
6772
9443
806
1446
9201
6945
3724
5148
2413
3269
386
2678
7365
2435
9757
3521
2473
8651
355
9088
9588
4111
5949
9648
8499
9923
1146
260
4347
8893
3717
4954
7238
1637
944
7989
3813
6639
9467
8769
8005
7657
782
8284
7637
4493
4023
5873
9755
4453
6001
336
6030
3623
6649
4576
9201
7786
8633
8253
7359
4164
8584
1005
1220
5513
6883
3860
6220
2926
2329
6427
9981
2079
6479
2952
8852
6647
4316
6009
7004
9903
4584
122
1387
424
2082
9442
6347
5731
4895
3548
8623
9820
4676
5625
18
9654
8849
326
4293
4365
1804
5267
4767
7114
1993
7492
6344
8610
5965
4529
5007
5572
5195
5959
2640
9905
8703
4895
5564
7499
8088
9210
5990
4332
1600
459
57
7168
3074
21
7707
3860
8282
7042
6211
4900
9262
5778
9216
2317
2511
3124
2096
9376
2928
1782
3649
5217
533
1296
3826
9867
2494
225
2224
6431
4798
3554
7230
8561
68
719
6044
2059
254
5102
4378
4
9283
7381
2772
7871
4263
5792
8579
4088
2390
8511
383
7631
4151
8418
5579
3040
9134
747
6866
9295
6734
2991
8694
422
6949
2741
9959
3719
3384
1161
1095
1970
9025
3053
9305
6016
9743
2519
8280
5340
9192
9492
4435
8902
7828
370
9197
9909
5565
5980
8162
8945
7106
1773
3713
9105
6526
9191
2873
4452
1476
8326
3757
2385
8805
