4127
7626
4778
5770
6026
4026
9081
1047
2832
7010
340
1122
542
8180
9126
4166
5242
4779
6055
8198
7171
4466
7740
9493
1100
8389
5320
9023
1226
2411
401
6597
8119
1619
2343
7828
5952
7387
1705
4536
7699
1591
3289
296
8150
5769
7888
3403
7014
3882
7663
1824
2114
8364
4735
8730
3953
8998
1112
4178
4335
7596
2397
2215
9956
3779
8816
855
8932
2150
230
8402
27
9224
9876
1005
5899
9679
7210
2739
8869
278
6357
8052
6012
352
3717
5760
9515
1437
3094
2647
3725
17
5591
3048
2083
9360
5492
7864
3063
5537
3492
3585
2220
9263
6495
9481
303
9160
4821
8020
165
198
7335
4446
4644
7765
801
8159
8064
2104
2985
4851
5671
2091
3481
2951
7200
5411
1089
9766
2618
248
7512
1646
4877
5774
4079
1525
9110
4805
3823
6205
7187
9508
5937
6519
3729
7257
3174
7796
1081
5365
5485
6014
3646
4912
8130
953
3357
472
8633
8438
8114
9805
1040
421
1156
3304
1840
4243
2174
1350
4650
3588
6125
7550
6658
7147
1121
1175
6449
2112
8941
1956
172
7990
8118
9879
5773
804
8624
2986
4476
696
1286
8848
3033
2489
5065
8509
4925
6764
547
7000
950
4170
5955
196
3076
6267
8611
2983
241
3025
2506
979
1596
7468
3067
9999
4236
6758
8113
5736
6843
8668
3260
3001
4040
5901
3521
5959
2008
7646
9069
1273
2279
9033
8908
7210
4317
1735
8901
5761
2904
1908
2483
6914
1222
6372
8209
3930
5131
1747
4573
8481
7770
5788
4315
87
1387
4625
8231
4113
8256
3747
7754
7342
7920
3411
8981
427
7323
9022
7060
7171
1205
7477
9005
6786
8805
7147
5836
299
5816
1917
496
5433
8334
2988
8428
7747
3448
933
8544
8062
5550
3097
718
1852
8895
3380
1334
7000
3806
1693
4384
7722
3493
1688
9323
734
1672
2326
4410
5434
9874
8555
5719
1889
1900
8692
3580
4062
5706
9316
5255
6824
1433
2977
2431
7686
4911
8170
5928
5452
3530
9690
8574
4438
9438
6557
7660
3562
4137
6087
7015
684
2883
3244
2290
8586
469
7210
3708
9917
8550
4206
911
4318
6235
5783
7632
3460
4409
2982
2128
2355
166
3273
5670
8422
5645
583
1204
8690
7570
4929
9575
5947
9816
2034
2062
2143
7305
3901
1800
576
3165
2795
8232
8304
938
1712
2552
775
610
3702
6837
21
3045
4967
6552
2453
3191
8960
7650
9232
3040
4406
3554
5740
3690
2540
4832
7129
1696
7881
3112
3168
5704
7678
4967
1141
2274
7555
8685
4438
8948
8819
4061
3459
7217
1799
7107
4049
1558
7166
6428
5555
8088
4483
4286
4793
9603
7530
2082
7772
7753
9260
7822
9482
1836
7901
4156
5236
7742
1326
4457
9120
429
9532
2771
7184
3503
2974
4449
1439
1701
9947
4241
6897
7454
2645
645
8132
3208
2995
9944
8471
8377
6435
4828
3652
58
7722
9761
5488
4616
2513
4064
8820
8735
99
2023
9222
1915
7606
3200
8741
6046
2762
3582
4173
7523
7006
5865
9917
3286
2929
2072
6690
9992
436
2882
9093
1092
8659
4459
6643
3473
8825
6834
9248
8733
9996
420
9343
9182
8853
63
6132
815
5050
3082
784
6871
8349
2290
5552
7556
6396
7126
3525
3767
5149
6123
4939
9786
7001
1332
9648
3961
1624
8472
7294
7360
4640
8500
8896
1131
2402
7308
430
4578
9718
8724
8496
1161
2917
2702
4353
1762
8960
3843
329
983
9632
8680
1296
5810
8005
6116
3455
1143
3188
4384
5319
4882
346
319
7291
177
2307
1650
3287
232
2905
4433
524
4300
8661
6536
4202
7379
7535
7542
7466
1093
9013
7176
3305
3687
7361
5286
7177
5657
2461
8458
2953
963
5801
8359
6463
1005
795
712
7253
2863
642
418
8881
614
85
7494
8417
4197
7804
3097
2056
3797
5847
5570
9586
2123
8540
844
7849
9542
2796
2086
4240
6951
1733
1547
1060
3688
1445
1785
2416
7632
4349
6965
6151
7584
7766
5
1429
7795
5685
2165
1042
6170
258
6222
724
7563
5415
3468
9522
315
6749
8150
3514
9605
5524
6348
2530
5580
9153
638
3963
3370
2404
9903
2648
1665
1012
3140
8752
7027
2014
2464
1441
2505
5523
224
1094
8084
5990
5723
4538
9765
9906
73
5210
8782
5666
3198
6410
562
6771
6163
9823
3600
7930
5846
7671
2986
7468
3283
8548
3357
9095
5686
3205
4944
7395
4481
9581
8456
808
5249
4136
6778
8242
1898
7235
6628
9566
7249
3134
2312
9377
6905
3064
6185
1788
5317
8529
6670
421
7496
1123
4826
4160
7503
4250
1676
8608
1532
7654
3103
7756
6729
5677
3132
7862
9328
4852
4959
5840
6906
2414
4215
4605
5900
4519
5449
253
3380
2561
4262
1743
2979
4244
7086
5835
1602
4119
3466
63
3460
7210
4569
1565
96
4687
3747
3318
9684
8794
8248
2700
5760
2227
1043
2054
6571
1571
3781
4587
6265
2280
9314
2807
2268
4441
4234
2819
9041
2462
8974
5608
724
4856
7607
5479
5256
2131
9608
3481
3198
1115
1138
7890
5237
5833
3813
7358
7652
3477
9090
5821
3233
5044
496
6470
921
2743
7408
8187
4158
3853
4969
9229
3124
8969
6385
7793
434
7900
7563
3136
1069
8337
6720
3072
5899
849
3020
8520
173
6904
1653
981
3465
7820
6242
373
6640
4469
1414
122
8648
5196
232
2637
8926
4143
46
3597
1094
7613
7569
8147
8848
1230
5014
4986
4774
784
1812
7531
1960
6633
6772
4878
6689
986
7641
740
8286
7580
2347
8306
4224
6420
2191
9372
3114
5683
6617
3130
3122
2100
3274
4557
7004
4278
1082
9100
9841
6866
8919
3800
823
2835
2184
5214
610
3277
4627
8442
7389
7548
1179
706
8483
2266
3981
5730
1438
3531
5068
9511
3815
5536
6027
42
7683
2398
6465
4044
1787
2913
3793
7877
5499
6478
3643
2902
2942
1030
6423
1696
5211
19
5781
9033
8707
4863
5202
6750
2787
8310
3912
3111
3190
8782
5013
9337
6958
1500
6766
5443
1016
3484
1878
2175
4945
773
3588
1173
4227
8775
9708
4766
5197
2645
8368
7600
4706
675
2865
5244
5818
7401
7857
9545
5971
3244
8817
9177
3718
496
2133
7555
1038
4937
7874
7030
4079
2987
6497
2299
4453
5070
2510
1108
104
2806
6106
1049
7997
5302
5664
9002
5186
6975
7809
5868
6807
8035
5946
3955
57
2554
439
7921
3866
4241
2310
4731
2350
8134
5376
4070
6698
7279
9489
8351
4685
2471
7242
8911
5332
5309
2153
3118
660
3304
5379
1358
2867
4050
7205
3444
9543
6171
3084
1000
9125
4666
4930
9833
3820
9271
5041
8735
9902
8290
3626
3129
5760
8591
1827
1412
6615
4277
8945
2790
2091
1370
5768
6429
5650
2389
8318
7221
1020
5543
3278
8714
2165
5121
9952
9367
88
7537
4431
3267
9799
8703
6806
1671
1312
8310
5602
5327
3941
5792
4489
1547
651
17
7174
2178
1539
8726
8575
8642
9364
8015
479
3061
8355
1913
6034
2694
8713
3496
7363
5211
5229
5651
7197
8099
1371
146
5353
7610
4530
6544
4846
1014
2118
2652
1769
4472
2800
1206
3539
3231
1931
9785
2720
3534
9308
4927
4551
2349
1764
8949
1212
8746
7368
2181
7827
8769
7246
5614
190
1109
9557
3518
7970
1358
4133
9876
466
9917
8090
7386
3465
4085
5548
9637
3658
4069
2134
6960
8185
7260
1319
6464
3518
8208
543
9123
602
1938
7905
7470
8397
9354
8563
376
6554
5872
6775
41
3776
8585
3441
1865
3842
4780
1626
7516
3135
6429
2256
16
8298
2954
1558
6947
1195
3422
6451
1853
3223
7285
2710
6058
8543
6439
5835
8791
2381
8506
5886
8840
2505
9007
2769
7337
7721
1146
2367
3640
4579
2779
8702
6294
8886
1488
