6406
7395
9346
9652
4859
4529
75
3235
5926
5334
2488
326
5631
9172
5368
1439
6230
5200
6787
2458
8433
61
2172
4859
2366
311
5038
775
5166
2001
5152
8063
792
2607
9976
3381
2916
3695
5054
256
5127
6370
3600
4285
9472
9010
2121
849
2930
8588
9466
7216
9082
1255
2303
834
8777
7501
4181
4676
2106
2703
5699
5208
1566
2917
69
9180
5546
7265
6578
643
2601
4828
1014
7909
5551
9428
1371
9497
1883
7699
6964
3861
6524
1595
4123
2637
8583
822
9992
6056
4844
4027
5199
9503
6621
6121
218
4804
6329
8656
2751
14
2843
3084
3574
6389
3447
8562
5275
6633
4676
374
7954
8345
2617
1883
9451
6554
3152
7184
697
5007
2879
6811
2465
6481
9707
9067
6126
7308
9293
7874
5474
2964
5023
2693
1365
3729
428
3986
9913
8814
5220
7148
9703
143
6547
4439
8999
2011
9846
8156
1021
5249
6231
9057
9548
5401
2422
6564
5739
9910
6885
717
3202
7682
91
4195
6955
7840
8226
2283
4362
8035
9785
2074
6870
2193
8323
3591
4856
4118
645
997
2461
4394
2990
4720
7550
9266
6562
7112
2590
8632
8534
5209
3088
6084
5287
9360
7872
230
4889
6078
234
3541
1434
7535
2674
1911
2993
8320
1591
8593
3158
3751
7468
7231
1132
591
3992
2242
8088
5121
8269
3301
7699
3228
2101
6724
3121
4483
1389
9829
7072
2880
7379
583
9456
4620
1836
7433
7246
4662
4993
374
760
4158
9228
1458
3920
1272
2359
8833
6124
9356
6656
5948
3526
8780
7416
3723
7823
9405
8944
2279
3279
1282
8040
997
8495
3191
2516
6400
159
6588
7549
6284
6492
4688
2709
4984
3759
7024
1218
1428
7538
952
1208
5397
2770
6628
2096
7632
4945
2465
9873
4389
7166
3033
8879
2605
8444
2825
812
4544
5704
1229
6561
3494
6617
611
6171
501
2676
1944
3206
8294
1038
9908
6614
4418
450
2482
623
6921
9694
7869
7317
8615
4972
6672
4494
3968
8479
8437
3871
1122
638
1370
2966
2370
8895
1431
8751
9136
2426
9477
4553
9479
7175
856
2293
5891
6618
3632
4943
6703
2538
9930
9031
9491
2384
574
2529
3016
3643
2631
8803
7330
5782
8335
5721
9612
614
5659
7093
5720
6706
4383
8352
1345
5444
7518
2148
9957
1009
204
1387
9018
1173
5238
4068
4251
1036
6663
5295
7722
6447
6231
1539
9745
3974
9759
4069
2370
8788
5156
715
9106
2012
1535
9473
7625
9023
6155
7083
7315
2824
1468
2064
3443
3681
6458
4226
2149
7516
1211
4605
3459
7775
2882
488
8802
2344
7065
1907
903
2800
282
343
7354
2531
6745
5964
5827
7256
4469
4174
1996
3818
169
4031
4012
2464
6976
4848
403
6219
1766
8558
6395
87
2142
5753
3869
8237
7928
8773
8481
4627
6397
4772
148
9642
9538
5400
980
5080
7000
6347
1376
4655
8756
6058
2179
1394
7405
3395
4703
6902
5298
3121
3425
1674
8812
1417
3794
8928
7300
4839
902
1374
7517
1608
5678
8675
3092
5868
3796
2389
33
6176
8009
4748
7314
97
2824
2292
3294
130
668
7678
7093
5340
6044
6258
4618
5193
7290
2443
1402
2215
1870
8539
3829
1496
7055
3034
3794
3470
2491
9627
8809
603
7265
128
6774
5328
7302
9066
9185
9340
9455
1194
7526
9843
406
8623
7772
6503
3518
5297
9877
327
2716
5671
2950
6206
8593
5649
4689
3930
5945
8343
537
4544
2976
9894
9177
6623
3879
8511
1952
3900
2564
5486
1371
263
4
7421
541
4076
6721
1174
7075
5435
4776
3185
8404
3908
8821
6786
1303
8620
2200
2483
9060
9229
9729
2122
9860
1455
1197
5206
6299
2679
8989
20
9874
5682
9288
8487
6355
5154
9009
8044
8510
2743
1172
8669
6126
5984
2597
9699
34
6942
778
2107
3766
1693
7095
6622
6104
7738
8513
5203
4669
1080
7747
7746
1066
4677
9637
8350
6234
9815
7368
6945
7613
6733
4244
4580
8059
6033
3581
4680
6723
9001
4029
9140
2423
8869
4814
6524
6768
2446
465
6558
9763
6563
2201
5099
5574
9
1666
5048
8099
111
5066
8693
2498
597
7304
5414
9613
705
8898
8531
3569
4491
4116
330
9195
8266
1015
2077
4050
3572
6170
2974
8631
947
4458
3640
5372
6057
4497
4653
7660
3284
7377
6429
6927
2694
3067
1743
4921
280
6394
3155
6310
6444
3920
3313
214
4672
2216
2941
5385
6784
4783
7399
3419
9059
2228
1653
2330
3082
5735
8807
8603
4650
2727
6020
8342
7191
8044
9109
5546
5162
6570
1795
5683
7191
7463
7256
1750
7646
9852
4395
2729
1910
8200
6409
4088
430
7422
8101
9407
608
8881
8674
3563
155
3625
7345
9703
3724
3938
6062
9283
1043
8893
6881
2317
5307
7979
3053
7217
9411
3642
9270
9728
8707
6784
6431
5699
8663
6418
6421
9179
7738
3829
1101
1756
2281
5780
5918
4327
9501
8978
770
504
3452
5031
4933
1048
728
9095
7217
6863
4323
5897
230
5456
9028
8860
3364
9509
700
9675
5296
4920
5720
614
6704
307
5931
8933
8405
7963
1615
6185
2276
5209
6525
5282
7029
48
604
7729
4179
5226
6598
380
1480
2527
9466
3765
5170
2335
8895
4827
1335
2705
9397
8390
9721
1951
5041
6052
1262
9600
5260
2929
3970
1964
4638
1644
3428
3440
8033
7634
5003
5885
3671
1057
9314
9681
3568
8394
1586
812
4922
8391
7407
3399
8541
6880
7449
3346
52
3677
9475
1597
5677
79
9721
73
2404
5458
2268
1485
4736
3701
1156
9410
6247
2482
7702
6143
5097
1453
9209
6022
2014
6512
6988
805
4938
8069
4377
2459
3853
5536
7113
5356
6674
1420
2723
9658
996
4549
1961
7517
4842
9490
1385
547
6194
701
1705
6940
697
2845
2409
2020
8684
3284
1562
1342
7073
306
795
8843
8890
2013
5857
1544
8534
1635
6297
469
8560
9636
2146
1122
4427
4659
744
2470
7081
492
8509
3680
35
5049
2849
9593
4523
5950
2532
2076
9432
6493
9971
2339
5522
6897
9857
8678
4252
1897
1021
9082
7907
5237
6362
2157
6063
2770
5525
6270
3396
8420
3536
7807
244
1888
3545
9220
3676
9095
346
9688
60
9431
8564
2174
9151
3584
8815
9358
3955
2830
2261
1526
8610
5921
408
7253
9053
267
1683
2515
2717
5197
9023
9414
8262
1971
7000
5593
910
5374
9517
198
8231
3753
154
7927
6665
1080
2399
382
7289
5440
6908
7002
2356
5670
3789
2613
2733
6930
5304
6251
8332
4562
1216
6988
2110
9003
1848
1621
3202
3002
6523
8288
191
6769
1977
5427
4892
3446
5350
3970
9541
1316
3789
8823
1147
7237
2502
960
5114
4512
7426
760
5957
3784
9170
3694
5102
4458
6874
5147
9407
1222
1774
6906
1237
1823
7844
6120
2995
4913
8764
7280
7333
8821
9953
725
7721
3043
4007
2206
3713
5690
5710
4127
853
436
2794
7908
3274
8433
6750
9737
8123
4098
6308
9941
2997
4757
5427
5104
147
8582
1637
9686
2834
3946
921
6936
3377
9052
1769
8414
7396
1712
8339
7445
2860
2810
4326
4753
7752
8260
2258
7737
5599
4573
680
4136
286
8575
2491
2264
8296
326
8835
3285
3977
6049
3006
4525
3948
2037
7128
6770
1465
1062
9151
1397
5086
3667
5803
1410
8299
5458
6677
3343
80
3404
3320
8267
616
4368
6828
4903
4159
7402
6791
6363
6166
2869
2447
7940
2475
2152
4227
176
6672
7220
1853
1298
2012
3978
1511
2223
5726
1511
3884
2073
1826
1775
6691
9360
7265
5538
3243
9766
2731
9513
6196
4878
8801
1605
2598
7753
8877
5565
7201
5724
2289
5004
6801
28
3448
1430
1333
7701
531
8897
6688
2157
30
3284
7316
7512
5174
2342
5438
7569
1003
4778
804
8485
2771
782
2306
5883
2325
457
175
3277
8123
1196
5558
7462
1994
4057
7545
3733
6349
732
2397
5795
3818
9089
5418
2739
2671
7115
119
3213
1071
3629
3187
4315
7293
5063
9702
466
229
5163
4442
6074
9917
8914
5463
2237
9446
8633
9972
1358
2879
4206
9323
9578
841
5959
5610
2276
8918
9973
7015
7360
9754
846
5573
1885
1575
4477
5339
6381
105
8592
3734
18
7013
7072
9902
8412
2325
1103
3693
9251
47
9883
6678
2786
1595
3231
3629
7894
6405
4339
6066
8193
9383
5898
1775
8114
3128
7868
8434
7564
529
4143
4081
4503
1942
4860
2323
7011
361
6442
3605
9733
5206
3629
4565
3393
6478
6267
6530
6137
4730
7555
6129
3997
1993
791
5085
9130
5063
7130
579
616
1695
2298
7240
6368
5364
1290
3391
9372
1592
3339
7385
9492
6706
1636
8258
8402
6182
6119
7609
7540
6936
5572
8185
3449
4393
6864
1016
1786
5651
9611
2237
4140
1998
6520
6474
6056
2381
47
8742
9716
5958
9222
3641
8407
1143
3017
9419
5995
7269
8559
544
3231
9376
7848
1869
8709
4542
6796
3302
5579
5712
4680
4834
2099
5621
9337
5837
4876
7590
5150
5533
2083
3074
474
5227
4241
4123
2185
1089
5332
421
368
1777
6615
7016
2839
7697
1353
2460
1763
2747
5011
461
8982
1309
991
944
1091
6233
4572
587
6099
6713
6073
3775
1233
9188
2200
2508
191
2654
7436
9668
2424
2698
2804
3304
798
4334
4801
1198
4278
8360
5210
5624
5909
1014
402
5977
4685
61
4755
5560
6504
1015
9431
1832
3184
8504
2824
1305
1586
4611
1747
5624
7352
270
9644
1859
435
9557
9580
5458
2350
913
6392
9902
7817
7544
2225
3284
5577
5765
3656
7397
7572
5053
6934
8843
602
181
2606
8293
7350
4962
5787
8608
656
964
2407
3452
6930
556
1050
9028
2003
2516
1021
6965
7272
19
3130
827
8579
9462
9108
4546
6038
2919
5597
2535
7217
2694
5939
8009
8248
6520
5722
4823
6594
6674
2121
9001
6156
5943
6376
5551
6965
193
8121
6607
673
9523
4379
9023
6947
2316
1188
7078
8349
3681
7242
8806
3841
8708
5707
9334
8177
8015
8832
8208
4416
6594
3013
5375
1410
8000
2750
3293
3407
9362
1139
6131
6357
2446
5751
8829
6009
7252
6481
6731
1184
1632
7861
138
7625
4504
9250
557
2978
7440
9648
2468
6576
59
4751
9681
385
9758
5409
2519
4715
8481
9262
6473
7100
6489
6304
9898
2407
329
5634
9096
463
8285
9049
5696
8103
2526
8476
4160
1661
9770
54
5519
2561
8022
7990
6183
8048
2952
4538
6508
4287
1497
8472
284
2162
1637
3519
9818
6832
1962
1514
6154
2599
1292
5040
920
2484
3311
2675
7287
6189
2990
6655
7711
4440
6168
165
9021
3263
3312
4231
1526
3368
7573
7309
1655
4937
9146
4761
180
7380
8043
231
4282
8019
5535
8440
2725
2240
8445
7919
9125
4423
2494
2788
2088
7966
4355
7387
3226
2042
5611
6522
409
2630
6876
9904
8532
200
3276
9089
7414
5262
1312
7586
4421
6793
1811
6123
4274
5837
6111
3699
4905
5248
2635
326
1036
3266
3599
3372
9383
9296
9266
7138
9939
6437
4000
5886
2904
3663
3297
5565
5119
7208
4087
5554
6331
5606
7963
3270
8219
6321
9905
9721
322
5100
623
5080
7724
5443
4898
7628
1638
477
3294
4708
108
217
3627
9340
6730
7121
1681
5906
7527
6921
4236
6167
2070
7364
5677
3883
1430
819
6700
6035
4710
437
5479
4579
7333
276
753
4119
1649
7677
2580
4044
1736
9141
8962
7070
8986
303
7750
2110
7437
1367
9523
8154
8068
7140
9255
5037
2516
1588
914
6613
5279
8131
302
2538
9761
7236
794
5274
103
4992
84
361
7503
7973
249
8963
3540
1624
1654
8532
571
1552
4897
6389
4040
5706
8846
9151
5658
5461
8014
3927
4328
9008
7450
36
9876
3978
3047
8731
4566
6867
7390
5259
9988
2154
5545
7222
1730
7153
7041
8910
8161
9827
4515
6767
9286
1183
5954
6729
963
4830
9301
7932
6041
8832
1570
5044
2965
8622
813
3369
5026
1379
4180
8833
6432
939
2846
9093
3400
1351
2402
3833
6599
7924
6542
8618
2083
1917
3273
6720
86
1510
7902
3595
6682
625
962
2793
7822
8209
145
4341
128
3120
7116
6715
3621
3093
3052
8005
329
2629
8550
1924
9404
5576
4625
7637
8419
5464
274
8528
7932
1197
6209
3140
5838
5106
7460
2231
9517
1288
9304
8137
8480
4225
2696
7308
8010
5712
6380
4315
9936
6234
9781
8991
6214
6200
4971
4350
8560
2829
2051
1738
5103
19
6768
7644
5820
6597
6744
6535
1018
5356
9442
6537
211
8073
1207
9233
4514
824
4788
7524
2580
1234
3919
2827
8482
3227
5077
8003
8373
2754
1577
3502
4097
216
3522
4801
2402
4070
7680
3983
4955
1684
5880
2584
8625
9413
52
3334
8977
3890
9502
4950
7341
5580
2918
2452
7409
4294
7966
5640
6
2503
4861
1334
2231
4399
776
9680
755
9258
121
3463
376
2198
3411
4471
1665
1299
9176
8832
559
2259
9831
3332
5708
1975
7190
9842
5884
9568
2195
1022
8543
6678
7100
8023
9430
1058
3233
8243
1423
4512
9363
9228
5143
7050
1638
8054
4104
4727
2820
8172
5038
4164
4146
1662
7311
3220
8088
9532
1445
8778
2296
1188
1996
1157
4874
3242
1691
7408
3178
3147
3021
6075
7651
5498
4921
5085
4669
4790
9513
9896
7505
7424
2007
9395
1773
2400
7739
3128
1419
924
8502
4073
8690
8827
9252
7077
2135
955
1236
443
8680
2477
2256
9803
2778
8056
8291
3474
8977
7676
730
506
773
3263
2588
5251
3411
8914
4570
4048
6886
4677
2682
624
3322
1814
4475
803
2716
1490
594
7885
4961
8087
496
5692
8631
2596
7346
8499
3259
2282
309
4792
2866
2323
8121
3955
7481
8352
4913
2775
2570
7573
5428
9801
6172
6664
1152
7377
6009
554
2163
7792
2708
9185
9960
7533
5489
4555
421
195
8186
9587
5923
3856
8855
3271
3222
8229
7869
8796
8983
2644
5969
8089
3964
5595
4236
9726
1031
1308
6402
4674
8153
2808
2167
7814
8219
2595
4991
6769
1804
1799
2179
2559
535
6474
5913
1866
1650
8747
3860
9629
6461
8791
3807
1660
6452
162
6282
3851
8506
9940
945
76
1845
6778
3860
4271
2662
3509
9172
6660
580
5693
1584
8385
7140
4557
2721
9160
3663
4332
1766
1850
2437
7618
6157
4858
7093
5168
2049
7745
6586
7772
1245
955
5816
2588
108
9291
9981
6860
6341
6049
5476
3590
8174
7412
8170
4673
446
4534
3461
4176
8475
8203
1135
7495
937
7065
5278
3673
362
774
4307
3200
3510
9333
7145
9244
7022
1531
3182
2882
9009
8878
6139
218
5506
8676
5177
3257
5560
1996
2681
9292
7653
9368
4834
3343
3587
6644
6454
6775
3245
3161
9033
6661
5174
7067
617
2033
9596
9462
1424
9232
775
7487
4766
9669
8693
5734
7631
9358
9022
9904
2883
1402
1152
4777
3258
6252
3102
2882
1041
5724
8500
7755
312
4856
9198
7074
612
9020
102
6389
6975
6744
5197
9027
7103
4273
2884
4325
2199
6756
4667
7056
110
8743
9113
7723
4935
2723
3689
6018
9817
194
4019
1123
3689
7481
9239
4581
6417
164
5652
1286
8631
9826
7927
6482
3782
6056
8244
819
6809
750
3516
4269
9891
5467
5121
9513
8797
1808
5218
9857
165
1601
650
8906
6666
7259
9891
1814
878
4403
8108
526
9591
5602
81
6765
9633
4434
9039
3858
5419
2366
399
4234
6836
7030
9614
5313
1947
5357
559
1525
6285
7721
5695
3925
3174
1048
1127
3088
7724
1155
4296
4998
5536
7700
1284
5806
6115
3403
3923
5091
3131
6503
7901
5592
28
1740
9795
1537
9010
3807
6942
3494
1410
3402
4195
4139
386
7095
2531
5439
1498
7931
6446
1613
2382
4150
7075
8561
7906
9626
7529
3475
4163
491
5370
4698
9500
4385
2234
4445
4958
6412
2483
2589
8725
7115
7777
9723
7346
343
3077
1871
8574
66
2167
9576
1975
2352
2279
3887
9395
6066
6402
3984
6228
4496
3085
1786
8095
4672
754
8586
2091
2976
7345
3633
12
5810
9135
1780
1656
8752
1363
4751
5302
9900
656
4090
1709
5418
563
1917
9275
6171
8290
8456
8760
2747
9722
344
4602
1446
3734
9582
4711
2189
2491
8070
2594
9377
1297
2072
4145
14
8237
1588
5249
6652
9111
9629
3677
2405
4191
329
14
8843
1933
6383
4114
6351
3533
519
8437
1893
7505
7271
8146
4435
687
9659
43
3582
8845
9921
1955
3236
189
4750
536
723
7102
7220
3827
8567
8824
5173
6266
4752
7039
9478
2331
3795
2602
1582
6982
9753
5351
7035
9988
1432
5758
5699
7911
7740
5050
256
168
2345
2741
5692
9394
1719
8995
5248
4411
8177
7146
7012
2509
8161
8266
4511
9912
1065
9497
6273
7496
1597
4276
106
5850
9390
7686
9708
6829
6413
9920
8137
7360
109
3968
7717
9128
5910
1611
9581
4337
7301
1151
6939
5554
723
4094
2452
669
7863
7495
2640
5949
3662
3920
6306
509
1755
6148
2251
4324
6482
5364
4304
6230
4615
7551
6417
4123
2205
8332
8595
6839
8804
9110
2925
5494
9503
960
3188
368
4900
6841
8836
9992
8432
9940
6798
787
2507
8009
7038
5168
3291
7835
8020
7754
2307
7418
9607
7275
8619
9045
2505
5579
715
7937
4671
4626
5667
4952
4532
4054
3508
5745
2190
4726
1501
4606
5565
5891
8937
6467
9588
8642
9990
4425
8951
927
2013
1295
4428
7178
5782
4903
105
2459
6881
8346
1917
6725
5683
2376
6976
6247
8237
9599
1745
148
4769
9018
2635
3934
217
9707
3421
862
5396
5104
1219
163
1361
3697
7628
8563
4320
9208
2684
2192
7507
8432
7170
6308
2084
6372
7951
7626
1710
1328
7853
6522
4596
8096
9782
113
5050
3446
1790
3753
2720
9974
3616
2091
9115
3097
8393
5202
574
1450
3815
2975
2050
4256
5597
7183
4541
5660
4998
4175
9548
472
254
8373
8079
6384
3960
4543
3584
3397
7284
9488
8042
3255
859
6657
2034
2656
5703
2443
9681
8559
9461
6277
1168
1694
9239
9481
1874
8500
6375
3341
3217
7689
1301
8631
6699
5605
7707
6502
4163
6143
9297
6263
647
9801
2998
138
3133
5280
8436
5228
2666
4921
270
5012
7785
6580
1966
6069
4635
2729
6720
4582
9250
3283
9632
6230
9764
7120
7724
9204
4421
2408
7003
7663
8746
3717
5078
9927
7846
2890
3078
8544
3238
8121
3720
1669
3150
8453
5679
6706
843
8568
8829
4901
8230
2405
2082
4225
8368
9178
4761
7764
7194
5981
9785
2800
302
2076
8543
5382
929
2858
1161
4706
5775
3812
2914
3088
6737
9465
1695
5556
4298
5732
9065
8999
2236
2057
1965
9913
5028
5747
1705
6109
5940
8564
5786
5805
1290
1679
5433
6651
1854
7277
9099
156
8371
4613
5985
4676
7512
6528
1047
6740
4620
8580
8016
8666
3460
4799
4198
9680
5116
8072
7677
459
4461
9973
4778
5953
215
7264
509
544
4903
7262
1476
5726
2887
4798
4548
3549
3892
6837
6113
6944
7769
8500
500
6661
3383
836
4408
3083
4208
3744
8183
1160
2666
3132
1581
2388
6699
8709
6167
5509
4489
4516
8411
5374
2781
7134
2584
3987
4412
2147
938
1082
9695
3161
9559
123
7666
4213
7463
8715
1196
836
28
7314
5507
3973
5556
1748
8799
5626
6576
2211
5482
3722
4754
2420
3783
3541
1173
6368
4009
4117
6894
6399
3953
5337
3511
1388
7191
2941
3196
5799
2542
2840
2962
9460
7205
4250
4621
4230
2404
9999
2014
8520
3528
598
7863
3739
5473
9216
7697
1735
374
5194
7591
1907
1628
9704
2548
1747
8738
2890
2836
8247
4718
6573
6221
7995
2033
9225
2871
2209
8689
7415
3159
2701
7864
1732
8555
526
7917
2880
3878
9947
7898
8188
7112
7361
9494
9329
8782
8282
6415
3420
4493
3864
184
1873
1960
5152
5650
3069
4118
7946
132
6595
9601
7977
6756
4051
8420
8171
6378
5667
4482
6426
2539
9314
1756
786
9039
1655
8172
3324
9090
2913
6411
5684
8581
3162
335
1289
1925
994
3755
8552
4704
2991
6460
4413
6861
207
88
1432
8503
761
4102
9504
438
4231
7921
2397
2166
9756
9705
970
8353
2697
8819
8619
5429
4937
8578
4990
7921
9069
6964
8885
9266
6996
6588
301
8568
436
642
8572
4016
8064
5369
3609
4999
7344
7371
5712
7181
6208
5072
7443
9728
1080
1882
5757
8289
4788
9675
4867
459
2549
6446
1419
7564
45
7853
8026
5833
8907
9720
4419
6625
80
1297
4351
7544
9100
7807
8655
775
7941
6125
7293
4893
3185
2525
1171
3782
7848
263
4111
1620
6060
5790
5721
9113
3698
2435
1181
415
9891
5593
8369
4778
4189
8882
4986
4091
6214
2904
4876
2841
6848
736
7842
8870
6057
2301
2667
8160
8565
7736
3863
3721
6882
9277
5490
7206
1797
5699
2839
4717
7043
2458
2201
7178
1769
5954
4418
6246
2714
3954
3613
174
5305
919
6910
750
6769
5688
7287
2246
8711
998
6171
5360
8057
4509
9550
9703
5495
486
567
4591
2208
1275
1090
3519
399
5365
7878
9862
3807
162
7779
1276
1328
8887
8953
539
212
230
9440
239
9894
9541
1241
5768
6283
9315
8282
4886
3878
6101
6453
4388
2662
8008
5733
5050
8875
1756
4267
8373
9028
8318
9568
9363
5894
3370
1263
9902
1292
8140
2250
2284
6033
1571
2398
172
3297
4182
9324
6141
6178
9139
7693
1782
1966
4079
3445
7677
6365
1954
8394
2562
8486
5703
1364
7479
3888
403
150
7071
7012
2118
9868
1194
674
2400
5187
855
7968
6176
3882
4868
9789
267
2560
5053
6642
8285
7204
2470
415
3921
6727
1805
1040
7708
4990
8777
8068
2235
955
5799
3527
2026
3866
2493
5754
5955
2748
2227
1210
3222
34
2912
2270
2947
8209
2669
3833
9341
3360
4224
2932
3206
219
7072
5617
6561
5058
8531
506
2502
362
7494
2218
5457
5154
4060
5602
5051
1123
3884
4768
3583
8900
9898
842
4470
2250
2031
8862
9861
4343
3589
2233
7725
6179
776
4701
7549
5200
67
4957
8568
5917
5712
5567
3081
16
9860
4449
8197
5958
4458
1435
6069
8496
5638
2628
9361
6923
7497
1248
1986
4933
2505
8097
8563
1785
1133
2729
9667
9561
7343
7290
5235
6776
6379
7088
3146
7351
2077
48
8527
9998
1456
4900
5621
9598
12
7083
7935
4764
3408
4066
867
1697
9354
1005
8084
6502
4102
2030
1467
544
5723
932
1453
6140
4958
8709
5955
9398
443
311
9242
6506
2863
8606
4394
8148
7720
8489
3722
63
8062
7672
8647
9091
5075
1595
8168
5310
9377
9802
1061
8598
2557
8467
4030
7815
716
4166
5886
8223
2952
7391
9739
653
445
2325
4
2549
6393
9942
9592
5000
298
2149
9713
690
454
3032
9698
8560
8977
9511
3670
6552
6500
2488
3574
5293
7160
5391
4407
1472
1924
6094
1303
1125
4684
2193
4506
1103
4546
87
4374
4073
8666
9724
9303
7194
6330
2312
9970
471
3747
2952
9957
2472
8767
9783
1604
6775
8271
8775
8810
3571
4229
164
1658
8203
339
9125
1648
7997
5508
7920
3688
4870
2748
5424
9703
1682
5928
1761
8380
5749
7496
2452
4026
1270
7793
8783
9597
9050
9108
6113
8604
5748
8551
762
3868
7768
2673
8968
5408
130
7119
4437
2853
2229
1996
3538
4627
5605
6851
8729
5769
9036
9349
369
3713
9340
4697
7511
5630
102
144
9424
3278
432
510
1166
1325
9433
5112
7874
5333
5858
8733
7333
9324
3693
6958
6839
8481
8215
3337
6877
67
1648
280
4014
575
1565
947
6508
2868
3617
3339
5156
8555
6512
1595
7142
6487
313
9354
3941
1285
5207
220
896
7922
9261
7816
7077
4471
3584
9890
4626
2661
4023
2458
5288
8431
9337
9752
8983
4403
3066
4044
3185
3536
6194
8298
6427
590
1605
4269
2057
6638
1700
7609
8842
5798
2054
7836
7854
2438
7203
1282
9788
1100
8385
7374
8949
341
3825
9469
363
7249
3683
2060
2198
9122
5567
857
3714
8123
8980
642
7995
2786
6877
9082
7680
8730
5930
9692
3106
7982
3867
9033
8778
9621
7973
3461
1374
6531
3122
7474
6806
8307
7086
3084
1077
9854
1528
222
1894
9333
6130
1730
7771
8486
2851
4246
2520
6032
3110
3697
4121
1973
421
1385
3491
2014
3249
3890
2241
7689
5615
6588
1899
6146
9498
3020
4811
8056
363
9645
4518
20
1909
3087
1923
1654
8025
6085
6772
1869
5068
6395
4378
3702
8148
2866
3892
9696
3492
8599
5210
9815
4414
3810
4740
5877
9082
8729
1163
2629
4612
2333
4038
5159
3249
2831
8298
7162
9171
5122
9086
772
1916
7965
4142
5322
157
8864
7867
6805
4797
212
7730
8491
4043
4974
2495
7684
7990
7729
2636
5938
7935
822
1128
2383
5293
1911
9012
7935
6600
5660
8884
9124
7670
8582
5984
1087
2158
985
5459
8616
5897
456
7832
4188
1894
3829
3576
6160
5371
4241
4938
8547
4888
4306
6067
6704
1532
4139
146
9543
3020
6438
9648
4917
1201
8810
5753
9775
5117
6364
1584
6820
9503
5793
4439
4793
1076
668
794
3197
3863
1398
7122
9715
5629
8582
6571
7376
7999
1532
1159
7711
3038
819
7201
1363
5828
4333
7034
6610
733
9861
7681
5712
9192
7997
6119
4652
420
3626
3683
9959
6181
9147
5200
2529
5231
809
5251
3747
3361
4531
9422
875
201
1211
9683
6433
212
6536
9806
265
6550
2917
2195
4942
5987
8129
9254
2710
7167
9439
5823
952
5578
8818
8767
3764
4159
6124
4053
2102
7870
5604
85
534
5752
9897
6833
5198
8942
7520
3311
6096
9091
8713
9726
8446
3408
2916
5057
7048
8894
9414
3087
9544
2545
7096
7367
7173
6549
9706
6437
4083
7521
7556
1375
7582
7638
1542
9132
7936
3095
5452
8665
8863
4599
9946
8665
409
193
9112
1260
6449
5974
9907
6168
5784
302
7065
9864
8852
4640
7043
9566
2656
710
3978
6812
9567
899
6367
4714
9932
6492
3691
9501
2690
520
8508
8286
3084
5859
5637
3709
2344
2266
9158
4179
6017
6471
7525
6478
1962
8355
4421
6263
4658
9992
9335
214
5579
9616
8434
5468
2022
4740
7299
8387
7526
1482
2000
2997
7277
7511
4094
9157
7592
4904
3607
7572
203
1147
4611
1821
1100
5598
1835
8677
6228
2304
5363
9213
1956
178
458
8031
4842
1089
3647
9957
5373
9573
9196
1579
1224
9992
8077
126
8512
5731
8151
4005
5390
5225
7443
2657
1802
5523
3290
3841
2218
1057
517
1551
4159
3588
7600
8058
5602
4980
4281
1076
602
719
7058
7017
1767
2898
2624
2520
6525
9430
1632
549
7850
8035
4473
5146
9512
5339
2768
9119
1148
7015
1843
6592
1176
3697
9833
4110
1602
5261
9570
6441
4473
8197
156
3931
5937
5403
6101
358
7343
2475
4051
1911
6738
8947
5074
5704
4066
2047
5742
6066
4214
7422
585
3458
9442
3048
4041
5982
9976
5459
912
4984
4584
9998
3866
8660
2898
1455
8988
8342
1163
3543
9123
9951
2966
7893
4775
9048
2293
9663
4183
3143
4067
3356
1250
5683
1987
3224
8654
7
2106
603
3553
8720
814
5655
190
8912
8309
9813
3726
2659
3013
1339
4158
9207
8951
225
8655
6728
2654
1224
5355
9719
9400
1189
5756
3739
4039
4202
1066
387
3746
3640
4753
1142
8564
5591
2205
4019
1795
5449
1781
4552
9914
3332
8754
9742
9153
3463
5315
9861
1671
4451
5424
314
9299
4683
9650
9936
6817
829
1548
5129
5507
1548
1962
6592
854
208
7566
4357
8057
7162
9195
3575
8754
1195
3011
1684
302
4328
2046
5683
4889
80
2252
5894
1805
4433
4995
3252
992
2306
9594
271
4723
9954
8429
6033
6690
6519
2987
9434
6624
5840
8223
889
2805
5410
948
9392
2526
2559
8465
2769
201
9207
746
5536
2078
3322
7416
683
2328
4255
6622
8767
8430
1270
5387
7457
5468
3663
5515
5668
6404
5073
3867
7469
8110
6084
5431
8773
8048
7014
1613
8078
6129
6771
6130
6569
8763
4176
5002
5277
9448
2226
538
4193
5944
3449
6486
2638
2542
9989
7026
8346
5246
9706
7200
1033
2326
317
8088
3267
6253
2021
1214
7854
7031
6988
5040
8820
273
4860
7570
5505
1567
5974
636
8120
9826
8786
5665
5015
7650
3832
9784
1942
6877
2912
398
8470
2661
5048
2668
6686
6654
4669
8647
4079
3698
7888
1053
7339
5303
9195
1907
3351
6146
6194
610
6298
2518
8197
1801
2808
6747
8275
5797
7163
8609
3926
8847
3130
5076
4427
9943
6796
9803
1001
3351
1014
6208
6439
6339
535
3624
6293
4312
8891
1120
1531
7614
4167
3891
9974
1345
9329
9254
7427
7002
2613
9195
6577
6388
1064
7437
4688
3120
2008
2785
6661
4405
415
4219
2672
1779
7399
7841
4554
7831
3639
3346
7565
6703
4356
1902
8996
7170
2019
7363
8547
1808
1360
140
9371
1707
2372
373
7801
5828
773
1474
8374
5694
2581
9037
3373
5415
7908
2831
8799
1880
8110
6299
429
7201
9239
6323
9516
2420
7374
9137
3734
7689
4294
7230
2019
3074
8195
1613
1537
1036
3331
199
5677
1243
7837
8081
7457
8946
9146
1861
5686
8110
3340
6729
4072
2507
4997
5503
720
9263
3266
599
7652
2607
993
128
292
9899
715
7466
6833
1207
5550
5412
4473
19
8764
9979
6145
9028
284
7522
7780
153
8098
9681
2670
2370
1477
787
8309
3016
5056
8042
6878
7587
9707
7900
9680
2646
3989
2061
1962
8148
6880
1119
310
337
5583
4716
1783
8061
6346
2755
1187
6154
5743
6543
1496
5587
2200
959
8698
1466
8362
8640
6237
8205
2508
9666
7782
3473
6313
5992
4873
9868
717
4155
5302
7227
4981
5369
4262
1379
9777
5972
9622
5203
6113
4695
9644
1473
365
6339
5069
4034
7013
3924
3084
4957
2708
2393
120
6901
6336
6494
4980
7214
5496
2861
5788
6044
805
9963
3877
5263
3756
7350
3419
4974
395
4401
6469
445
2554
2545
3354
7336
140
8533
5497
9186
7158
6408
8680
4102
2258
1073
7954
8907
975
4524
746
9285
6290
3279
7258
1735
4954
1909
5848
8077
9908
1734
4203
4660
3274
4972
2059
5866
6734
7584
9755
6684
1160
5519
3309
4394
3604
2811
2480
3600
240
3769
9889
4778
4787
4667
1764
8705
7106
1796
8201
8229
2669
7421
2270
2687
5493
9781
7840
3702
9264
6863
9416
1766
4027
4001
7327
1293
4229
9695
5551
8581
683
5293
8336
9643
4219
7003
3935
2252
2981
6327
1463
5106
6309
7423
4194
9040
8365
4451
4464
1746
4281
4091
4958
8242
5606
5488
6070
5918
6036
4548
4100
2498
8472
1076
141
1041
364
4827
3984
3231
9584
9421
6745
7620
113
9344
9559
1793
6934
6469
1901
7830
6757
1080
5870
6270
8793
3681
6603
2744
3974
11
8035
7050
2405
2966
9098
898
8929
3715
4248
6557
8624
275
7438
6306
1094
5622
634
1311
4566
5163
9471
256
6731
2755
4893
5807
5789
3580
223
7982
2128
3097
3732
2777
4399
4835
1779
7164
7013
1292
7235
5241
1001
3564
299
7289
1063
8241
775
8636
3805
4592
2102
457
4011
6433
9301
6759
4356
2488
9958
7435
8753
6154
9743
1919
7683
3015
7882
2143
9364
648
5250
7133
9116
8849
1767
3611
7678
2377
7312
8032
2810
6286
7889
4086
2907
7067
1701
2186
7090
3186
6588
5953
4003
6173
8308
4161
3553
2193
9500
1955
6335
7965
2014
2034
1478
8042
2977
9410
4650
9019
5554
6182
8898
3473
9752
5894
2734
8687
3787
900
4779
2759
4077
9346
4809
7613
2733
710
9020
9258
48
417
1351
9973
5371
2300
4912
376
4136
4182
3600
4186
936
1186
5919
7037
9395
4855
9202
9457
3668
6931
7088
5221
292
6763
2954
6007
8616
4688
2300
4079
7187
2266
3148
9659
9848
5527
5559
3800
2035
7727
9379
3578
7948
4496
2269
7883
3929
5411
6277
4298
8827
2967
2010
7348
3305
7187
6165
6447
1993
2350
512
8343
1775
1139
1997
7009
6831
7741
5877
6819
780
5206
3730
3763
9340
1224
2890
515
4348
4700
397
5788
1470
6506
4656
706
4375
4836
6052
9607
7985
6039
986
826
394
9375
7200
6657
2581
7545
1370
4004
5704
1488
3468
2397
4543
8202
480
778
9389
690
7832
2457
4167
5717
3264
1224
327
7805
6620
1228
2681
7101
4434
577
5094
2812
9159
9569
1888
4743
507
5883
794
7292
892
6070
5529
4248
4756
199
5186
7049
1983
8719
9665
1177
2702
6165
4872
3385
6967
3703
7163
8435
1529
2407
7071
2268
2528
6238
9321
5097
4805
7510
8921
4584
8039
7737
1104
3170
6963
8451
175
6151
7584
3437
7462
4309
6614
4042
4201
1688
9746
6006
7445
6201
1411
6443
4630
4285
9999
729
8198
2524
7564
3609
3671
4498
1712
7583
8696
1
9351
1510
7137
4566
6490
5976
6353
3735
3345
2311
1553
7347
9371
5414
8990
1563
7554
7703
4169
4916
5204
3911
3358
451
1483
8296
4066
4550
6231
6224
3459
8788
9496
3504
8558
6092
9448
1294
2758
2389
4747
1424
9134
2646
9317
5549
4440
4849
2735
15
9055
6924
890
5198
8458
6309
1477
6930
9467
1659
690
5656
3974
2527
8946
8313
1898
2272
5960
3753
5567
3682
3986
7448
7779
8135
1759
694
3265
4165
6233
1466
8270
6257
1992
6634
1463
949
5860
301
1351
3755
1908
9387
7505
2276
9064
9106
6220
675
8699
5572
8722
9979
6139
5978
9183
4334
4285
8612
734
870
1490
9870
565
5526
9391
5053
89
9616
3427
7606
871
3462
4489
9719
6689
4832
4371
5684
2794
7569
4122
8570
2057
3085
8489
8834
6259
8314
4447
1159
4519
5389
4156
3263
9543
7224
8868
9865
3830
5570
1383
69
2191
3958
4915
6716
8384
1321
6353
8746
2676
8778
719
7290
46
4705
2958
2448
156
3160
4686
7373
3564
7701
8031
1063
6209
3010
5695
3307
29
913
7866
7153
7278
5512
1560
3247
3242
525
4677
671
5101
4555
8205
7632
9543
6905
3233
9506
6844
2862
6352
213
9519
8311
5123
3325
1029
2332
8082
9535
3055
1526
1649
7395
3732
6547
1219
5999
9425
3680
6745
2437
9696
1498
6465
6109
721
4367
6242
8697
9866
7349
1836
2918
3432
8385
4592
6980
4758
984
884
7779
8459
2633
6030
3770
431
8683
358
8315
8316
824
5024
9481
3141
9367
6282
9005
2102
7810
9332
5668
631
3817
4862
2961
3928
5156
9485
3396
4915
1383
7733
4062
4743
5535
9048
6228
1158
2982
47
1255
987
185
8156
5606
4560
6551
3665
3876
927
120
4315
2579
7929
7135
1001
4126
5865
3896
1840
7522
6826
558
745
7710
9458
4311
5750
685
4543
1723
9895
8819
2530
7815
2939
3792
3911
3562
8351
6494
9978
793
3570
3122
7546
7915
9870
3692
5261
3585
5470
2331
4704
1461
7630
5555
6926
6712
9709
992
9911
4921
2763
7951
1696
359
8408
2259
6924
7989
5433
1498
529
6912
5569
1548
2038
5844
3279
7671
8302
3108
1436
869
5658
6590
7198
6686
2510
1295
4554
8883
2204
5865
2303
51
5463
9764
6343
251
6201
1691
5956
9715
8948
1066
4464
9043
9017
24
9212
884
8306
9333
6195
2953
3263
6722
988
6187
4419
3683
3159
3282
3631
3350
6718
3665
5717
6708
2663
4618
4903
3913
5977
9649
463
8553
4020
4279
3434
8194
5702
9108
4983
6586
1444
429
4727
2122
5187
5886
1031
4188
4487
7624
9376
2802
7095
4488
3942
1729
8827
3972
4510
7390
8104
4738
1542
4557
4984
2944
5003
1149
9616
729
1327
1539
7065
8488
8913
9177
4099
7144
7090
9083
9956
5706
6216
2663
6754
6982
7056
8941
8961
3676
199
1934
3990
2417
5396
7944
4124
5485
7210
7269
1893
2536
114
7111
4066
6135
3853
638
1283
1089
1616
8223
9041
2208
4676
5172
9324
4638
905
5513
250
3314
124
668
1466
9166
5455
4419
7604
3904
5158
1919
414
5365
635
2404
987
5405
8687
756
1450
3639
3503
3433
4177
9311
3956
5540
9710
1119
1533
2310
3358
7372
6205
6197
8860
9702
7947
7063
7683
9282
7176
2147
202
9511
1797
8061
8421
1757
3566
5511
3097
6350
8594
9434
9268
2738
5241
3672
2473
1176
9617
146
8824
4311
7847
6590
1175
7617
5715
4593
8072
8834
5435
4946
2669
3732
5612
988
4278
4956
8244
3573
3274
1456
9166
1663
1942
5819
4071
3567
1720
9038
2956
3410
5311
4820
6780
1325
9414
1590
2721
8205
3220
1509
9769
5983
665
7034
437
1639
975
6893
7689
6157
8353
3259
7729
8978
5992
2309
2079
5932
4646
167
2211
8340
3489
9002
5204
297
6731
8686
8515
5600
8397
6803
5852
8177
6967
7750
9004
2555
1489
8666
2879
6902
166
3134
7450
9703
2859
5134
5453
6456
6536
9817
5755
458
8195
9228
4361
5421
5427
284
1006
324
2621
7847
9824
2909
259
1456
919
3397
9267
3265
6707
3958
1889
6230
8415
560
5368
6462
8838
7338
1482
5846
8772
489
573
2490
5221
3177
4240
1324
7276
2113
1486
8678
5047
2566
690
7713
2644
3290
4916
3379
6624
8240
1636
4267
2104
1851
8670
6555
1521
2351
6494
559
106
4326
8865
5147
2871
4003
7077
4043
3727
6273
3300
3418
1572
6762
1847
6458
681
9579
8323
385
2552
6374
7181
7993
6867
7868
8946
4675
1929
4822
2087
2023
5921
3826
8986
4328
4407
8851
4875
1871
5352
7927
7562
5180
2070
9921
472
3404
30
9380
7016
3134
4482
9265
391
8494
8797
506
4122
3473
3660
4514
9858
57
7014
1615
