170
8669
2183
1581
5041
4844
4089
1201
3216
9500
1179
6093
6563
8295
1193
3455
9068
915
7967
8251
9118
7336
9150
9212
4596
1720
3727
8199
4241
3800
5372
4294
5021
5141
4104
6544
8021
8676
1518
7723
5650
598
8662
689
2861
5533
9754
6412
9612
4040
1300
7700
4848
9236
2188
5711
299
2430
8228
8659
8179
544
2770
8391
912
6862
1251
2777
3201
8467
3952
9767
8313
1866
6275
922
385
9125
2942
166
3630
3083
6806
4448
4536
9318
4255
9690
3783
2770
2554
9090
300
8957
7235
6148
8609
4800
7998
1730
8603
4530
805
2361
581
3665
9318
8576
5999
9332
5807
75
5310
6286
618
5525
6756
3005
5882
599
9139
9170
9046
837
9906
1903
8682
193
7932
9390
1985
6277
8640
7372
1089
3193
4321
8985
16
1162
3681
7337
4871
9446
6251
5995
8134
1149
9503
9833
6662
2577
3315
6546
8015
3976
8090
9676
6645
8267
7343
7207
7292
6627
4308
7381
3389
8764
1735
4325
3863
4255
4197
1291
3187
5787
4716
2175
5394
2807
4424
9928
4707
6078
9172
1657
8582
5891
111
4722
4559
6980
9129
3995
998
1145
9965
8280
5131
4921
3181
147
5904
1485
5709
3008
5501
9755
4725
5267
5570
3017
4817
1516
2636
9100
168
2877
1790
2096
5498
1501
9515
7204
9335
1558
1566
916
1176
9026
374
9060
7082
8575
3697
856
3425
2814
4703
736
812
7343
3319
6358
4555
427
4797
3652
8143
1502
8815
2580
7208
7587
8982
8553
2116
4320
2210
8442
2660
1357
2104
7915
9381
8543
1496
2761
9664
2002
4917
2302
6810
6918
2045
7584
1936
4532
4668
8191
6253
2717
9981
1690
9445
3060
2099
7247
6535
8944
1582
673
1881
8269
636
2920
1301
8068
3793
2975
8348
2126
2281
3327
2491
7519
2940
6942
132
8026
5740
5406
4517
8565
1003
8729
2714
5343
747
9081
3157
6856
3904
6784
3175
4948
9757
3327
7625
8773
2489
1499
658
992
9640
5048
9895
5564
471
2454
4487
8335
183
2520
602
808
6866
9815
8607
7882
1010
4522
144
6878
4054
1374
3105
661
5078
706
5861
8935
3235
9259
519
7429
5391
1192
584
2885
5739
5911
9838
4032
4509
9224
7980
378
4883
5491
242
1812
1206
1399
5545
3366
9958
1919
7068
4825
5775
2795
51
5953
1505
6359
190
4073
8685
4606
2500
7789
8266
8130
7332
7491
115
7281
3007
1471
746
9867
9981
8730
1462
1470
7671
2680
4218
5589
874
1279
3499
7290
5090
5732
1823
1853
8663
2641
8698
1448
6593
6119
554
1115
838
7308
6439
6497
8346
6041
614
8510
951
2013
3192
3181
5652
8862
2193
9679
3890
3053
4090
8332
1136
1904
924
6659
3585
9649
9652
1662
3129
3650
7722
3847
3106
4190
7772
5295
2826
6841
1663
6557
1349
263
7754
5685
5734
3655
7160
3669
6836
4364
651
8930
5219
8289
8462
1142
9648
7134
7075
6143
7508
5484
3564
6050
6568
439
3373
4462
3416
3841
3193
4606
6781
1236
5329
3719
1841
9857
7609
2642
5346
4609
6928
791
6817
7158
9873
5594
837
5794
279
4397
1892
1804
7215
2245
1880
6072
6955
6210
8433
2361
3196
4226
9449
1261
6976
8828
9487
8873
5098
5619
6773
1925
6830
8579
1864
8267
3561
978
1548
6965
3907
9520
79
8844
2029
6653
6906
5816
700
5720
6081
9161
8819
4113
7615
6047
8903
1488
1481
5169
8389
2837
9007
3449
6495
5527
5399
5638
7492
7738
8095
8340
6094
3176
8322
8308
678
2734
8778
543
8974
5593
9295
9690
8741
6567
4376
1393
3756
6763
4728
2025
9192
8276
9807
5594
2208
4320
2176
7957
5512
4760
1439
4280
4276
646
6951
4792
4815
3495
6116
8212
7022
5901
5874
9898
1514
6768
2503
3610
2086
8841
8609
4161
7127
6073
9088
1272
4126
1191
4924
6890
3652
6503
9855
2166
405
4408
4185
7712
3613
8343
1302
7503
5081
2059
7704
7675
3479
7783
4788
7866
3104
7810
8337
7763
7993
9721
5665
4775
5823
1817
1905
8765
6517
6688
7491
1209
9911
3261
9515
2850
2974
7631
838
834
3270
6617
378
1474
3251
6242
3491
8277
2311
8342
6350
2128
148
6937
6214
8761
8488
3957
191
6083
9398
5385
2652
6741
6863
7254
7920
9376
4349
201
6744
2344
7758
4357
2521
3152
8521
2985
2671
6039
6854
90
3315
6461
2051
6339
7462
8798
4829
3646
2312
7886
7786
5594
4684
766
4112
1462
6661
3224
1676
3567
7511
8595
4642
1004
5855
5974
5379
3028
7703
7830
4390
6050
8013
1660
2651
2602
885
8956
2248
6571
2282
385
1330
4809
9421
3087
5051
9904
2543
3405
323
3418
2562
3511
645
5974
2321
3036
4254
7116
2475
9573
8871
8644
2430
124
2236
269
9463
1971
7845
5061
4718
6814
7998
9575
8646
1217
355
1137
617
6473
6026
7106
2312
5178
9247
1164
7667
5447
1888
1249
4538
1005
9348
7208
2463
20
6796
5632
6259
2429
665
8969
1087
2376
7697
8705
3554
1905
2735
9046
1816
5536
8188
8604
574
7281
7317
6202
9886
9447
7440
7170
9342
5603
4816
7573
9642
3977
2831
319
3706
7329
8845
8990
1376
1334
4619
6560
7492
7862
4822
2098
9199
7653
2242
63
7043
5096
8924
4911
3693
8193
5685
1177
9426
5177
3506
3501
8207
9485
2167
6920
3933
8178
7713
8713
4348
7931
9676
5139
9976
2453
166
9624
7995
4191
5848
8140
4774
4046
8958
6878
9870
3808
2458
9828
3897
6045
6349
3674
9467
8624
7970
5551
4756
2766
6339
5419
5382
4929
1145
9444
4729
8815
7248
603
2471
4457
4713
227
4837
4648
7455
7403
7248
7463
4408
2708
7132
1629
4496
1881
8032
985
8495
365
5658
7108
8831
2453
345
6340
7991
2847
8690
9688
186
2525
7447
4059
7512
4641
7017
3848
6107
7293
5817
4166
2690
6269
5625
6037
2971
9116
4811
2602
8591
5615
9813
2804
3347
9308
3347
9055
6849
5102
9786
3104
9592
5224
2616
8611
8657
430
3035
8084
3842
7250
1978
4024
7456
1648
3858
2088
9153
4545
3892
7377
8004
4913
4961
2283
393
9209
7984
1371
6004
8162
6951
2425
5836
8006
9594
7866
879
4528
442
1379
488
5854
9517
4461
4659
8603
7440
9060
3559
374
4492
5294
7503
6668
1425
7160
4216
1209
7314
602
1079
4272
6184
2519
6955
5668
9724
718
7445
5751
6334
7496
1701
6791
2642
2104
9738
1087
7016
3037
8556
863
8287
1903
6367
5564
7061
8721
7160
1091
5371
79
1153
1629
7311
5509
2844
4752
3827
376
2295
6929
2327
5420
5455
7677
2831
744
2082
4226
127
3712
7472
6906
3167
1166
5930
3467
1203
5609
304
2700
7253
580
868
2166
4308
895
164
5405
2257
5399
509
7723
2771
8032
6239
3554
1578
2311
208
3950
102
5601
8779
7318
2220
9973
6715
2949
3090
1594
4940
4737
8245
1650
8108
595
5604
1405
6124
6902
7614
7281
7170
1821
6826
2928
2399
8608
3952
94
7077
3939
7699
9352
9785
201
3939
7789
448
6313
8436
117
7652
7019
7471
6232
6627
3531
2761
3311
825
5359
3001
378
9189
7483
9742
1671
1028
6373
7588
3604
6970
7186
3260
8932
6432
1877
2284
5489
3145
7864
1838
4607
3596
8666
9652
7178
8414
822
510
1996
7852
9531
9733
7451
783
1273
8105
5276
9519
7151
8347
2064
8193
2753
5231
7895
2243
2344
6604
3130
4535
7390
3685
439
6285
761
6879
7849
9161
5237
3951
128
3918
3015
9810
9916
9201
5404
4462
7102
1904
5841
3482
814
2489
5897
6171
629
3195
4709
9690
1674
1192
512
9502
5557
5932
4391
652
9984
827
8595
7436
775
974
8050
9031
9124
4652
7750
4880
1060
8624
4291
2887
4652
9121
1072
7543
9050
6198
2498
4528
2674
6806
3174
3632
2427
1477
3140
430
2846
6757
4055
5443
2354
4130
6849
9803
4945
1578
9968
1032
4263
5479
7068
9857
4415
1382
6060
7286
9014
3134
136
7629
6601
588
9723
7092
396
8157
8969
7959
3097
2867
969
8165
6543
855
4346
1923
9725
3970
1591
381
4641
4299
8473
3768
310
9509
7839
2467
7854
7591
498
4035
65
9654
354
5831
5925
7373
8485
9668
1491
2143
5916
3465
8335
9296
1579
9277
4784
4649
2982
3078
1478
2149
2093
7662
7595
896
8213
2037
7705
4598
230
4549
7699
8024
9526
2530
6209
7655
9722
6131
7955
5435
554
7833
7261
6329
3688
9582
8277
5208
9488
2428
5193
3152
3360
6803
3595
4361
602
978
9335
5597
4763
5839
2524
3051
1876
4904
6844
3446
722
9617
5027
7269
563
7944
1898
7331
1849
9757
7978
4509
7495
5429
6728
6732
9683
1297
9101
2026
4650
3362
5986
3880
5294
4060
6611
723
7508
8632
4039
7372
3768
9489
2462
9927
8764
152
982
1974
6412
9407
4517
3106
804
8889
9016
6092
5780
4213
887
4526
2521
1683
1254
3559
6517
6024
1243
177
9973
9866
4020
710
162
20
7388
5842
5984
1231
7302
7511
146
2228
4960
2111
5318
6646
6214
9994
597
8077
6895
5390
7648
318
6862
6548
9923
23
999
2267
83
768
4365
2163
4616
1193
418
3033
1165
415
5263
1965
1877
3583
1631
674
7661
3565
7592
2549
8597
9842
4016
5298
5614
4534
9693
7752
3883
5797
6268
8444
3683
5089
5251
7355
3110
4535
2802
2799
4542
4953
7439
4180
1467
5462
6622
9097
8698
6183
3608
4373
1858
3274
1886
9391
7135
6125
1345
1578
6568
826
6252
463
1366
7716
8768
1845
8908
1696
7911
5174
4203
3161
2004
6558
5674
1398
4556
7203
7429
5805
2167
304
1889
7683
8214
5910
3319
7688
1591
2700
8966
7763
5937
2195
6037
5503
2559
337
5667
519
9081
2571
3971
6374
2253
4849
6962
1484
7739
9613
1273
826
4780
9326
6874
9788
2806
3955
4203
1509
6228
6437
5179
5359
3293
6723
2269
2117
2249
3418
7971
9860
4325
8994
9373
3311
3760
4975
1104
1531
9774
6392
1628
9751
4384
7721
2790
8329
7097
1665
8361
1135
5223
7166
5029
8263
4498
7076
9044
5162
23
6364
5283
8218
3839
9961
1269
9249
5688
980
7116
7130
4955
8235
5032
5560
1350
4012
3481
4865
6180
9577
9437
1362
6298
1512
6264
4042
5577
9439
9947
7942
522
4121
711
3450
797
7265
3664
9747
7126
9801
1640
4799
3454
5486
8872
4838
8308
5637
7142
6266
3825
1934
3335
5431
7348
1623
8578
7473
5030
8786
2039
2975
2157
8927
2309
8329
6729
1631
2719
2473
8335
4750
6485
2596
7478
5166
1182
4394
2338
1079
4619
5680
7164
9500
6600
1310
4822
8958
7657
7462
4669
2952
9089
847
411
1740
2155
3317
7931
895
5171
1845
215
5651
924
8850
4585
8720
1150
5754
5008
8301
5792
2690
5540
1618
7787
6334
7766
4634
6589
9137
1119
4615
5646
3747
3525
4626
9781
9389
6829
9273
4324
2898
2958
3333
6611
1073
441
6930
4432
347
7816
1423
2733
285
3613
5901
9547
4144
6918
2269
8735
2598
8241
6396
5389
3729
9216
8340
1287
7719
21
4095
3256
7185
2766
8564
1133
1490
5306
881
2111
3183
1970
2853
2250
5592
8574
8016
6563
3027
1676
5152
1750
9087
4874
4199
9650
7977
6828
1216
9546
4767
3028
6768
9052
2087
1156
1805
1249
7078
7298
2177
8575
8008
6792
3300
1952
6910
2599
6084
7158
1807
5326
6579
4719
3897
2361
8562
5794
2289
2288
2956
2135
1251
2941
1341
3128
2748
9170
3764
3724
9012
5704
9177
6205
8579
6600
7126
2576
4422
2596
4279
3430
4396
8638
2588
2014
1555
239
5635
8725
5773
1204
1897
5842
2308
6467
6755
9823
7315
3382
1228
7855
2126
3938
5000
8647
1992
7193
4219
2080
3167
3617
3528
6708
7515
1319
4331
3515
7580
6668
9266
1752
9898
1831
4050
9994
9171
2522
2256
5837
8345
4191
1133
8682
5391
5151
1975
8967
3044
9532
4318
5362
4173
2000
5800
4720
6837
4682
3655
9472
9666
2378
245
1500
9607
4398
2158
8492
8707
3029
7687
7404
2991
2906
8606
1112
151
3691
6361
1396
217
1288
5385
6536
8491
9926
6917
4590
6173
9273
2577
370
2037
3356
4717
3913
4141
5244
6331
1275
8088
5294
5622
6601
3675
7758
6370
8311
7049
5937
2795
897
2547
5455
5521
2161
5376
6583
877
460
1718
3960
5697
5080
5053
6893
1121
39
8153
104
4002
4018
1949
9524
6610
8356
6474
7284
931
5444
5314
6276
643
1350
4780
5329
7950
9663
8105
9413
2717
2352
3290
5774
2206
8679
7793
2962
3995
2817
9660
5685
3133
9404
8472
6507
6705
8289
9163
8997
9189
4060
2541
637
9652
7347
36
8779
7918
969
8505
3273
4106
6277
2650
400
6685
9328
9243
7101
7886
9154
1089
3094
6945
5241
9831
3334
6368
8155
7373
1239
4531
7120
1107
3794
3361
4209
1575
3324
2605
3409
8884
1379
4995
5403
2634
7060
2834
6971
9516
8823
2327
4829
9206
7581
3868
4715
1842
8697
443
6534
9315
4205
5752
2423
6758
7329
909
4155
8860
1976
5961
66
8347
1255
9723
8302
2355
8833
8170
1449
3551
3507
9005
486
5413
4988
4261
3604
7290
5950
2288
7876
5052
6474
3315
1909
6805
7638
4869
8856
3353
1280
8040
4416
4092
4777
4664
5957
3828
6161
3341
8527
621
7808
9223
7347
7484
1294
233
1889
687
5730
1413
5516
7345
8813
1969
7477
1317
1045
5327
4396
3889
5862
4099
9701
9478
6058
7418
8755
578
4628
1350
5437
7762
142
9565
8582
294
3265
3091
3628
2365
42
3270
3556
6152
5109
5777
7948
1355
6218
3226
4197
6057
8591
5550
9489
4437
8700
8220
9677
294
7027
823
5518
5437
2343
9719
8798
9858
8033
6816
8139
3706
4940
1960
9488
3119
8796
8414
4229
9005
784
317
307
5451
2136
7696
40
5237
2621
1718
9329
199
9935
261
864
7423
3846
4795
2412
7741
8662
9595
7843
1150
1015
2615
594
3914
6174
6122
7826
2059
3611
5083
9697
3431
3243
5719
8224
6995
1450
721
6863
4919
5819
6661
6013
3324
4230
3195
7231
7907
2082
3728
5827
9483
6698
2256
1415
250
2507
8506
8821
9022
9081
3774
6901
4804
1784
2235
6150
8823
848
9174
9501
835
6797
2526
7728
2010
248
595
7655
2351
9958
9887
8957
2157
9173
3412
317
9735
2784
9544
6495
2979
669
6736
4642
8035
7642
3477
6061
3546
8728
4094
9261
4910
846
4968
6253
9306
1363
3027
214
9963
2018
9543
3841
8960
5113
1280
3837
5791
2177
7308
6951
8640
5811
144
9050
2548
4909
9318
3282
8724
7663
3920
5350
1600
6340
2711
6450
9111
5628
6901
782
4691
5138
4269
1932
9512
2979
7592
5586
1370
7309
8009
5705
9485
5062
1061
1907
2006
2910
5301
3330
1330
6222
4661
7687
7741
2891
6746
1876
246
3022
7949
6116
1362
6125
6798
2286
5717
2348
2648
9271
3554
6801
781
2671
9808
822
2743
4155
3735
8501
8681
3362
3450
915
1932
4736
3516
1792
9552
7932
8329
8354
5769
8925
989
6890
7610
3625
8254
9357
4427
2286
557
3674
7290
4241
4355
1935
5679
6512
9049
819
7791
5072
3354
4275
383
9774
7100
2210
4475
8923
2095
254
4598
43
5038
7171
7000
5835
7951
5804
1940
3211
9138
6119
2794
9416
5038
6873
3576
2846
8304
6046
6250
6818
1559
632
5391
3204
9382
9972
5070
1345
3852
7652
4496
4766
5270
7534
7485
6605
6830
6568
443
6906
5955
681
5513
7439
3260
9199
2089
1817
3861
7775
4604
8431
8579
6560
9200
8406
9319
2889
8727
5604
2875
573
9149
3976
7040
7922
9762
5698
3632
8195
2160
8929
1125
4847
8519
7485
2006
5482
2220
9244
1691
2825
7854
7592
991
9026
3736
6407
2222
3568
3486
4249
168
5862
1417
9637
7102
3512
104
1740
7204
7419
5057
8382
6014
7881
7669
6152
9454
1827
8007
8764
8034
6392
711
2826
8356
438
9160
4022
9052
4968
6974
8205
9922
1072
9149
7046
3583
6137
4155
1653
6559
3296
7562
6459
1991
8371
152
3611
6957
4339
5499
9609
9244
2898
6844
7960
9041
945
6646
5318
8224
5394
3720
3578
3470
2084
470
6236
5947
9885
2866
4926
8488
2335
3347
4578
3195
9133
242
6275
5386
5012
8055
6876
6746
2751
9569
4996
7198
5238
1111
7319
8961
1402
795
7245
795
3498
8478
9744
6111
4188
5990
2680
4189
4749
5856
8113
6619
7245
7727
6398
8323
3395
295
680
3266
7665
9448
8324
321
7882
9535
1419
5070
7208
5715
6994
4759
2327
3873
1620
5685
6703
6224
1120
1182
7923
6955
9608
1219
3048
1902
6000
2503
6553
9020
2626
9653
7931
1999
3423
9915
9534
8846
8910
6319
3671
4016
3502
7878
4105
8500
7950
6422
8046
8261
2948
6347
552
9735
7371
7231
6889
815
7283
6016
7546
181
6074
6103
3963
6689
28
1150
3600
5160
9960
9636
4424
3808
5404
9813
9397
2817
476
6031
1524
6357
1597
5392
6839
8247
7336
8389
2473
3579
7835
4409
6229
3215
255
31
1507
4580
6556
7878
7262
8847
4144
4613
4074
7333
1565
4993
3547
9246
6705
6434
5788
4361
408
5892
5863
764
8464
5462
7852
6982
811
3458
2813
7256
97
1748
8135
2355
1116
1703
2784
8612
2739
4498
7718
1041
4306
2451
6651
3172
1399
6575
7407
6231
5859
1687
2513
2085
1765
4861
6349
4219
2593
6324
8708
4826
9352
6560
5770
5587
9210
432
5782
5184
3493
5
6560
2657
9332
9035
5375
2803
8845
415
663
9075
7261
1912
1875
6259
8877
2069
8475
7505
3618
4911
420
9830
5878
8967
9277
1316
4687
9912
4912
89
8748
8704
3405
6390
2084
7474
1638
7625
1764
8686
1898
9455
8907
4989
8130
9165
4243
2235
4697
3670
9756
2095
8060
5056
6932
6871
4531
8835
121
6390
5166
7052
7974
1004
7877
1603
6742
7612
3263
2290
6745
7519
7075
7623
5332
9658
2113
9858
885
4169
4012
237
9649
4961
65
8628
9970
2062
2892
8128
7616
4483
4964
2814
5390
2891
7494
4330
8435
8932
871
3404
5536
2457
3178
3031
3376
8323
3563
9503
721
452
9116
558
8241
7459
6440
9635
1717
3519
2684
7100
9521
708
19
4043
7920
7621
4521
8143
9169
2904
6980
6101
6046
6262
4992
3754
1546
2801
9995
2532
249
6018
9625
2365
7987
1090
5379
9830
6645
6889
5614
2758
5003
625
9302
2208
1261
7272
4405
1197
9045
5083
9155
5260
3108
7770
2323
9040
3846
3411
311
3062
6587
7780
1649
4954
2698
4132
9887
8387
5120
8930
6700
2037
5302
9564
8688
3698
380
9913
5116
1099
5970
2322
4443
942
9189
6293
5531
1123
4718
3678
7926
7726
9104
4152
8752
5261
723
1182
8633
2771
8838
370
6972
7195
2703
8554
9794
8699
1902
8659
3270
3787
2766
7204
8456
8145
2848
3402
5707
4445
5607
8654
4780
5420
5490
3541
961
4648
9832
4445
6641
6288
156
8127
7872
4075
6586
3138
6937
3742
8621
4842
3269
8807
1760
3493
3585
7257
3021
467
1861
5375
1971
4375
3851
5249
5118
1521
8056
4882
393
1937
2400
4842
3935
6324
3286
6823
756
2270
9870
5383
9727
6787
5656
2224
7374
1037
5471
7321
5100
2294
9264
2499
393
8405
5795
9376
3070
2559
5438
3922
3217
8381
6828
8004
8863
5725
4385
8472
5825
4656
6605
7518
8024
8254
3213
7463
4573
6671
1087
1819
9327
1527
4689
8900
7810
1458
5853
4701
1772
9154
4455
5844
4453
1669
2165
109
6381
7356
6045
7802
1490
6709
2031
6954
1748
2389
3770
7829
8260
4893
5778
5908
1180
1004
3806
1620
9810
3597
5152
8741
5569
970
6192
9547
4293
9184
9339
9409
4050
1129
340
5607
9377
890
1302
577
114
4307
971
171
3839
4573
1957
1439
728
339
6743
136
2823
5329
9072
6989
591
3009
220
874
8188
9384
4861
2640
5061
250
4193
2605
889
9546
585
9339
9069
5645
5172
7645
417
409
583
1087
6412
7192
8321
7071
1251
5634
4249
6007
9558
6218
2406
4458
5044
4832
5894
1330
3542
988
1942
7400
958
2934
5251
270
9749
2221
6132
3263
2413
9338
8968
7445
1733
9668
6454
98
5430
2243
2076
7025
733
9478
7357
6547
6386
7699
5066
6917
8506
548
3496
5832
6330
1197
7052
4355
3240
1034
1712
9489
2588
3688
6305
486
4667
5999
9866
8509
8067
9569
6269
9373
725
8167
1454
4292
1047
442
1740
691
1207
3447
4075
3245
5768
8142
3923
6001
9310
4026
9797
2322
9603
5048
9084
9305
7303
4345
1333
7437
1007
470
4080
3176
2482
6724
1370
287
1532
2659
2892
4522
1088
8594
41
5379
5807
7439
1037
1949
1777
1946
2202
5030
617
2814
1228
1798
7040
6913
6524
3159
4188
5782
3093
5714
2179
2183
9768
5347
2540
5584
158
8927
4012
2713
4496
6227
8066
7021
6962
6750
2208
5747
5440
7909
3020
4691
6432
8920
2174
7605
4228
7818
6675
7765
7258
6106
283
7973
200
2331
5139
3564
989
8191
6801
2966
7079
5980
7256
2846
7575
9888
828
4462
2899
6271
3755
2571
8613
6738
1939
3907
4172
3611
7093
6720
5636
7970
2207
6513
8997
7576
4382
7059
9522
5175
4539
5876
8289
8974
7232
1172
6639
6056
8506
5763
6281
5603
8701
1392
6912
7501
4176
4300
9405
879
7686
8291
319
7510
7839
9632
8616
5309
3452
7826
3575
5368
3784
2840
144
2271
8117
7998
725
2754
235
4662
8662
769
9121
5050
6382
2534
4469
9816
6915
7026
6205
8654
1035
1392
2117
2985
7627
706
2205
3848
4637
5331
7973
7057
2119
6333
9165
9878
1973
7731
1983
9802
6388
2045
2269
8377
8344
3199
482
5320
4484
8344
1517
927
6364
3466
6644
8022
4001
6633
621
9721
1344
1042
3195
2945
9635
1142
6033
6908
2186
431
8244
2347
1625
3176
3793
7662
7931
1521
3324
1471
7990
6160
4808
821
4479
7712
3466
668
3089
9185
2260
3584
2546
3483
5014
2412
4445
8324
2422
7196
4561
7439
2476
797
2180
3528
8305
9642
6694
1624
6808
5376
8813
3161
5970
9730
2218
4483
8261
4011
4640
6086
8198
6288
740
5626
8655
8941
4232
1013
6352
3933
3736
9423
7505
4710
8596
9752
1771
9787
9266
7317
9277
5071
9720
3964
8612
1669
1733
2659
2507
198
5168
76
7237
1293
1975
389
7624
4951
8509
8296
4470
5451
8046
3422
6203
4287
8524
9465
1305
791
9608
4623
9924
8867
1643
4422
7343
1158
8608
6512
9349
6017
4683
8142
3094
7637
4204
2571
8537
6168
1721
3964
3898
6181
8429
7153
6486
6088
7206
9354
3382
189
9710
2533
5834
7225
3571
3782
3674
7574
6629
7273
6112
3617
7077
7656
7405
2169
9838
5036
5075
1430
6131
7650
9278
1228
9943
4501
9139
9824
360
4035
9698
765
9584
8869
5101
3215
6936
392
8530
4628
4680
8669
8577
8337
7486
6912
6781
6547
5002
1062
7371
9773
3996
4884
8946
3778
8606
2212
8396
2963
6451
8870
2616
8400
1641
707
7585
4737
6672
144
3202
4978
5643
7099
7834
5706
8541
5302
3749
3094
6296
7502
9958
8798
7499
9322
6934
6151
4941
6419
3942
2971
4989
9950
7507
1020
1592
9070
3271
414
9437
646
8386
8116
5745
7069
3287
3640
7873
6607
7684
8820
7538
3774
2337
8505
6813
8368
5925
5860
2
4093
7122
1649
9547
9931
7347
4511
9681
7018
1666
1209
2042
5608
1643
2420
476
505
7014
8765
8977
5936
406
3891
5527
7838
2160
1627
8880
4381
7073
6199
5356
2325
6318
649
4923
9185
8554
7728
130
4245
9611
1167
928
3364
5728
277
2239
7981
6310
288
6275
4295
1932
9297
4827
9295
7651
2195
511
191
3843
4463
791
1855
8775
4964
7786
722
3180
4177
980
3552
2553
5473
6771
1745
6701
6707
6669
3674
517
3006
6896
3637
2270
7150
6008
364
3768
8980
23
4553
3348
6494
7420
4933
4670
5076
5945
1777
1893
8571
2265
1610
752
8508
6762
5835
7308
9523
6552
3152
7363
6106
5769
185
4356
7591
2040
1745
2655
2554
2720
9043
6620
1879
845
2731
6025
2811
6999
5398
538
2881
3279
7458
2774
5774
1403
3968
554
4576
2545
6629
6992
8128
2297
7765
4014
9148
7343
9471
369
4498
8230
4188
2772
2564
2667
1298
73
4045
4195
6550
3552
8766
4593
207
8422
8303
6542
7005
4144
8760
3305
3347
2638
5769
488
8726
6314
500
4121
9677
585
7333
5586
1949
9924
1281
8458
6532
5247
1858
2797
8239
736
3004
4063
9399
2416
6194
5196
2127
4186
5899
8744
1058
5033
8631
1305
5707
212
4492
4571
670
1937
8383
4413
4922
9119
4083
1786
9863
2113
7802
2492
5108
3385
4068
6687
2746
7244
2358
1339
2836
4540
9599
7095
8290
6844
666
621
8467
1342
4728
8492
6812
2700
2443
9461
2347
2266
7745
9959
3693
5722
1164
3921
7144
5183
9
4743
1444
3316
6715
2325
3450
4537
9308
4428
726
8951
3703
675
1869
2470
9483
3866
4795
4768
9057
8645
9381
9816
4402
8203
8763
4557
9097
5696
7957
6519
9089
649
3052
2008
4711
9243
5578
2473
4203
4422
951
6270
2178
5884
7705
1094
278
4155
6969
6357
227
9292
6101
2492
5913
3824
7313
4062
2280
7068
6533
2102
6129
4798
7974
740
9499
6910
8194
5531
5251
7159
8363
3612
5315
7494
9126
4093
4711
4762
5640
1531
4494
1127
8775
189
6855
875
1771
6753
6596
2446
2289
3276
9184
6165
2305
4558
1158
9778
1202
8913
2187
6921
1349
2480
6197
9988
9193
4280
9
5034
4571
2064
5190
6918
9165
150
9848
5226
7389
560
4687
9746
9710
6338
6003
5886
8792
1711
4257
4970
2955
1058
7596
2516
3004
1773
2829
4295
2146
4300
5806
9617
5588
83
466
1090
5949
2513
2401
8155
3173
3795
5763
1736
3847
6713
8768
7684
270
7371
6400
6165
2356
5457
382
7881
4453
5766
2536
2487
7536
522
1644
1063
6342
8625
8225
7865
7326
9388
5224
4409
2299
5987
1541
4354
3104
3101
1302
3893
9286
1309
3492
6915
2080
7351
2383
420
8804
7687
7028
1277
9428
7399
3732
4331
3966
605
6692
8613
3337
6517
316
489
7316
4598
9739
1054
155
6825
3714
2353
7908
363
5846
6432
9057
307
1211
9269
6899
5459
8894
1020
4224
7923
9986
8206
9645
2926
2023
3518
8224
8448
4393
7083
2420
8230
1222
5750
9206
1551
3949
674
9788
7914
3604
8139
5944
4085
1087
1751
965
7620
2102
9530
1154
6579
3811
9678
4327
1041
5955
9769
7976
9746
541
3791
1955
5297
4468
104
170
9774
1389
7892
2630
3561
6063
4781
4274
5238
4116
5253
7650
8801
5821
2538
3342
5658
1275
392
9322
3497
9769
9218
6417
5193
7637
2765
9487
810
4151
7510
1007
8249
6299
7802
7469
2019
3136
7098
1874
4263
693
9863
9720
3271
2197
4570
4521
9340
1242
9640
7126
7856
2919
4079
9837
9172
8771
9364
9007
5200
2569
911
5192
1600
7110
8111
9721
7097
4216
9865
1464
6065
8392
7230
4976
8249
2554
9554
6341
5754
3262
964
7683
2592
5416
6695
935
4892
1045
5136
2673
5260
7676
9859
7002
574
6925
8250
391
9202
9517
6385
1050
6794
8742
3665
3442
5852
8834
2327
7301
9139
8110
3299
7939
3119
8023
1870
7719
3560
9544
1212
5410
9562
822
9955
6979
4557
6699
243
8825
2886
3427
2619
9939
2062
2209
7761
7711
6801
2323
8490
4810
3948
9982
7833
5458
1328
2844
3736
3915
8554
2951
2882
8325
5215
4501
4940
9499
2799
1052
7189
7467
2194
2066
8072
4584
3431
5238
6034
4464
4704
8805
6721
4212
7087
4835
5158
3141
5195
7089
2309
8774
116
2540
611
8584
1584
1257
4722
3115
5122
7552
6006
6124
2397
8674
159
5773
7742
9318
2355
6163
7268
176
860
657
116
1309
9052
5888
2130
9559
8807
8180
8328
3050
627
5795
4754
2875
3543
4830
616
6235
3409
1765
6166
8000
3377
9068
9327
4826
1413
3981
1594
5390
3883
180
6766
9613
4317
5023
1026
6972
6160
6786
4921
2516
2299
5849
7565
2652
7335
3302
2160
1225
57
3983
7497
4159
580
7051
160
9540
4147
8411
655
854
9172
4669
1214
6698
4723
9102
1617
8675
439
736
5141
5421
740
7012
4072
1045
2907
5969
5885
5714
142
2299
6164
344
7494
5978
1674
7444
2139
6753
1259
5940
9514
6430
5068
9608
3828
3496
9105
5131
6723
589
7248
8632
8356
10
2469
48
8170
5168
5014
9338
5660
6924
1714
3822
435
6593
2445
7185
4821
9785
4734
681
9332
2874
5991
7279
9507
8666
6636
282
375
304
6800
6981
1032
8094
857
7440
111
4729
5470
1199
6712
3953
3099
2070
3314
561
3224
5026
1850
7799
9093
9039
2433
7619
4135
3670
249
5645
3572
3503
2327
4475
7603
6479
3387
1510
1181
1476
7616
8416
4546
6313
1291
5298
28
6438
8041
8534
9595
3208
8781
2349
6009
9239
9320
4796
4067
9753
3217
7953
8064
5060
4928
9239
8006
7286
1243
932
5990
2493
1536
7181
3051
3478
4557
5299
3039
180
8847
5961
219
9564
1270
1600
9992
988
6074
820
6193
3780
9932
8157
3512
1914
6663
8092
2736
5444
4589
1857
1716
4770
2742
3445
4826
2539
1633
1972
7645
1378
6457
2198
5640
1928
6311
7608
393
7280
180
1952
8187
9242
8300
6409
1153
106
5767
1617
5295
1791
6001
855
9757
3534
7789
8740
2796
1668
8741
8351
356
5543
5464
9
4357
1155
298
9793
6308
6579
6029
2120
2111
3848
3058
7386
569
7365
5468
5044
2146
5092
1094
9244
6038
888
8069
9945
3217
9410
6026
5137
2220
7843
9409
3060
3351
858
6975
9490
1161
1627
7295
2015
156
3766
5829
1774
2897
4944
9351
5659
6289
8220
3872
9230
4519
5540
1607
3697
83
7555
2711
9431
9478
627
191
858
1100
3939
10
947
3031
1489
9805
139
1358
2672
1067
3985
7668
2505
1051
4426
3315
937
8161
236
8180
1448
6432
2554
8826
8404
2663
8352
8147
5350
2797
2561
4128
3007
418
8307
9714
3774
6361
3920
4349
654
3746
8881
5274
819
6722
5988
5885
5415
7673
7221
7836
5657
1393
5020
2473
9027
7618
531
9131
1112
7671
3614
2416
22
3965
7311
3542
8802
6668
4045
2345
7837
6949
3089
9769
6568
9836
4837
2753
7041
1965
1940
7919
556
1102
4608
2162
1004
8529
1072
8071
106
4213
1949
6995
9503
1169
578
6759
1007
8966
7045
8887
9609
225
3815
2781
7271
2313
4015
3383
2277
8830
9144
679
7815
7116
157
7361
922
9510
9619
4011
8606
9070
7394
5587
2766
4201
6784
4984
6620
1736
2674
9911
9697
5351
4572
1860
9366
1750
7634
608
2693
5730
2521
2876
3549
3115
305
2626
1751
1778
3397
3138
2496
2704
4356
7519
6184
5027
2757
7639
5065
5488
4718
1138
9554
3831
1207
6918
6660
9966
1612
1814
5450
4868
2290
9643
8121
5240
3531
5496
4537
127
4477
6790
4430
4959
7787
3577
8903
4699
7515
9833
1830
4891
8435
9796
2797
7107
1856
8464
5997
2866
61
6273
5112
9928
4450
2169
3716
6489
4883
3498
919
629
9496
9689
6239
3510
4872
5297
1258
5674
6614
5887
1898
5024
9551
3381
2444
4824
7609
968
1190
9025
2609
9145
6277
7970
3348
4872
8883
1418
4157
9598
2917
8366
1850
5287
3704
5042
7054
8379
7504
6301
8839
6071
3343
9579
4241
8585
2908
312
5383
24
5256
377
4911
2279
1546
5695
6886
7214
2438
6679
2577
8507
5997
5105
5811
2390
5326
7053
8408
2236
4695
2393
144
8796
2464
765
1991
4912
509
8762
3481
3983
7103
1966
1022
6671
8262
5031
9412
1529
8040
8828
9180
250
6354
9900
271
9602
5209
3945
4333
5616
8225
3677
7647
4089
9992
397
3952
8581
4517
1627
4288
8360
3049
2788
126
6940
8073
503
6792
9456
1586
9160
9223
4773
4363
2916
3010
3859
6914
2650
1890
652
8007
3462
6594
92
7167
3952
4378
6044
7058
3072
5154
5851
1846
7553
7230
9899
2349
1254
6954
2565
916
3728
677
3762
6158
6553
4139
360
4667
3857
6493
6598
3080
1491
1006
279
257
9050
1346
9007
6712
5754
4160
2689
7873
1004
462
9853
5405
2351
1979
5538
3724
1868
6012
2469
6084
3916
4400
4758
1256
7885
2801
4047
1458
3386
7228
722
3081
6302
3517
9951
9417
4290
9497
244
6403
6549
1941
6011
2169
8412
2955
2163
959
1747
7275
113
6032
9370
1010
3369
9993
8331
5646
3783
9794
4641
748
3961
6258
440
7948
4049
6490
7531
6246
4162
1135
1395
5619
9566
9144
6339
9109
3005
9961
2689
3632
9607
8964
4044
141
6137
8556
3071
8688
147
3969
2245
9066
3498
1081
3232
4624
8329
5461
2844
3050
4021
4739
4968
3750
5376
3798
1918
7913
1591
4310
7977
4522
233
5692
691
4657
5833
1122
1905
7215
3222
9205
7241
4635
6729
3812
3503
3472
6185
4618
2105
1778
9433
3548
8118
6063
580
2955
4357
3096
1103
9175
7582
258
8486
9819
7619
2673
6151
3688
3588
3674
9664
3129
6566
4069
1054
4386
5319
4523
5238
3560
4627
2080
7319
4406
6867
3087
8896
2517
5416
8930
8349
833
8937
6076
8745
8189
263
8104
9830
6795
1178
2642
9076
9489
2063
9045
4402
2673
4518
1888
5196
9678
2747
5642
1100
3572
6849
2954
3938
3802
4763
5140
5831
5807
3793
5350
7121
5791
8639
6785
8102
6108
6470
867
9843
5832
1130
3702
8017
7737
1318
6074
3197
9362
7736
5921
5059
58
7646
2412
3567
7426
9123
5129
4316
3406
8268
8591
823
7645
6674
8614
9077
7310
9013
3402
8116
2466
5937
803
2483
8082
8268
8969
9746
3808
5631
7668
4666
4467
6690
9997
5568
7207
5748
632
5245
9350
465
8703
7109
7421
9211
8072
5429
7461
6335
9073
5676
8513
6504
9769
902
6960
3903
9202
5823
6425
4878
6309
4535
5348
3948
3410
8610
7568
5577
8241
9804
5142
2583
5544
2825
5186
6169
7933
4778
6461
8770
9461
8914
6045
5152
9846
5661
9512
1701
885
2600
2860
2794
9341
4852
4929
5288
2401
6634
3407
7846
6805
4647
2319
4569
1611
2849
3850
2891
5222
6140
856
8086
9708
646
4550
845
4235
5671
656
1204
3600
2545
3327
7500
7553
7584
4476
1517
1544
4423
2114
7373
9327
3084
3097
2707
8883
1174
8455
5178
2599
1998
6383
5716
7514
6991
2315
5857
7499
48
7237
7329
4832
7726
2864
6238
6082
5011
744
7983
6362
6708
9257
4509
1814
1369
1818
6064
3494
3800
6212
6521
7852
650
4483
2474
3476
4250
4454
7309
6247
9198
6020
4608
9252
4961
968
6712
530
2330
646
4902
920
95
5699
2471
9973
7178
2311
6910
5345
4324
7912
2873
7089
3986
967
9119
6890
6579
6121
6630
8562
1083
8224
4512
6903
2226
5178
464
9233
3343
4994
2730
5203
9161
2208
1147
2042
1356
7747
5180
3213
5274
3451
4457
7697
6199
8501
5671
3127
6379
7643
6621
1098
2120
9151
2823
1959
8578
2801
5779
3665
4207
2195
5847
5270
2647
1833
9194
4028
987
4055
2000
6937
240
7937
5485
7851
4352
6120
3416
7025
1441
2000
4756
1375
8071
7846
7922
5882
3790
3883
2686
5477
7612
2003
6199
8121
6494
215
2241
4526
1487
4604
5884
7965
6456
8348
38
304
6209
598
1205
6253
1032
750
9970
5550
4552
4882
7726
6300
4251
1587
3865
6507
4499
9697
3934
3428
1683
4879
5004
1503
5075
3801
7485
4975
5077
6377
5999
1322
1842
8392
8551
9111
6040
8537
1953
4502
8889
8734
5212
185
256
8556
2616
2550
4597
6393
3788
4826
1634
3437
2155
196
9368
5512
451
2074
7707
2084
8700
8044
7529
82
8240
4219
7207
1068
119
7993
3921
1985
8877
8532
3737
6507
541
9818
3439
9317
9021
1414
272
5790
3823
9916
5752
7407
3073
5059
9818
4383
7376
5552
1415
4383
8161
7963
8518
2019
7348
4890
3328
1469
2107
4696
7030
3289
7894
2589
5418
5095
8635
9362
9197
9291
2069
6369
5643
8499
3902
195
1702
1122
2849
2959
5053
7758
7278
3022
7822
5275
160
8654
1805
6480
6237
3045
3617
9159
3951
3304
7025
1553
7025
3459
5347
4111
27
5718
7897
728
367
106
1635
4295
801
8629
2656
8957
8857
3090
4910
8305
4045
4785
166
7905
8206
6017
100
8770
7952
6665
7613
534
4084
1841
7194
5227
7341
4842
4935
1410
2604
490
1427
1884
1928
7364
5337
6060
5372
954
8492
4746
2330
2087
5338
7457
1985
6267
3845
4337
3954
5282
1239
12
8056
9052
6116
3288
882
6812
381
5427
7475
3135
5934
3953
3672
3990
7361
6526
8989
7119
4636
6485
139
100
1347
2093
7861
6835
5616
7372
9551
6315
8725
8316
2474
2203
1655
6244
863
1113
593
5377
7749
5242
2789
8456
5438
8057
6098
6539
1179
4711
5047
1755
6131
7022
6367
2941
9162
7418
6871
4201
6294
7020
2033
8247
4232
5447
8672
4205
5302
7216
7153
5724
8226
2622
8360
7698
9113
7038
9102
4227
7523
8620
2534
2132
4936
1099
5562
6234
8142
5890
5417
2108
1906
3006
944
7241
3934
6006
3003
7596
970
7661
3285
4004
7032
7759
7628
3679
8970
2289
3959
4220
8427
2120
1672
5910
1666
5569
4054
3706
391
3482
8350
3195
1787
9468
4103
6977
3884
8483
4275
6662
8661
8817
9389
5765
1558
9364
1965
258
9868
4037
2564
8136
5650
3754
1376
8048
365
1555
5764
9848
8018
2825
2096
4072
9831
4635
5366
6687
9859
2364
4065
9420
2582
1521
2406
8586
9105
9718
9625
8716
2166
6540
5130
4806
6912
6773
3104
9407
8906
4751
8421
7354
9631
1324
9159
5413
5056
5052
5555
8960
445
7211
6300
6278
3563
8138
9070
2119
6424
647
5746
3812
7964
2829
7989
6155
1679
4057
1733
6236
247
8096
8520
464
2048
5731
5342
1175
8519
3044
1109
399
2595
1178
3979
3857
1507
7738
1564
5393
8732
3393
959
3732
4561
5054
7857
2850
5843
4317
6338
8732
4684
6151
4103
5660
782
2899
6354
5672
7610
7578
4190
3193
3445
3283
9511
4155
7212
6659
5687
5954
2578
2822
7417
2136
484
7807
987
944
5846
4171
9387
4702
3282
1027
3514
7304
297
2802
8982
4952
7198
6390
9224
6686
9726
6549
5341
2917
1239
1340
7796
5998
4455
7401
433
5361
4836
1601
6567
9621
8939
1381
5058
822
4031
5389
6884
6608
1255
3053
7395
1781
8027
7470
8814
3168
9054
1029
9200
3390
9167
3181
4408
2095
3732
6465
2415
31
7550
8147
9005
6989
7465
1657
3799
5017
9521
8136
6982
9070
81
8165
2504
3354
4147
1340
2047
8187
3861
974
7479
4764
2432
9973
6091
3832
917
3134
2181
6980
5832
5449
7689
2524
4086
3670
5804
4519
3744
5260
9512
5291
8598
5793
1960
6363
8195
3135
8133
6264
2348
8009
1485
1377
8166
1052
7991
503
4898
1271
8416
8303
9182
2972
9902
5421
9333
7751
1063
2686
3319
5152
5225
6691
6395
2023
1568
2337
4575
6940
6395
5801
1873
8976
6267
8765
5539
2704
9083
3708
8269
3314
5952
9850
4234
3066
7200
8716
603
6085
8336
842
7687
2802
4438
9704
285
5875
824
9231
2917
5473
5970
423
4919
3116
2508
2415
6900
1802
5276
7836
2046
6076
3083
6472
5090
7558
5751
8301
7135
3338
5705
5755
6749
920
2398
7777
8852
8910
6888
5275
3690
3060
1786
4246
3994
8791
4528
7027
2481
396
3265
9835
6205
4577
9960
8172
6164
7818
6738
9422
8178
6932
768
8224
6184
6191
190
1780
3229
4200
2765
288
7331
3114
8844
7568
3384
6073
3568
8686
6210
6201
8193
9306
4038
8537
3707
8232
2810
4457
4684
590
7572
9715
6530
8969
6274
8255
7466
5975
8423
1557
4746
8029
5140
9759
1132
9320
1352
3206
8441
992
7413
8889
923
8187
619
4161
1304
5929
6555
4121
7664
6225
9699
4938
8103
7908
5067
2403
5314
1781
2539
645
1795
6146
4300
3440
4788
3699
9258
9967
9342
7332
6874
9688
178
7952
2079
937
3498
2674
6504
3832
6653
4355
7223
4248
364
1391
3919
5769
1864
6041
8081
8650
7327
5678
3077
9933
1242
7087
190
8909
4583
2237
987
6682
9625
8344
4913
6777
4698
6132
8735
774
532
6196
5640
5738
4429
7054
4018
4291
8033
1004
403
5932
5609
9037
2222
1659
7121
7872
114
6277
3482
6765
7994
9163
1509
1318
4263
3055
8702
2457
1201
1010
613
6193
3530
9849
2111
9341
4355
6784
2226
1781
5993
1499
2828
4518
7551
9524
3107
2682
676
1219
8598
341
9375
71
3047
2178
2423
7111
2686
4175
8511
9453
8138
8748
4669
1282
5864
923
4796
7931
8432
9045
6173
5988
6776
3451
3868
5023
3013
1118
6551
3536
2788
785
6960
6034
2918
9326
9632
9750
4102
9718
8460
1142
3315
2605
2592
3496
6812
1320
5749
5332
5052
7297
2348
3481
9019
2275
1078
2393
2628
6360
1964
6773
8415
1556
1753
6005
1194
8812
2677
7730
7123
2202
5114
1030
7743
2739
7955
9375
1906
3064
8091
5663
7631
5645
6098
589
1201
4224
633
6085
200
67
3767
5550
6921
1934
3481
3633
93
8860
1688
2344
9016
8895
3412
1627
9867
8955
6667
4173
9445
4139
9796
6187
7492
4980
6596
6501
648
5388
4348
6985
4383
2617
9603
2282
7594
7702
3008
3157
3268
7245
9416
7083
7890
3768
7524
2296
793
3894
9869
185
4247
6725
7114
2417
5006
464
2632
3154
719
2974
7374
3776
9111
8248
5370
666
5352
5116
7386
9581
1118
734
4362
3585
4436
9985
574
4290
2539
2603
7752
8499
73
4438
979
9217
6484
458
2349
3505
8761
1034
9481
6584
524
5220
6367
3841
3999
8422
1801
1900
2350
6567
4754
510
5948
3815
4821
3365
438
2993
1052
6384
6010
1999
8370
1590
6605
9642
9378
2586
8391
4935
1354
5145
2333
1878
8661
2497
820
6686
4989
6227
4719
4269
671
6702
5683
9184
8247
5242
1881
5673
7616
5332
2149
2185
9166
9887
5050
375
121
6452
2907
573
8476
6528
1877
6352
1733
4639
418
9063
7406
2578
5160
5544
6873
8710
3726
6157
4334
9400
8652
450
6263
5651
6411
7592
6322
4115
3544
2292
5986
1050
251
4920
2119
4514
2868
787
7210
8144
6597
5967
2702
6086
5733
1715
1779
519
8666
9784
3439
9461
4556
505
5111
1622
1956
60
8988
7245
3341
39
7363
5697
1735
3812
2291
226
1489
4353
9915
7612
9144
4732
681
5883
9880
8103
5201
9532
1413
7977
8804
7843
830
7495
9660
9811
3141
7487
5746
1639
9427
6488
2297
7641
1873
8213
5958
1726
6085
5968
6421
7989
8873
5065
4239
8447
4533
591
2391
9394
4703
3192
2686
1311
4193
6580
3203
819
7072
938
5554
2706
1209
8588
6621
4983
5971
989
1327
720
2169
2397
3772
3378
9314
4587
1541
7748
9481
1486
5600
4755
8953
5996
5155
6733
5589
793
3616
2445
7534
4138
5744
6586
7136
7119
5081
2069
5009
6194
9032
3963
1999
5254
6720
7351
7996
8173
2395
7344
4413
4542
9315
727
870
4685
8741
342
9052
7182
6689
3497
6607
4352
9174
7883
3815
5036
7017
2700
7086
9652
430
7434
6998
9058
9532
9378
1796
7559
2730
9951
8005
4587
6142
1703
9291
54
1334
1833
6914
4763
5502
556
7635
8240
4345
5247
7044
1423
5851
8399
6604
9825
4689
5480
4365
5414
7402
3393
4316
778
8906
4567
9496
4500
1950
4369
8083
3106
843
501
8343
3103
2257
8977
2453
2073
3669
5595
5475
4897
1584
9830
5343
4272
9093
3245
181
6557
2507
142
648
9418
1129
632
5842
8777
4930
6580
463
4348
5447
5553
7233
9926
1923
510
4376
5180
2311
9126
3071
2250
9567
8722
5981
120
3780
1436
7118
8471
485
7236
8985
5223
3814
4620
4941
4128
3030
8734
5267
3991
3118
7766
4911
3866
975
6797
1529
4866
6355
9718
4143
641
4331
4126
3261
1448
9328
9994
8212
7977
2245
7386
9360
3396
8133
3494
8925
9910
6969
8227
2231
9625
4672
7608
1304
189
3822
6599
7844
2997
3624
1926
3078
8907
5596
6549
344
898
7243
3259
4753
606
2979
1392
9211
5654
4114
6909
1078
1757
2502
7305
5374
42
6958
8072
8575
4553
8502
8977
1958
6317
8772
777
8950
7696
4944
5237
8763
4840
8487
7302
6321
4034
5248
6113
4708
1188
8201
5093
7323
7434
7514
1632
2958
5191
4904
3841
5141
8968
9241
4770
4770
91
4032
7899
2978
6338
4369
9812
1028
4372
9582
9973
2481
1151
7488
1339
6002
3542
3971
5014
290
6937
673
3144
7212
2875
983
7440
6683
8976
4219
8601
3485
502
1118
6775
9373
8457
6425
9376
7691
2616
9963
9894
5722
4360
6586
9722
7759
5069
4841
2083
4668
7012
7901
3952
4387
4578
4413
5660
5793
6780
8576
8159
6046
4852
2351
9337
1996
7394
7870
3147
3670
5137
2333
2243
9372
9226
801
8876
851
8445
834
3975
6534
141
4714
3799
9299
6134
4688
5905
9237
9003
3725
3945
4829
4388
3379
7032
4362
8861
8930
3243
9858
1664
1560
8648
7247
4235
7569
5621
3075
312
4141
1115
9100
766
5486
160
60
5812
8642
6662
8205
9726
3705
8876
7517
6358
813
8151
7387
2816
4583
4589
7075
609
1168
419
1584
7194
6879
3479
4238
9863
7618
699
7540
2419
717
389
1941
948
5499
7840
8742
8377
8219
5316
3057
5936
487
8366
7174
5739
4711
3682
3557
2996
5304
9359
3355
7002
8719
8911
6864
2648
9128
3615
7291
6354
2620
1017
6980
716
9848
3315
3148
9900
5036
2508
8438
2353
6909
5931
8461
3785
9217
9666
6449
2518
1290
9127
9800
4123
7748
6447
9665
1443
5581
9837
4197
1949
549
3853
7561
6548
3436
5636
9465
2959
5335
8216
6688
2061
1499
8328
6823
7877
5767
3
3933
4359
6711
3993
6451
1123
205
770
2705
8705
6304
7646
7799
4407
3743
6249
1586
5799
2452
493
2811
7618
483
383
6774
3668
6594
9195
125
7045
3853
2348
5562
3286
6629
2754
2864
8562
7724
8016
9646
3740
5058
2239
1739
9715
6993
4510
2402
7333
4576
436
4435
1299
9895
5145
1049
7118
5756
551
6055
5039
8639
8694
355
6810
6816
253
4501
2475
4011
5212
1345
3985
3736
1592
4539
2031
9111
7921
1899
9287
3992
8521
324
2040
5014
4794
5114
6438
578
7861
3267
2767
4363
8053
5510
626
4359
8733
2453
8169
3889
825
8135
7434
2740
267
6216
3766
2182
3017
8009
437
6571
4800
645
3811
6342
8865
664
6288
9465
657
1093
7992
8918
4642
9023
2270
4985
5618
3488
2776
5766
8282
5535
2078
4869
4555
101
9333
5874
9907
7318
3923
1259
785
6837
6652
8558
6703
1744
6402
3896
5950
7550
5196
6324
9549
335
6809
2495
6342
8069
6429
3966
3670
1421
3330
4879
8687
52
3476
5870
8451
9332
5017
1527
6785
7298
2572
8894
643
2225
8495
9734
7492
5005
8286
4757
6995
8800
5357
8357
36
4119
2735
3526
7682
953
1175
1422
7733
964
7795
2621
9391
70
6966
4174
8224
1506
6944
1660
9213
6081
6759
7712
336
8608
9883
6833
265
3564
9065
2560
259
8016
3631
4679
2295
589
5881
7173
6361
7526
33
9387
9128
917
9100
1633
9399
9795
4811
6718
9607
3528
3045
6547
8899
8421
2480
6106
1746
6320
9545
7724
1060
5492
171
6182
935
2870
706
8509
3288
4317
590
7264
2231
9775
6731
5535
2505
4834
988
2841
2925
6040
144
3534
2020
4450
1748
2719
5767
2768
2127
7306
4262
5528
8979
6001
7154
4036
8273
1223
5430
6738
4921
5535
6156
7264
6409
682
1054
5652
122
3129
2353
3584
2848
6020
1218
5930
2792
5103
4169
3051
8288
1615
8607
5832
2637
8594
8455
2958
5073
5562
690
1973
8657
1753
4809
6003
8504
1415
1408
4019
9091
9826
3547
4895
4277
2014
3584
5407
4978
1465
7224
5380
6963
4441
5223
4307
1018
4213
144
4468
7392
6740
1256
2942
2842
6721
2760
7702
5192
3406
1409
1290
1306
6271
3943
1642
5102
615
2763
8689
257
9540
7750
5465
9652
3622
8480
9950
7973
3410
7260
3771
9424
3690
2454
7714
9272
5961
1273
82
1818
2670
3738
4086
1533
2525
1786
7166
5851
2268
7233
3251
6980
229
6537
9210
2267
2545
9088
8868
9423
5568
8012
2642
2515
2045
929
4449
9328
2977
9324
4879
634
9909
5024
863
8785
7315
737
1796
8895
2462
849
5906
8840
7161
6859
441
1033
8846
3898
8724
2017
4933
3076
6049
6957
9656
8393
8629
9735
682
1040
6721
8405
3447
7545
8286
8988
5546
2775
5287
7102
6881
1916
2865
9305
9446
4785
8124
2380
7333
2489
4
8234
5078
9638
2923
3361
6980
6170
558
8227
3991
2878
3307
6283
6134
1445
9121
58
1953
2680
9046
7065
4284
3691
9225
1942
7006
2168
794
938
7389
9949
1880
9867
4322
4732
8837
4376
4032
4422
5140
7879
2070
6456
1103
2633
8969
9179
48
892
8185
5125
1291
9061
4206
3276
6014
7433
336
3223
2878
9624
7304
6339
9681
7665
6729
1324
7224
5052
8791
1006
4276
5932
9514
2616
6347
7925
4570
1491
2533
5732
6567
8199
9603
6038
5705
6525
4905
