2489
6592
228
1897
1076
317
5011
508
7836
916
4973
7010
509
7389
1964
8370
6648
6458
4205
1945
1409
4384
6857
829
1831
9265
4124
9274
9558
9906
9780
1635
2286
2204
4356
6553
4889
8669
6925
36
6926
3713
9253
1897
274
2774
5743
9508
4566
9370
7249
9319
3176
2281
300
5927
2157
9932
3578
181
656
8115
9731
5517
3372
5257
6678
9793
7520
3063
634
1955
7567
832
2528
6531
6882
4476
7299
1804
6503
6971
2344
6177
5379
911
1676
2727
7168
4642
8786
4980
6845
5278
3216
9086
7305
5188
6843
6215
370
4943
7703
8665
9983
332
6257
9789
7771
2744
9196
2808
7076
5468
6843
3270
8536
7675
4021
9796
6747
813
9880
1618
9665
2073
6555
460
3453
5771
8622
6712
8806
6056
6526
912
814
7437
3338
2816
8228
711
1671
2576
2463
7211
1544
4628
4579
1675
8794
8142
1609
3654
5427
8324
568
6966
3518
2092
5283
785
5895
668
4235
4685
3926
5338
1418
1169
2505
8566
3454
7364
5431
7819
9186
2378
45
6626
1421
6416
5148
9644
7501
5884
6778
89
4746
5251
1089
5477
7374
4908
2744
9596
2047
5150
6360
204
7352
2412
2673
2150
9724
1793
4916
1574
256
2120
9751
7053
9514
7706
2781
8568
7849
2600
9596
5395
7558
3453
9881
2253
4950
5625
6703
8834
1098
711
2958
551
6351
6491
7129
8372
1348
6641
6558
8786
8630
360
4715
1168
2594
1398
5131
9430
6511
668
481
7346
8414
609
6354
4776
1693
5252
7952
6208
5593
1706
665
2612
6999
1765
8067
919
7160
8966
2997
6996
3909
56
7447
6119
2578
5043
9966
9455
9588
9540
6749
112
6348
2259
5174
9112
6945
3857
9568
6236
8893
4465
4651
332
5970
1035
9177
6083
1972
4702
7369
6430
3589
4840
7014
4963
3839
8
6095
2308
6528
3906
308
810
610
802
6414
6258
9489
6465
781
293
8742
6203
1398
9948
4243
697
2406
8087
1517
5165
3437
3916
3583
7641
900
5903
4245
4954
4506
1099
7797
6065
8336
1306
1830
2188
7918
7754
8159
8383
5497
2023
6505
8599
1732
8140
5438
7363
7098
9171
603
9106
6639
6086
5878
7475
2154
264
2711
3741
828
8430
1013
5785
305
4739
5389
7538
5994
2940
9559
3406
8092
4911
8635
6649
4266
4131
2764
692
3526
2246
3833
8834
8864
6258
5410
5475
1393
8614
9770
688
8793
1393
6793
9557
9362
5033
1362
8068
4707
1104
2516
1200
9295
4162
912
4598
66
1178
6557
2158
6213
3397
1248
6318
4609
6752
7547
1754
7571
5895
2549
9290
7304
8322
3792
9996
5570
2466
6573
215
2008
2553
7441
4527
4762
742
4196
6671
7967
3031
4111
3001
4647
6640
2298
7204
9271
6568
377
7860
921
9928
5043
6149
8493
4459
1638
3227
5646
7121
2518
1086
7987
642
1387
7339
356
6794
7004
948
8360
9656
8476
6289
7620
6252
3137
3417
3028
3476
8746
577
8283
460
7060
5057
1667
9572
6568
4646
8079
7841
1646
7248
5626
2111
5117
9425
4475
2542
5984
5288
41
914
2635
6015
7000
1570
3477
8546
4797
4939
6572
6633
9674
459
6206
8570
2783
5104
7788
8688
9981
3456
1094
4818
7981
4680
4015
5368
7344
3128
5494
273
5390
4387
8992
6218
5955
4797
745
4435
1485
7173
3585
2258
8858
5380
7122
7947
1289
2118
6700
1371
762
5483
5818
8949
3307
783
3020
3639
47
138
2450
7261
5413
7869
7210
3285
8194
562
8406
7298
5665
1048
425
1423
1660
8208
1708
4840
5017
3937
1645
4671
4317
8930
3400
5585
9416
474
131
2284
36
2814
8278
6746
2873
5510
8074
375
3634
819
788
8845
9847
3933
5524
8319
6994
3012
7488
1926
5596
3003
7063
3425
4021
3804
5637
3035
4999
4518
2002
5707
2268
4342
8709
2162
8935
2228
7114
764
9008
493
6742
6474
1195
5850
3992
4866
5743
6904
8537
4316
3555
7943
5104
3169
6360
124
280
6592
6475
4586
7334
506
8017
1659
5604
4402
4920
6545
1813
5446
3397
4243
7193
1041
4595
6741
4956
745
3275
6647
1244
8052
8165
167
7107
2262
4340
5436
6694
8494
5141
9117
9131
1217
7708
1887
3996
803
9636
7295
3634
2503
5046
1420
8372
9479
7026
2587
2365
5872
1760
6440
4376
5379
2295
558
1109
9085
7497
2259
5525
5688
3995
4747
1667
867
8414
6883
4080
4346
1628
4522
2309
7682
1524
484
5864
7783
4669
5145
7243
1117
3400
8701
1218
1094
5216
78
6439
585
7455
9909
8775
7129
6325
9498
4727
36
8260
877
90
2534
7763
4751
7410
6011
445
690
5335
5597
3417
5371
6727
4656
9513
2438
5853
145
2554
6138
6972
4239
2241
1453
3739
7871
9142
6375
2291
5169
2364
6602
1500
3828
7477
3795
9760
5451
2720
8482
769
826
4449
6970
1469
4111
959
5948
453
2273
8924
6390
6018
6658
4661
3689
2185
4254
6215
4828
7234
9543
9619
4555
1076
6405
5561
7720
7943
2098
8172
5666
2377
8124
4656
6228
7004
3572
5191
4372
8598
4693
2736
9067
9099
7602
2487
3651
5809
5331
4880
3097
1262
2957
478
6616
4751
9177
7522
8716
6041
2562
5886
6752
568
5467
4386
5211
1349
2894
6597
7241
127
3806
2146
1113
7283
6886
9909
5605
4937
6650
5070
8591
8312
613
7531
3221
906
7745
9406
1780
9193
1919
4584
9262
377
8907
3731
5412
7168
3725
2861
1107
2679
9979
3935
6077
61
1544
8015
3693
8278
8893
5572
4612
6141
5369
8121
2322
8626
6299
5463
492
6556
2862
2778
5127
3878
5286
848
1355
391
599
9653
8242
726
5099
5910
1152
8057
6743
354
7318
8759
9157
2869
8469
4427
9828
3265
7678
5979
5809
5445
5315
2210
7282
7663
1945
5927
2429
9713
3843
8121
4349
2307
2924
4602
8250
3031
7770
2577
9588
8939
9424
3167
2640
6414
7111
4834
1879
5560
9615
3880
7772
280
4762
1750
3536
2926
1197
848
8083
3923
813
8785
1191
2628
9728
2737
1375
9509
8488
4469
7956
6244
3998
9949
7360
4608
5839
1217
3976
32
5470
5899
5121
6168
2128
1467
7632
3496
7442
5218
4746
7918
6149
7338
5976
3251
1532
1029
9136
4986
1312
6938
6975
4341
1306
1034
6682
7445
2408
372
2097
4721
1660
1911
154
5787
1182
695
1101
4417
7676
3962
3351
6116
3444
9067
5696
3314
169
6160
5565
8783
2847
1672
233
7019
7331
1158
3648
993
3116
7351
8558
7276
5880
4837
6909
7716
6761
9300
4583
3795
3316
782
118
251
3815
558
3780
3966
8695
1168
9857
8678
6647
9497
8770
1687
8227
1212
3560
8695
9484
8721
2009
1240
3857
2090
9718
5273
3352
3097
5912
1566
6212
6019
5443
4210
8044
6847
8106
3566
6235
671
3738
8598
721
7726
4961
4382
9539
8628
9335
4424
3689
899
9549
4971
778
3762
2434
3313
72
5804
4144
5928
6065
3991
1923
3752
736
2844
5085
5333
5285
7736
3151
4258
5345
2426
3450
9375
4235
358
9318
1410
3770
1630
6946
2598
1407
7541
7615
5981
9257
9179
8129
7687
7367
4680
3816
864
3607
710
3327
679
9615
6492
2026
4269
3263
1349
2149
1234
1537
9715
3944
4925
3937
3545
1884
2524
477
7212
8115
463
4344
1426
2353
5979
7078
9048
5717
5281
8649
5957
9321
2980
7621
7902
7147
7834
8587
8292
2102
3763
226
2770
4259
1428
8002
39
4401
9891
1667
3354
9536
1015
9080
7945
7762
5808
2725
2305
1867
7451
954
9194
383
9518
6622
4588
5486
753
4250
9429
1313
579
3169
7479
3202
5490
1304
6891
8306
5217
4414
7883
3723
6494
2599
50
8326
7820
40
8591
5334
6411
5475
6043
2170
1409
5468
392
2027
1252
8413
7728
4232
5197
7325
2280
3225
5900
9619
4193
9254
4858
6669
4744
5067
1832
6669
9632
1126
1736
5154
2251
4483
3634
8636
7427
6367
2195
4628
1962
2181
706
4936
2434
1484
6171
37
5368
989
4114
5970
7282
8018
6324
7101
9865
3136
8769
5093
3573
9341
3630
881
2905
8558
1539
9403
5546
116
1241
480
5968
550
5520
5031
4217
2621
8579
8109
5835
7495
916
8551
7891
7235
461
9799
6453
9104
6866
1638
8966
570
2855
9217
4162
6293
3876
7006
2704
4211
2625
2648
7186
8790
8427
6419
2700
2374
1709
9137
4579
931
9060
972
9447
8241
478
4375
4591
5638
9196
4244
4721
5797
7578
6670
4586
8182
3264
4224
7800
2296
2462
7796
2141
7892
3855
9152
3063
9095
8846
8849
7110
8601
2388
9016
551
6173
6545
8120
9584
8553
1587
1739
5089
9586
8460
863
7006
8692
8394
2765
1748
6290
1258
3848
4526
6482
9716
8119
3121
8909
9210
2705
128
5419
6090
9290
6449
1138
6345
5623
9658
2653
1682
3125
7894
6955
4881
6406
2314
1413
5789
9680
2990
6973
1541
5542
9674
3648
2711
9391
5579
7717
3839
7315
374
1065
4182
4374
3092
2141
4000
7907
1395
5732
9901
4961
8117
9081
9749
9236
521
5386
6415
7136
9126
6925
3466
9107
5523
6948
4121
6746
9937
5875
8387
8593
6731
6362
8037
9460
613
3041
7927
4205
2011
7296
5362
4505
3366
80
2406
8200
9578
2676
9464
6420
1866
4013
4802
3470
8383
3884
7622
2998
5359
1812
6748
1875
6301
2146
819
1798
8086
6970
842
6716
9673
4077
300
3516
2023
4648
7282
4213
2968
3756
7491
6595
273
3990
6678
14
2646
7122
7966
9738
6486
6918
9833
8302
723
3133
8802
9877
4786
1508
2852
8805
1643
7167
7473
6064
1779
8454
3762
9372
2987
4225
7964
1792
603
1557
3558
7966
2763
3026
1083
4932
2344
4345
3526
6300
4299
7657
5068
7358
7197
80
4283
5021
6785
8542
5084
857
6954
4669
498
296
1131
2114
7438
8135
7466
3374
4832
4885
4757
3230
88
7930
2143
8275
2876
4235
5433
2923
3209
6281
9706
7329
8992
8123
6729
3769
5743
3366
7605
1610
8804
3304
9234
7142
1493
6506
5727
9314
8595
3048
6725
8399
3132
896
7741
994
1072
7626
6315
7927
8697
9289
8514
3795
7354
4130
3098
5031
8297
2153
1683
8591
4012
4324
6600
7779
4335
2052
4555
6414
2602
5540
7970
9752
6155
6980
1570
6357
2311
2272
9523
295
5922
7800
4017
294
1134
4436
4255
6262
4153
1947
3869
992
7964
3119
9671
9635
1040
1521
2779
9796
9869
4631
8390
8500
4904
8076
1493
9645
6197
3754
9007
982
6377
306
6633
9383
7848
5403
6145
1320
1443
6191
8489
4626
3254
9696
1755
4748
5531
1338
3527
4152
9183
7716
9046
5784
8614
203
4101
6447
7605
8311
5122
5612
5345
3968
9821
8143
9006
9954
4830
7475
7721
1216
4683
6878
4837
6042
8028
7392
8212
1986
2730
367
2038
2218
9271
8312
5995
7774
8053
7442
2725
9472
4031
7909
524
2930
1935
4036
1102
3335
1186
551
2148
3560
1279
1536
9313
5366
9028
9824
8224
217
5728
4623
3084
664
912
1500
735
521
7748
2664
9904
466
8757
3889
9529
3236
5417
6038
5696
9663
2821
7986
786
8019
4828
4252
882
4367
5513
5370
2105
2516
2683
4782
6080
404
2899
5349
4529
5478
570
2683
8790
4376
1430
9220
9179
7764
3742
1646
8985
8654
815
6867
3222
9788
7632
6019
7380
9449
7602
8552
5661
5450
4548
1600
8551
7295
7442
1560
5174
4289
3446
7773
7584
4910
3491
1314
7007
2085
7871
6972
2678
694
7738
5622
1213
9342
1639
1302
947
2972
3438
4047
9850
6621
718
9909
8548
6925
4603
9161
1716
4209
2198
9811
1836
2043
4637
6865
8322
727
661
3911
4470
7932
2575
7774
3518
3724
186
2200
992
841
8502
165
5742
2501
1819
7354
3167
2712
5349
3844
9856
4615
6962
768
1184
6636
1029
3592
9283
7267
2995
5752
8131
9174
3889
2277
9703
76
2652
259
9094
3374
3322
4466
8742
3444
4127
7951
5312
7185
4247
3435
162
9566
5756
5673
6350
6258
513
3424
129
325
3236
9050
4513
338
1830
2778
4354
502
3008
2735
7860
5353
4518
7265
5483
4376
5280
8421
5125
5113
1754
4181
1268
1176
758
3867
8956
1533
5250
4834
2031
6569
6280
6605
8946
8837
8873
3055
7372
9093
8754
7851
5834
365
2332
458
4002
153
4846
5762
7982
6545
3482
9367
825
301
7906
8160
2495
7774
7732
2681
7859
1146
3062
2678
3941
903
1803
3004
8934
9524
1880
3644
7104
9086
9696
3485
1588
9995
2818
5719
7721
4081
5560
768
5979
1702
1712
5427
6411
6520
4921
3810
3349
5033
6011
8241
5656
7313
1407
3951
9524
8279
6197
8704
9824
3822
9998
3111
4749
3050
9188
5961
1964
9406
8630
4111
842
7748
7327
7284
4410
7570
7361
5763
2500
3832
4553
7163
3378
9068
2526
2362
4203
5548
7015
207
4714
1278
9898
555
9257
5456
7017
4915
2911
6736
3651
1026
4581
4831
7575
6548
8722
2230
2072
4289
9257
5915
7055
7830
9722
5842
8384
9959
4602
1606
5246
728
6849
153
4609
6866
9314
4047
5550
8648
5970
9598
3652
4800
9604
149
9920
5190
1641
2041
15
980
4516
1144
608
4468
605
9119
7793
9094
1537
7423
194
511
2022
3675
896
349
6855
1291
1662
8806
2943
7749
2986
4034
8571
3279
1732
9628
8270
4038
7533
8454
1
8641
6739
4063
5115
1847
360
9529
2830
660
8989
424
5880
6585
1115
678
1107
2679
8326
5059
3602
9992
9070
3814
9583
3715
3129
8588
8655
8079
48
648
9135
483
4194
8640
8989
4141
878
7902
3777
1514
544
5621
5655
6457
6541
9340
8847
2653
9043
2462
1718
5074
92
9201
2370
7497
6980
2661
2930
291
5661
4078
208
5046
2501
9855
5630
8690
9277
6533
5873
3173
199
2843
9935
4044
8186
1658
4683
2306
1967
9622
9604
9945
8819
9705
2451
10000
4436
5178
4411
4116
9798
8980
3408
9048
5749
1517
828
1577
1951
5311
3803
6211
1764
8827
2421
3764
8923
5493
5738
9773
1804
4379
4431
4864
3753
5454
978
940
5829
2445
4211
6750
4136
7505
2765
7260
8447
7515
8539
7302
2049
6445
543
2795
8015
9882
8454
6980
8760
775
5725
8820
8613
5560
9987
1083
5704
849
2064
7532
3729
2968
547
8298
9632
7840
7489
1899
7639
3997
3474
7812
4457
3268
3647
7660
4564
7103
2017
6593
4089
1764
855
8455
1383
7219
5458
6197
351
9376
6587
2049
3922
8511
2136
2908
2765
9673
5982
2656
2248
7892
3002
2031
1606
1259
1407
3596
4065
2180
801
6474
6740
1725
5001
7274
7113
1716
1219
3151
8009
5845
9227
2943
8930
7523
7436
5746
1370
9255
7343
9066
2943
3319
7254
5615
3896
5580
5279
9869
4649
3713
4767
8203
1913
4617
796
8096
6047
8972
4868
6677
1560
7056
5040
8757
4459
8445
6332
6367
3108
3979
7799
4993
3752
6819
3163
1966
129
7903
7718
5508
7496
5212
3467
9004
1289
1181
8434
5125
4595
2099
9670
8132
1638
2524
1923
2955
5569
1194
3705
6916
808
8303
7076
6035
522
9091
1080
8362
5406
6606
6866
3583
9289
4226
1756
7974
1056
3228
5305
8191
6693
5433
6336
8163
298
448
6997
5404
6331
5557
5359
9164
15
5796
3814
7434
1250
7778
9776
6727
38
1526
887
4592
5960
4559
5963
8080
3432
1506
4066
7827
281
3145
4649
2869
7129
9339
4112
1949
7395
1755
8249
6311
269
5580
3793
8906
1782
390
7942
6729
842
89
9351
4179
417
4993
835
6624
7511
1663
1276
6987
1328
2921
4574
9109
4763
1840
8302
3196
5243
4435
2335
6448
9432
8515
5654
8098
129
2139
5696
9243
9735
4750
7577
6303
1981
1347
3325
741
6452
4420
2971
2115
2520
5756
8637
7993
1784
7298
4145
8691
3127
7958
744
2607
5589
5858
1727
9100
746
3262
3556
5453
4569
3084
9696
435
571
7352
8511
8548
5449
4134
8818
1888
2468
8965
4338
3665
4669
5355
1450
7305
6888
6947
1088
2390
1823
6828
6264
9222
9647
7242
9924
2205
7147
9398
5763
3779
1346
1087
9325
6402
8281
9978
6052
6110
5307
3410
1294
317
6943
5324
9932
6350
5846
3018
7503
5384
6837
6332
6145
7942
3951
7604
9470
54
7602
4456
7882
5831
790
1274
4789
6165
701
8699
9935
1945
2539
7626
2626
355
3212
5078
1899
5112
5901
9113
7510
5629
5163
31
3257
1702
231
2650
6130
5070
721
4738
9822
3374
7824
3305
1078
5786
4403
1587
1115
7081
2839
5858
7934
5793
4056
7475
2603
7482
9949
231
7870
5905
935
7032
9705
4363
7761
8460
3371
5180
2706
1920
5954
7446
1865
8571
7530
1021
4045
7622
6703
2038
6936
7746
2531
4869
203
1544
8570
9712
7067
3087
9859
5895
5897
5819
1598
7952
1961
4786
44
8280
1762
8143
99
8275
1109
980
778
3246
7001
5134
2381
5750
4374
63
9040
6150
2858
8390
482
5713
7596
2525
6867
1479
8026
7822
8425
4833
6181
3903
3913
8494
8415
4397
936
2549
229
2640
9548
6688
5645
7588
1522
6903
8334
9447
6429
2336
8637
2902
4238
7834
3066
6954
3046
2340
3666
5861
3491
7908
6390
8340
3103
2800
5164
5331
6253
3399
4506
3978
2181
4996
301
134
9981
6869
600
4018
8680
59
1789
3941
1655
8736
7776
9000
813
2241
4866
6497
5789
1496
7468
1075
3817
888
9814
7929
7467
8642
4084
2869
7736
8565
7009
4443
9216
4504
1709
2869
6864
5052
510
6984
5307
6617
9527
7607
9768
1128
3910
2839
9665
3817
3148
6107
4049
5868
4034
1713
2291
5355
918
7783
5098
1437
7082
8568
4556
2290
8815
7542
6274
8456
7713
121
5502
7422
2196
1115
7552
5138
8721
6411
7034
9320
5421
6912
4998
2935
8734
4785
2008
3047
5532
6547
2051
1261
8908
1483
592
7075
5619
3035
5801
5767
2781
8197
9912
8433
8297
1118
5109
8373
4564
2736
5377
2943
1040
8739
3391
6648
4918
7888
323
7323
7058
1399
7781
9615
8799
1950
513
3519
7657
2887
8916
6624
5797
9526
4563
7878
9542
2706
3254
4344
8290
7767
8285
3310
1458
9166
9179
8133
6941
8220
4962
3226
1687
8162
2921
6056
4970
6475
5588
7145
9241
9091
3132
6301
497
4964
3019
3994
4153
1997
4043
7402
68
628
7071
8993
8124
7983
2037
4748
2472
2694
1436
9633
890
3237
1675
2611
4640
3405
8057
7883
2214
3673
4155
2719
3581
1948
3885
555
4104
2004
8250
4357
2253
6960
9537
3968
6487
3380
8079
9414
3687
1007
223
5018
6622
5052
4228
8424
3189
8321
6592
5239
2428
4548
1067
7008
4866
7230
7279
4846
4926
5160
9121
603
3630
2927
9531
7148
4073
9920
40
7122
1985
9702
5319
1651
3591
1176
8383
8908
8465
4788
1321
318
8192
9691
6308
6482
9276
7411
8282
2657
9582
5802
8473
3323
9463
566
1563
4879
283
2990
8043
9287
3747
2809
3480
3503
6829
67
9657
2183
9177
2438
6111
5568
6156
9151
6753
4317
4989
3110
355
4146
4049
8732
1962
6470
2130
4586
8423
4179
8273
9341
9645
8280
6267
7598
6706
4777
8212
8242
2962
1056
1806
3314
5348
1295
7102
7060
2167
672
3838
8376
174
5550
1220
1217
3521
3937
7098
9177
2800
6672
6630
7547
2136
8547
9055
6324
3178
869
8464
693
9690
5223
4954
2056
9934
7588
8
7151
3843
8854
8650
9351
9729
4584
9578
4355
9633
6590
2231
5065
9065
3670
1474
9399
2196
9428
9557
9579
2987
4204
6641
1920
5904
4788
8535
2239
3150
2806
3743
6243
9502
8478
358
46
6679
3768
4464
3391
4747
8506
1885
1438
9228
7848
9842
7394
9619
3519
8713
421
2537
7283
5705
3840
4635
9204
7670
1075
9298
3044
5829
9936
6313
4290
9376
3649
3832
935
3466
5379
1545
8714
1445
2163
593
6318
5480
555
7006
5690
88
7720
5151
953
9329
4108
7987
5255
9150
9625
5717
9649
955
1982
5041
2520
1277
6969
867
8320
3702
9687
9279
6369
7979
4896
2004
3253
2375
1772
8745
9354
2410
3190
2161
2970
3628
2077
1053
6318
8626
4416
7765
2013
6665
9938
8562
3173
3383
3253
5991
736
850
9513
8681
460
8765
9463
7999
7045
5135
8459
4190
3952
1787
7337
1729
4732
4056
4567
6266
3280
8589
2338
6821
323
2345
9228
1778
1303
2373
5895
609
7980
5276
3708
6293
9398
2262
2004
4369
8633
9174
3573
9335
2445
9740
687
1479
4856
5530
9289
9923
3173
3464
9114
4053
9237
4058
3043
5027
4994
8638
9759
3165
1553
978
2837
4194
6463
4261
9559
6418
1079
5719
9973
8997
9465
4617
2357
5694
8355
673
2146
5672
5885
9403
796
6604
865
2910
2198
6664
9575
8523
5644
6380
3634
4573
1373
7437
287
7661
7089
608
4830
8981
817
1499
6763
8477
6337
4708
2042
5888
3467
5697
8802
887
4791
4623
9327
4217
8504
9027
1068
1094
41
3292
3656
17
5179
9651
2577
2265
9336
22
4144
141
9526
6836
3321
53
8136
1148
6256
8615
4968
3852
1178
9166
5099
5947
2648
1567
9778
4852
6529
6920
4185
929
7739
7201
5101
2591
8197
9706
8057
8877
8717
145
407
1504
6933
1800
8605
5926
1361
9545
4867
8385
7985
614
5623
5400
7146
5048
5494
4154
5241
4014
8797
1026
8797
7463
9938
2184
2448
8354
7872
2922
8381
7647
4735
5465
9150
8998
9449
6092
6250
2645
1347
2781
4430
6202
1915
5725
7129
8511
2318
8462
6235
5508
8880
5849
2110
5847
4313
4544
2010
3790
3303
6827
1820
3647
9423
8874
2744
8110
6419
18
6711
9178
2077
7513
3760
5563
6757
7864
638
8770
7617
6497
2419
7334
6023
9352
2397
3359
2731
3787
5438
1769
969
9637
9071
1446
7374
7088
8705
1982
1141
6397
7380
5361
2124
9104
9631
5452
1587
9881
7950
6272
4413
685
5828
724
1649
8139
1211
2646
6783
4078
1033
6576
3523
986
5815
8409
4577
324
6817
1505
545
2851
9303
9590
1109
8807
3035
5925
9952
9045
6951
2609
4644
1386
8398
6297
1751
8906
7917
121
4765
7649
1344
6668
9021
5569
9850
6080
6869
2988
8823
7264
2538
3933
8826
2668
5717
6709
4420
960
891
7502
7085
9611
2846
5637
2554
792
5787
609
4902
712
6905
9170
5347
8667
4580
7511
871
7201
7745
9807
5216
8714
7589
4437
9602
6316
9659
6779
3229
1300
496
7775
5673
7397
5345
6298
1901
5418
7869
540
6533
4123
5163
4544
854
219
6286
6367
2468
4039
6380
4231
8010
4474
7421
2476
3052
5161
4606
1194
6166
4778
1216
6372
5722
7842
2205
6397
9648
8073
3768
8139
8972
873
2685
8825
3864
2239
2973
944
514
1560
8055
3361
2899
6793
786
3648
446
3351
8133
5058
7921
5862
9909
9703
8874
4736
56
3343
6588
2970
4015
4803
5133
568
265
4420
1252
4108
4828
48
2486
9640
1266
6121
1854
9755
5868
5623
1289
6764
5189
1909
4602
4150
6638
4120
8374
7727
9883
29
1341
7009
2030
562
7257
742
9618
8633
3574
563
6131
5268
5845
6016
8060
199
1120
3650
6895
6588
9461
6623
9016
4836
8534
5549
5222
1149
2066
3747
7438
6009
7019
655
8770
751
9937
7661
3413
3943
201
9130
1685
2068
3972
2103
9593
3536
609
4354
840
8955
7544
2926
4393
2818
1437
462
2779
8746
6442
5121
3369
4470
7991
4727
2654
4817
9292
9302
7229
8121
1845
9806
6384
477
4479
416
6964
6796
8010
9564
9591
6271
5276
2230
2636
7997
2053
5726
4019
7903
5222
7638
4688
9249
9618
7280
4214
69
2161
7172
9536
7858
421
9810
494
1725
3756
7712
7553
9973
9117
9355
2679
5489
8650
8220
9116
9122
5638
4438
5694
5973
6985
4333
3902
2564
3508
5608
8988
3897
1263
7500
9575
1159
156
9450
4097
9593
3403
4796
7196
747
6887
4479
6137
5952
6060
8835
7904
1605
1452
7905
1786
4730
1582
5830
7404
7704
4543
7981
7514
9141
8557
5829
9324
6813
2931
2259
6906
6172
3893
3995
2320
8463
2297
7088
3431
5253
2796
330
4047
1034
4751
7776
9825
9918
1757
2548
7011
8089
593
2690
6923
1452
3152
3121
7676
8860
2575
5967
4335
1159
622
9503
604
5104
4613
1765
5511
1187
959
8036
4445
4370
4576
5238
4275
7062
3888
5697
5759
3399
4565
9680
1012
311
6415
9414
3290
283
7969
3064
8016
5333
4257
2661
6902
5174
1018
5687
4087
4976
1414
4215
2223
8243
5222
8052
671
3146
6061
8398
4697
5339
1798
7418
2013
9963
3774
1859
4407
2495
284
9959
7339
6432
461
9107
7084
7796
240
4774
7421
7071
4502
5636
2356
7253
4332
3444
1964
5610
8849
8390
9539
5417
4779
1010
1491
9607
2213
341
4374
9702
8283
7774
5902
3465
8396
2013
6422
7017
7783
2964
5050
3177
7933
9990
8365
5163
4017
3687
5155
9460
5573
2793
142
7808
1002
9989
9967
4058
7192
4029
3398
8565
2408
751
8751
8273
2756
1904
4038
746
5644
7539
6376
4772
8628
1473
7020
5394
8287
1721
4945
1864
8906
3452
2922
7670
6241
1491
2691
8407
4341
3615
212
1884
1665
759
345
1074
9726
3619
9583
4021
1488
7091
7021
5582
9788
7083
8518
1152
1713
675
4878
3586
6873
9157
1159
3364
1513
4469
1407
8949
8858
931
9665
7726
2159
3832
581
8279
1307
383
6820
9654
5489
9438
266
4497
3506
8860
9129
1793
1701
9127
284
9075
5529
4995
3586
8784
2034
1410
560
2362
5702
3414
9388
4152
3029
5640
3573
6564
2846
1443
2813
1080
9518
3564
497
3030
3776
87
1263
7975
7491
3412
3511
5018
6051
9861
3600
3656
1437
2551
3342
8469
8470
2799
8481
9904
1392
982
1974
4857
719
1068
9201
5916
1107
2358
9670
1759
4015
3851
8282
4995
4803
153
1700
6533
8336
4762
395
4164
5310
2315
3461
9370
9220
1612
8962
4566
5522
5715
6081
4248
217
8771
1388
9759
8152
1717
5985
3783
1517
3455
6401
3135
7823
8311
2042
653
977
8823
8510
7118
5476
9150
1209
8109
2044
7901
8623
8350
3199
7411
7215
9054
8861
245
5690
4328
8841
1893
5039
8257
8495
2053
4175
5772
120
9728
5126
7503
7873
1157
3498
2338
9017
9057
40
921
7861
5263
6375
9186
4960
8931
94
1487
6135
2452
4732
5188
3367
4125
2669
4944
8909
4909
9553
8340
7930
6948
7909
9040
5297
1300
5669
7962
4087
346
4500
2689
2287
9104
1278
3074
4960
4051
9320
304
9569
766
6181
8854
232
1724
4068
4831
971
7908
7660
8796
8985
7371
920
2423
2489
2188
5885
8799
9058
3307
1380
2251
4271
2404
1707
1006
4281
6421
2757
6819
2655
3141
3640
5945
4910
5630
512
3395
1050
9643
4936
1112
4033
979
5888
9647
3500
4407
1144
9664
3322
1290
6474
8287
9391
76
7002
9951
1891
1645
3964
6940
7060
4372
4272
7820
7609
68
1290
1632
4693
3402
3853
1894
3573
57
7109
6708
6746
8533
9634
3918
6754
4457
3954
6719
275
602
4405
7001
9082
8231
6484
185
8574
6235
3147
1012
190
8547
886
4593
6184
768
3572
9896
4546
7984
1113
4281
3086
7005
2802
8810
409
6635
2432
3708
1521
1454
2973
6383
8814
8895
4745
6381
4722
362
4800
2136
8759
8232
1120
9113
4935
1959
8422
6295
3327
9521
5389
9076
5296
9261
1330
783
4681
4247
752
8349
172
3707
9068
1175
3732
1664
5837
9622
7550
1376
9492
1487
5068
7115
1458
2549
5586
1725
9561
7752
6710
3680
6905
3072
5866
6250
3209
1521
9808
2073
3725
6989
3567
8184
9194
1997
406
1470
8747
8154
137
9525
5086
8071
617
1367
5075
6051
5170
7216
8115
5261
274
8087
785
9583
1866
5674
6762
9548
6785
8717
7571
8726
4450
5815
5916
8481
9925
5713
5867
1230
8009
720
703
6306
9581
1788
2592
1013
9473
5572
2988
5433
4394
7439
2796
9854
6129
5958
48
3122
237
9842
8274
3707
5456
4183
1859
4635
598
2271
6802
357
6613
4971
4861
9303
33
8081
1982
5723
1958
1540
6442
6805
8550
6513
4301
7706
8486
1997
5050
842
5116
8888
9587
7476
9637
7341
416
2372
9853
610
2540
1348
2503
3876
8629
519
3169
2726
7456
5396
7992
304
9186
5040
2832
955
1236
4576
7002
9410
7849
9490
6035
755
1173
411
1368
615
4810
873
5307
5642
9961
2918
2879
6610
4304
8271
4538
96
207
5153
5392
1271
6490
9388
8666
9640
6103
800
3232
5128
3793
7289
836
3205
1535
7122
9083
9624
4825
469
1951
3676
2619
6288
9746
3739
6779
30
2562
5305
1064
1930
901
5601
3338
1789
2024
9920
8457
8305
1464
1564
3681
5977
6906
7566
3416
2126
11
4590
4154
5082
4086
5709
3631
7325
4948
6905
5978
4392
1185
6991
7579
5111
4278
8134
1860
7663
2191
5384
1932
4453
5286
6634
9241
8943
123
452
6724
6194
5618
6428
5806
7618
2447
8916
4416
216
5719
2132
9627
1413
6167
9576
9561
282
6734
7398
8271
7645
7185
9146
4763
9626
5651
3827
301
160
2556
8984
5840
5795
9053
3600
9263
4538
1536
9774
2288
2193
5880
6254
8636
5755
4099
8686
2980
3691
147
202
8131
547
6817
875
3966
7837
8152
8997
3477
3942
1891
6844
1097
9896
6305
1465
1548
3280
8264
5643
8707
9978
4653
7049
892
8463
1840
7767
6544
4395
7780
5018
7984
8759
2790
7564
7210
4978
2008
9733
1217
3535
8630
8523
5223
9530
3463
2512
315
6096
9803
2316
6350
5585
7765
483
9211
5766
460
3853
7482
943
7757
709
6081
8959
2965
6435
7847
3177
2103
1926
3832
3003
8584
7137
3401
6646
8838
2118
8043
6058
1599
1411
763
9291
4902
4645
937
3974
1988
375
2005
4755
570
6427
8632
187
380
8762
7970
5040
4958
3146
4440
8554
857
966
5723
9722
1957
2080
6678
7890
4738
8130
5586
4051
4866
9286
5166
4759
5085
8839
7221
7798
3406
1088
1891
2052
5981
4465
1308
4087
2766
6622
1825
1886
8795
2697
1438
4800
3178
1325
5562
4070
8650
2540
6201
4757
877
227
4253
7603
1047
1919
8012
4927
1791
7893
1256
4209
7354
4921
9585
2347
8480
8899
6226
1411
5012
9552
6825
1549
3576
6762
396
6616
9460
1402
8756
963
3862
5820
1774
3038
3234
4740
4845
4587
880
831
9401
4875
9160
9617
4092
4015
2000
7970
3029
8868
7904
2225
3343
6394
9780
9418
8937
3537
9181
7969
7544
6914
4702
3810
7831
6780
6259
9768
6093
1542
5769
1259
3494
3069
5221
1934
2518
4796
5164
2510
4031
8241
633
5873
8982
950
6391
9096
9325
7179
2411
4902
9864
2019
7517
7822
2530
1216
4847
3928
9417
639
4876
7046
5195
313
697
9180
4287
7510
2089
362
4136
9241
4885
4404
4553
3466
3194
7386
9962
3281
3657
103
7967
5843
6111
8661
3733
8342
2497
2295
4964
289
3152
6583
7513
5589
6612
8868
5161
5873
9458
4714
2393
6425
9413
5352
3789
4484
5939
9956
6363
6381
1294
6188
3368
7223
9599
7124
3214
2350
2510
626
8938
5315
7673
3300
7653
9621
1135
2034
1163
2433
5184
2690
440
9477
7999
9927
3770
4889
9044
3962
3704
1080
1890
75
9435
4695
5213
9522
4823
9995
3060
8071
2515
4077
6794
5267
2068
8682
3793
6341
1884
8413
8723
5867
7600
4740
5883
2099
932
3
6107
8021
8041
406
8777
3070
1684
7396
3078
1932
755
2377
5140
3944
2537
2133
7500
5245
1540
254
4509
2436
9006
122
2113
5514
8833
1572
7215
6537
1335
749
1265
1052
9895
5876
5544
4542
2366
93
7290
1123
1296
1770
204
6846
8683
3514
1078
31
7290
2538
4028
5089
5605
4637
3067
6356
393
7419
4198
7150
687
2233
9919
2847
6136
1781
3520
7319
7452
4945
7803
7805
4967
7315
1171
5081
909
813
413
4581
7959
1070
614
306
5975
7622
8968
753
1678
9673
8364
2456
4961
6849
758
7842
8179
144
2962
5244
2555
7806
5258
2269
4807
6581
9577
3685
4243
6281
694
5253
2139
9109
1207
7001
410
4168
6000
2805
8778
6214
6105
4460
728
2625
3054
5959
3325
2052
2809
5114
4401
6585
2858
2054
6414
5322
2513
4598
1780
2528
4964
3297
5795
2355
3991
8506
5370
7558
8407
3595
7416
5945
5728
7663
7188
2919
8131
7307
7948
3965
4496
7766
3028
7831
8045
4645
6766
5468
9986
8039
8689
7776
9238
5821
9444
748
3357
9298
6005
7870
7826
1031
7762
9180
814
1605
2619
4335
9363
5025
76
1620
1793
200
618
5421
684
7513
3985
9038
6385
8385
2891
3397
1999
7152
7512
1046
5365
8680
5821
9229
2202
3486
5195
7101
5290
2059
3047
162
8314
6636
6127
3614
9514
7236
3632
9223
4808
4913
7435
7644
8325
8522
5727
6125
5486
7088
4436
2233
15
76
2843
8658
8838
4328
5976
5117
1780
4079
2888
9285
5509
428
370
6506
1140
6697
6464
4156
1837
2528
6213
7992
168
1386
1905
6323
7784
989
520
4755
8940
9052
6849
5646
5684
4960
1549
6243
4424
7727
5028
3599
5658
3691
9865
837
1097
8711
7967
2376
9969
8143
7400
2151
376
6492
4419
3520
8260
659
6782
7871
398
9450
4286
4969
123
7955
2219
9006
7387
9556
8511
3500
4238
388
6359
3724
8522
894
6532
739
5822
1018
1014
5118
1519
234
4854
2897
4549
649
2152
7507
2407
1223
4958
2241
6305
426
7060
6004
2531
2652
5752
5072
6315
3076
3543
1641
5015
632
5009
993
4453
328
1628
1469
9385
7943
3537
950
711
3832
8309
184
7153
777
8026
3740
6164
6318
885
4163
2687
7769
4792
5055
8167
2221
3080
9353
5722
1666
5581
8060
1299
7198
4309
1846
2898
4095
2038
4976
8325
7960
4522
5010
244
7316
7898
5747
779
1794
8666
9956
2821
6120
7261
5379
3452
2854
6771
3168
8231
1743
1930
2360
392
4278
1032
9254
7946
5699
2838
5470
3751
1791
1681
4829
7531
3167
2314
8038
9963
1509
2871
2321
8794
1116
3776
6593
7649
6960
500
7709
3078
4378
7243
8260
9053
1173
3139
6647
5190
3935
2304
7076
6114
8802
3816
1511
6689
111
3787
5504
4122
5726
8374
8382
2119
9077
3687
3353
2396
454
6979
8030
5394
3055
835
6179
8770
9391
3251
3050
4168
6560
7708
6298
2855
766
5417
7971
3677
7008
6060
1825
4977
6193
6480
7388
6946
7154
5639
2686
8993
4151
4918
4275
221
1823
8007
540
5888
6991
2909
7257
564
1038
8566
8499
2619
8915
9642
9615
2405
3486
8490
5248
1889
1689
9702
7126
6263
117
1848
8410
4239
254
1
5001
6698
2254
7497
9320
5242
2777
9576
218
9297
3656
6062
6177
4785
1001
6375
8095
1479
1246
4648
5920
7759
2831
2620
5720
352
8172
2807
3613
3649
7186
3320
5029
5212
514
3765
1264
3777
2027
533
1885
8388
8875
8234
9343
1273
910
7693
899
82
7202
2669
2196
7347
1031
7162
761
2438
5493
580
3616
2252
9159
9720
3784
2292
9330
3054
9666
2721
1583
5228
8392
4535
2467
1613
5123
4173
4440
4915
2704
1194
5390
355
9666
5037
9815
4008
3036
9163
8801
2359
9217
3437
360
6055
996
2703
2280
9507
7036
118
3940
2944
3740
8761
4934
8552
3293
6769
3252
4406
3596
3227
4758
8994
5441
3648
8886
713
5171
5554
8949
904
7307
6890
3940
7767
6380
3926
6299
7554
5832
5300
2425
8807
7702
7684
1752
309
9193
4613
2039
2348
6915
9682
9876
9986
6898
637
5264
3914
8979
8065
7766
9354
1527
3597
7804
7399
4455
6176
5402
5973
9670
1547
3491
7645
6216
8027
7954
2995
912
998
9764
1789
4566
4918
5486
7363
4971
8882
3300
9946
6552
105
8549
8086
883
4462
3716
3714
270
2886
792
7434
8527
626
1962
1430
1162
4867
9274
6846
6820
5980
2411
6122
6471
6059
949
1918
1788
871
4640
812
4482
2115
3925
2712
9520
6537
3277
2989
5389
3130
6854
1632
2960
1530
9505
5178
4650
2872
7809
6567
7676
9551
5150
114
4153
2200
1152
7714
4735
8539
6442
9438
6629
7138
6916
6945
2249
9243
7172
3245
6894
4709
4219
4421
3398
7815
1374
3146
2094
1384
4303
5632
764
951
291
5176
8179
1165
7409
9314
9714
6932
6980
4481
1515
2285
2688
8418
4679
458
6051
9184
3974
4480
7074
6635
912
8737
7543
2006
5378
5580
788
508
3945
9958
1085
772
9831
6900
1559
4658
2805
4189
5642
9323
6406
5763
5729
4540
8049
7246
3982
3126
2155
2227
7253
2711
5407
8689
8865
3149
2663
4225
9012
2455
1744
3579
2576
6977
1868
8375
6630
5525
8117
619
285
2554
2573
5426
6576
3393
8999
2865
8845
3010
734
62
5726
7212
4846
5602
4869
5502
2958
3368
1262
5737
8537
1679
4655
9867
3460
6895
3681
6191
64
6578
1209
6833
1282
2663
8499
4460
582
3047
6824
2866
3032
8872
8796
3528
7000
5771
5799
9051
6976
5661
2119
6678
2659
1532
3945
818
9318
1236
806
7616
5838
8717
4772
3937
2831
3556
8925
4566
2655
2054
9317
2000
6442
8230
4665
1835
2980
2089
6753
5343
7448
1205
4898
8652
4238
4391
284
1069
4392
1700
5668
2294
2953
4621
2765
3315
7163
7529
6277
3579
7474
4780
8052
1496
3301
1342
6350
7139
2654
1206
4206
8830
5078
6586
7839
7659
9273
9877
1160
8327
1894
8296
1599
4331
907
5949
2535
6040
3595
5452
1121
7722
6521
8084
1664
3336
9861
302
8428
549
704
4981
9800
4343
6791
9077
9627
6735
6759
7743
7735
8362
5311
5875
7527
4207
3356
1734
1241
110
3127
3832
8607
4585
1189
1987
980
282
2056
5072
2914
7441
7111
203
757
6430
4884
4123
1007
3531
2675
8339
5940
6127
7814
674
9185
1878
908
4503
2798
5511
9291
8827
5524
3899
6939
7741
8438
3784
8509
6703
9124
5831
4093
3566
3834
3211
2377
8377
415
5927
5393
7141
7859
6913
2960
349
6552
3840
9619
2887
4002
6295
3709
4039
1520
4747
4592
8819
7464
4683
4172
4503
710
6457
6174
7280
4945
6637
7472
9014
403
2105
3276
8984
5761
42
9377
1363
7898
804
1676
8515
8547
2527
9237
6318
9255
6393
3140
9873
9727
1898
4367
3473
7391
5697
6210
398
2024
477
2242
6838
2696
8479
1469
5479
6345
1383
456
3601
4524
5142
6144
5143
2057
516
6369
9966
7093
9014
1228
4588
1122
4287
573
284
3174
2804
5624
4343
4903
4435
1752
2182
7620
7422
2511
2937
4591
1278
2124
1033
4379
4948
4084
8656
6250
2426
9375
6720
8192
8
8411
7500
2583
2662
7170
4031
6982
2078
4413
7124
5286
812
403
5292
