1000 106.41026496887207
1100 116.82605743408203
1200 137.91203498840332
1300 175.10390281677246
1400 208.0252170562744
1500 229.41899299621582
1600 543.4811115264893
1700 581.0949802398682
1800 672.8198528289795
1900 383.67414474487305
2000 387.77804374694824
2100 421.12016677856445
2200 471.27485275268555
2300 522.2439765930176
2400 574.3458271026611
2500 627.7539730072021
2600 720.6058502197266
2700 719.8812961578369
2800 786.872148513794
2900 841.9702053070068
3000 897.737979888916
3100 1106.396198272705
3200 1054.6238422393799
3300 2023.6210823059082
3400 1273.406982421875
3500 1319.9739456176758
3600 2126.5881061553955
3700 1417.3729419708252
3800 1500.0340938568115
3900 1678.3969402313232
4000 1699.1848945617676
4100 1746.5720176696777
4200 1806.8602085113525
4300 1844.83003616333
4400 2010.0369453430176
4500 2129.0130615234375
4600 2319.5130825042725
4700 2297.213315963745
4800 2370.347023010254
4900 2530.8291912078857
5000 3288.9719009399414
5100 3192.7738189697266
5200 3051.0168075561523
5300 3581.3608169555664
5400 3984.127998352051
5500 3495.098829269409
5600 3547.4700927734375
5700 3779.9010276794434
5800 3942.9361820220947
5900 4120.7990646362305
6000 4500.924110412598
6100 4440.834045410156
6200 4547.430753707886
6300 4678.790807723999
6400 4874.168157577515
6500 4971.369981765747
6600 5171.077251434326
6700 5425.887823104858
6800 5655.7776927948
6900 5852.403879165649
7000 6184.403896331787
7100 6031.705141067505
7200 6213.3800983428955
7300 6168.306350708008
7400 6464.791059494019
7500 6486.831188201904
7600 6697.8490352630615
7700 6801.628112792969
7800 6948.5979080200195
7900 7134.260892868042
8000 7409.2700481414795
8100 7518.096208572388
8200 7640.960693359375
8300 8263.355016708374
8400 8711.169958114624
8500 8167.708158493042
8600 8510.459184646606
8700 9822.028160095215
8800 9049.577951431274
8900 9029.897928237915
9000 9232.779026031494
9100 9358.53099822998
9200 13135.597705841064
9300 12872.699975967407
9400 12103.643894195557
9500 13390.76018333435
9600 12442.110300064087
9700 14688.041925430298
9800 16533.398866653442
9900 11325.20079612732
10000 14027.367115020752
