N  Algoritmo 1
0 0.00095367431640625
1 0.0011920928955078125
2 0.00095367431640625
3 0.0007152557373046875
4 0.0021457672119140625
5 0.0019073486328125
6 0.003814697265625
7 0.0059604644775390625
8 0.008821487426757812
9 0.015974044799804688
10 0.0247955322265625
11 0.04100799560546875
12 0.06508827209472656
13 0.09703636169433594
14 0.15592575073242188
15 0.2510547637939453
16 0.4050731658935547
17 0.6561279296875
18 1.0612010955810547
19 1.772165298461914
20 2.7892589569091797
21 4.831075668334961
22 8.098125457763672
23 12.287139892578125
24 19.310712814331055
25 32.120704650878906
26 53.68185043334961
27 81.97402954101562
28 132.42387771606445
29 215.73591232299805
30 349.2262363433838
31 572.9489326477051
32 920.0360774993896
33 1501.36399269104
34 3538.198232650757
35 5683.112144470215
36 10152.067184448242
37 13472.851037979126
38 20222.85795211792
39 34453.30095291138
40 49960.379123687744
41 74998.67582321167
42 115983.18696022034
43 224246.32287025452
44 313208.62579345703
